      0.0844686,       1.1434403,       0.2018400,
  -4000.0000000,  -12000.0000000,
      0.1078229,       1.1543877,       0.2015157,
  -4000.0000000,  -12000.0000000,
      0.1355561,       1.1616859,       0.2018400,
  -4000.0000000,  -12000.0000000,
      0.1362859,       1.1565771,       0.2015157,
  -4000.0000000,  -12000.0000000,
      0.1129316,       1.1434403,       0.2018400,
  -4000.0000000,  -12000.5000000,
      0.1063632,       1.1638754,       0.2024888,
  -4000.0000000,  -12003.0000000,
      0.0946861,       1.1463596,       0.2024888,
  -4000.0000000,  -12009.5000000,
      0.1815349,       1.1573070,       0.2015157,
  -4000.0000000,  -12019.5000000,
      0.1049036,       1.1689841,       0.2018400,
  -4000.0000000,  -12027.5000000,
      0.0618441,       1.1573070,       0.2015157,
  -4000.0000000,  -12043.0000000,
      0.1662086,       1.1624157,       0.2021644,
  -4000.0000000,  -12060.0000000,
      0.0720616,       1.1602263,       0.2021644,
  -4000.0000000,  -12074.5000000,
      0.1333667,       1.1470895,       0.2018400,
  -4000.0000000,  -12100.0000000,
      0.0997948,       1.1186264,       0.2018400,
  -4000.0000000,  -12118.5000000,
      0.1195000,       1.1894191,       0.2021644,
  -4000.0000000,  -12150.5000000,
      0.1253386,       1.1361421,       0.2021644,
  -4000.0000000,  -12172.0000000,
      0.1180404,       1.1565771,       0.2018400,
  -4000.0000000,  -12210.5000000,
      0.1012545,       1.1609561,       0.2015157,
  -4000.0000000,  -12232.5000000,
      0.0983352,       1.1215457,       0.2011913,
  -4000.0000000,  -12280.0000000,
      0.1122018,       1.1864998,       0.2011913,
  -4000.0000000,  -12310.0000000,
      0.0808195,       1.1441702,       0.2015157,
  -4000.0000000,  -12351.0000000,
      0.0779002,       1.1923384,       0.2008669,
  -4000.0000000,  -12404.0000000,
      0.1034440,       1.1346825,       0.2005426,
  -4000.0000000,  -12437.5000000,
      0.0976054,       1.1573070,       0.1998938,
  -4000.0000000,  -12488.0000000,
      0.1049036,       1.1470895,       0.2002182,
  -4000.0000000,  -12533.0000000,
      0.0932264,       1.1251948,       0.2008669,
  -4000.0000000,  -12601.0000000,
      0.0749809,       1.1536579,       0.2008669,
  -4000.0000000,  -12657.0000000,
      0.1195000,       1.1157071,       0.2002182,
  -4000.0000000,  -12699.0000000,
      0.0910370,       1.1339527,       0.1995695,
  -4000.0000000,  -12780.0000000,
      0.1012545,       1.1186264,       0.2011913,
  -4000.0000000,  -12843.5000000,
      0.0808195,       1.1142475,       0.2024888,
  -4000.0000000,  -12887.5000000,
      0.0779002,       1.1142475,       0.2028131,
  -4000.0000000,  -12978.5000000,
      0.0662230,       1.1171668,       0.2050837,
  -4000.0000000,  -13034.0000000,
      0.0472477,       1.0529424,       0.2073542,
  -4000.0000000,  -13107.0000000,
     -0.0337626,       1.0346969,       0.2131928,
  -4000.0000000,  -13200.0000000,
     -0.0155170,       1.0507529,       0.2180583,
  -4000.0000000,  -13261.0000000,
     -0.0549274,       1.0558617,       0.2248700,
  -4000.0000000,  -13360.0000000,
     -0.1359377,       1.0492933,       0.2310329,
  -4000.0000000,  -13425.0000000,
     -0.1848357,       1.0544021,       0.2368715,
  -4000.0000000,  -13530.0000000,
     -0.2366531,       1.1025703,       0.2446563,
  -4000.0000000,  -13599.0000000,
     -0.2694951,       1.1215457,       0.2501705,
  -4000.0000000,  -13710.0000000,
     -0.2665758,       1.1740929,       0.2530898,
  -4000.0000000,  -13772.5000000,
     -0.3359089,       1.2280997,       0.2537385,
  -4000.0000000,  -13900.0000000,
     -0.3016073,       1.2704294,       0.2511436,
  -4000.0000000,  -13966.0000000,
     -0.2782530,       1.3091099,       0.2466024,
  -4000.0000000,  -14089.0000000,
     -0.2293549,       1.3280853,       0.2420613,
  -4000.0000000,  -14169.5000000,
     -0.1089343,       1.2988924,       0.2346009,
  -4000.0000000,  -14298.5000000,
     -0.0337626,       1.3018117,       0.2294111,
  -4000.0000000,  -14382.5000000,
      0.0983352,       1.2558329,       0.2248700,
  -4000.0000000,  -14530.5000000,
      0.2078085,       1.1573070,       0.2248700,
  -4000.0000000,  -14619.0000000,
      0.3508536,       1.1230053,       0.2284380,
  -4000.0000000,  -14734.5000000,
      0.4668953,       1.0733774,       0.2346009,
  -4000.0000000,  -14839.5000000,
      0.5128741,       1.0609705,       0.2420613,
  -4000.0000000,  -15000.0000000,
      0.6070212,       1.0617003,       0.2504948,
  -4000.0000000,  -15097.0000000,
      0.6077510,       1.1281141,       0.2530898,
  -4000.0000000,  -15222.5000000,
      0.5865861,       1.1383316,       0.2537385,
  -4000.0000000,  -15379.5000000,
      0.5457161,       1.1784718,       0.2521167,
  -4000.0000000,  -15495.5000000,
      0.4938987,       1.2463453,       0.2514679,
  -4000.0000000,  -15637.0000000,
      0.4274849,       1.2740785,       0.2491974,
  -4000.0000000,  -15780.5000000,
      0.3501238,       1.2696996,       0.2440075,
  -4000.0000000,  -15873.5000000,
      0.1997805,       1.2419663,       0.2365471,
  -4000.0000000,  -16061.0000000,
      0.1851840,       1.2310190,       0.2303842,
  -4000.0000000,  -16157.0000000,
      0.0976054,       1.2010963,       0.2277893,
  -4000.0000000,  -16334.5000000,
      0.0538161,       1.1215457,       0.2255187,
  -4000.0000000,  -16491.0000000,
      0.0457880,       1.1492789,       0.2209776,
  -4000.0000000,  -16633.5000000,
      0.0392196,       1.1543877,       0.2255187,
  -4000.0000000,  -16753.0000000,
      0.0341109,       1.1390614,       0.2268162,
  -4000.0000000,  -16960.5000000,
      0.0435985,       1.1646052,       0.2274649,
  -4000.0000000,  -17066.5000000,
     -0.0155170,       1.1733630,       0.2271405,
  -4000.0000000,  -17271.5000000,
      0.0246232,       1.1624157,       0.2274649,
  -4000.0000000,  -17399.0000000,
      0.0217039,       1.1821209,       0.2277893,
  -4000.0000000,  -17564.5000000,
     -0.0206258,       1.1952577,       0.2274649,
  -4000.0000000,  -17742.0000000,
      0.0063776,       1.1930682,       0.2264918,
  -4000.0000000,  -17931.0000000,
      0.0268126,       1.1565771,       0.2251943,
  -4000.0000000,  -18066.5000000,
     -0.0235451,       1.1850402,       0.2261674,
  -4000.0000000,  -18300.5000000,
      0.0253530,       1.1638754,       0.2261674,
  -4000.0000000,  -18420.0000000,
     -0.0242749,       1.1616859,       0.2216263,
  -4000.0000000,  -18640.0000000,
     -0.0198960,       1.1449000,       0.2261674,
  -4000.0000000,  -18823.5000000,
      0.0319214,       1.1609561,       0.2281136,
  -4000.0000000,  -18980.0000000,
     -0.0206258,       1.1726332,       0.2281136,
  -4000.0000000,  -19158.0000000,
     -0.0067592,       1.1646052,       0.2284380,
  -4000.0000000,  -19390.0000000,
     -0.0286538,       1.1762823,       0.2284380,
  -4000.0000000,  -19594.0000000,
      0.0078373,       1.1551175,       0.2287624,
  -4000.0000000,  -19735.5000000,
     -0.0155170,       1.1711736,       0.2277893,
  -4000.0000000,  -19945.5000000,
      0.0019987,       1.1864998,       0.2277893,
  -4000.0000000,  -20157.5000000,
     -0.0096785,       1.1149773,       0.2238969,
  -4000.0000000,  -20382.5000000,
     -0.0286538,       1.1952577,       0.2225994,
  -4000.0000000,  -20588.5000000,
      0.0136758,       1.1660648,       0.2268162,
  -4000.0000000,  -20750.5000000,
     -0.0089486,       1.1667947,       0.2264918,
  -4000.0000000,  -21007.0000000,
     -0.0344924,       1.1667947,       0.2258431,
  -4000.0000000,  -21232.5000000,
      0.0209741,       1.1653350,       0.2248700,
  -4000.0000000,  -21388.5000000,
     -0.0060293,       1.1857700,       0.2232481,
  -4000.0000000,  -21619.0000000,
      0.0005390,       1.1996366,       0.2216263,
  -4000.0000000,  -21839.5000000,
      0.0063776,       1.1945279,       0.2203289,
  -4000.0000000,  -22111.5000000,
     -0.0089486,       1.1923384,       0.2187070,
  -4000.0000000,  -22275.0000000,
      0.0180548,       1.1981770,       0.2161121,
  -4000.0000000,  -22553.0000000,
     -0.0352222,       1.1478193,       0.2128685,
  -4000.0000000,  -22797.0000000,
     -0.0082188,       1.1945279,       0.2115710,
  -4000.0000000,  -22978.5000000,
      0.0012689,       1.1135176,       0.2105979,
  -4000.0000000,  -23200.0000000,
     -0.0388713,       1.1594964,       0.2102735,
  -4000.0000000,  -23435.0000000,
     -0.0556572,       1.1324930,       0.2096248,
  -4000.0000000,  -23735.0000000,
     -0.0439801,       1.1500087,       0.2080030,
  -4000.0000000,  -23905.0000000,
     -0.0140574,       1.1573070,       0.2073542,
  -4000.0000000,  -24192.0000000,
     -0.0337626,       1.1478193,       0.2060568,
  -4000.0000000,  -24389.5000000,
     -0.0396012,       1.1405211,       0.2047593,
  -4000.0000000,  -24624.5000000,
     -0.0746326,       1.1624157,       0.2041106,
  -4000.0000000,  -24897.0000000,
     -0.0600362,       1.1339527,       0.2031375,
  -4000.0000000,  -25146.0000000,
     -0.0636853,       1.1419807,       0.2031375,
  -4000.0000000,  -25381.0000000,
     -0.0556572,       1.1303035,       0.2021644,
  -4000.0000000,  -25565.0000000,
     -0.0403310,       1.0916230,       0.2028131,
  -4000.0000000,  -25837.5000000,
     -0.0724432,       1.1339527,       0.2018400,
  -4000.0000000,  -26073.0000000,
     -0.1067448,       1.1113282,       0.2015157,
  -4000.0000000,  -26257.0000000,
     -0.0702537,       1.1288439,       0.2018400,
  -4000.0000000,  -26557.0000000,
     -0.1330184,       1.1157071,       0.2021644,
  -4000.0000000,  -26792.0000000,
     -0.1264500,       1.1295737,       0.2008669,
  -4000.0000000,  -26987.5000000,
     -0.1490745,       1.1551175,       0.2018400,
  -4000.0000000,  -27247.0000000,
     -0.1965129,       1.1427105,       0.2011913,
  -4000.0000000,  -27496.0000000,
     -0.2001620,       1.1485491,       0.1998938,
  -4000.0000000,  -27717.5000000,
     -0.1848357,       1.1288439,       0.1992451,
  -4000.0000000,  -27901.5000000,
     -0.1519938,       1.1266544,       0.1985964,
  -4000.0000000,  -28188.0000000,
     -0.1928638,       1.1339527,       0.1985964,
  -4000.0000000,  -28437.0000000,
     -0.1899445,       1.1193562,       0.1992451,
  -4000.0000000,  -28607.0000000,
     -0.1614814,       1.1222755,       0.1995695,
  -4000.0000000,  -28893.0000000,
     -0.1928638,       1.1339527,       0.2008669,
  -4000.0000000,  -29077.0000000,
     -0.1425061,       1.1390614,       0.2011913,
  -4000.0000000,  -29377.5000000,
     -0.1519938,       1.1157071,       0.1992451,
  -4000.0000000,  -29547.5000000,
     -0.1731586,       1.1463596,       0.2028131,
  -4000.0000000,  -29847.5000000,
     -0.1454254,       1.1463596,       0.2024888,
  -4000.0000000,  -30083.0000000,
     -0.1344780,       1.1193562,       0.2018400,
  -4000.0000000,  -30253.0000000,
     -0.1505341,       1.1573070,       0.2011913,
  -4000.0000000,  -30553.0000000,
     -0.1322886,       1.1638754,       0.1992451,
  -4000.0000000,  -30749.5000000,
     -0.1935936,       1.1726332,       0.1969746,
  -4000.0000000,  -31022.0000000,
     -0.1468850,       1.1937981,       0.1953527,
  -4000.0000000,  -31243.5000000,
     -0.1001764,       1.1492789,       0.1930822,
  -4000.0000000,  -31427.5000000,
     -0.1607516,       1.1792016,       0.1927578,
  -4000.0000000,  -31676.0000000,
     -0.1709691,       1.1551175,       0.1930822,
  -4000.0000000,  -31898.0000000,
     -0.1782673,       1.1157071,       0.1947040,
  -4000.0000000,  -32184.0000000,
     -0.2235163,       1.1339527,       0.1963258,
  -4000.0000000,  -32382.0000000,
     -0.1804568,       1.1018405,       0.1976233,
  -4000.0000000,  -32654.5000000,
     -0.2505197,       1.1062194,       0.2011913,
  -4000.0000000,  -32889.5000000,
     -0.2330040,       1.1310334,       0.2008669,
  -4000.0000000,  -33138.5000000,
     -0.1943234,       1.1157071,       0.2024888,
  -4000.0000000,  -33308.5000000,
     -0.2038111,       1.1405211,       0.2050837,
  -4000.0000000,  -33595.0000000,
     -0.2330040,       1.1361421,       0.2044350,
  -4000.0000000,  -33844.0000000,
     -0.1534534,       1.1317632,       0.2047593,
  -4000.0000000,  -34027.5000000,
     -0.2081900,       1.1259246,       0.2047593,
  -4000.0000000,  -34300.5000000,
     -0.1870252,       1.1646052,       0.2034619,
  -4000.0000000,  -34549.5000000,
     -0.1965129,       1.1470895,       0.2021644,
  -4000.0000000,  -34733.0000000,
     -0.2176777,       1.1390614,       0.2008669,
  -4000.0000000,  -34967.0000000,
     -0.1695095,       1.1478193,       0.2005426,
  -4000.0000000,  -35239.5000000,
     -0.2191374,       1.1485491,       0.1995695,
  -4000.0000000,  -35450.5000000,
     -0.2103795,       1.1397912,       0.1972989,
  -4000.0000000,  -35724.5000000,
     -0.2184076,       1.1251948,       0.1976233,
  -4000.0000000,  -35908.0000000,
     -0.2548987,       1.1164369,       0.1979476,
  -4000.0000000,  -36195.0000000,
     -0.2943090,       1.1047598,       0.1976233,
  -4000.0000000,  -36378.5000000,
     -0.1870252,       1.1171668,       0.1989207,
  -4000.0000000,  -36665.5000000,
     -0.2468706,       1.0821353,       0.2002182,
  -4000.0000000,  -36835.5000000,
     -0.2505197,       1.1237352,       0.1992451,
  -4000.0000000,  -37084.5000000,
     -0.2308145,       1.1427105,       0.2011913,
  -4000.0000000,  -37371.0000000,
     -0.2913898,       1.1390614,       0.2011913,
  -4000.0000000,  -37541.0000000,
     -0.2643863,       1.1237352,       0.2011913,
  -4000.0000000,  -37790.0000000,
     -0.2702249,       1.1142475,       0.2002182,
  -4000.0000000,  -38025.0000000,
     -0.3037967,       1.1230053,       0.2002182,
  -4000.0000000,  -38311.5000000,
     -0.2680355,       1.1113282,       0.1998938,
  -4000.0000000,  -38495.5000000,
     -0.2388426,       1.1149773,       0.2005426,
  -4000.0000000,  -38781.5000000,
     -0.2972283,       1.0638897,       0.2021644,
  -4000.0000000,  -38964.5000000,
     -0.2483303,       1.0777564,       0.2047593,
  -4000.0000000,  -39251.0000000,
     -0.2483303,       1.0960019,       0.2076786,
  -4000.0000000,  -39486.0000000,
     -0.3059862,       1.0806757,       0.2115710,
  -4000.0000000,  -39721.0000000,
     -0.3089055,       1.1171668,       0.2141659,
  -4000.0000000,  -39929.5000000,
     -0.3366387,       1.1113282,       0.2161121,
  -4000.0000000,  -40153.0000000,
     -0.3672912,       1.0901633,       0.2180583,
  -4000.0000000,  -40426.5000000,
     -0.4103507,       1.1040300,       0.2196801,
  -4000.0000000,  -40610.5000000,
     -0.3986736,       1.1310334,       0.2209776,
  -4000.0000000,  -40870.0000000,
     -0.4088911,       1.1281141,       0.2203289,
  -4000.0000000,  -41080.5000000,
     -0.3906456,       1.1251948,       0.2216263,
  -4000.0000000,  -41367.0000000,
     -0.4015929,       1.1449000,       0.2216263,
  -4000.0000000,  -41602.0000000,
     -0.4446524,       1.1449000,       0.2225994,
  -4000.0000000,  -41810.5000000,
     -0.4147297,       1.1368719,       0.2232481,
  -4000.0000000,  -42021.0000000,
     -0.4658172,       1.1478193,       0.2235725,
  -4000.0000000,  -42256.5000000,
     -0.4504910,       1.1470895,       0.2238969,
  -4000.0000000,  -42543.0000000,
     -0.4074315,       1.1193562,       0.2238969,
  -4000.0000000,  -42726.5000000,
     -0.4103507,       1.1251948,       0.2238969,
  -4000.0000000,  -43012.0000000,
     -0.4074315,       1.1361421,       0.2242212,
  -4000.0000000,  -43220.5000000,
     -0.4023227,       1.1310334,       0.2167608,
  -4000.0000000,  -43482.0000000,
     -0.4453822,       1.1295737,       0.2232481,
  -4000.0000000,  -43666.0000000,
     -0.4081613,       1.1521982,       0.2238969,
  -4000.0000000,  -43952.5000000,
     -0.4344349,       1.1354123,       0.2180583,
  -4000.0000000,  -44136.5000000,
     -0.4840628,       1.1441702,       0.2222750,
  -4000.0000000,  -44423.0000000,
     -0.4176490,       1.1449000,       0.2235725,
  -4000.0000000,  -44658.0000000,
     -0.4388138,       1.1419807,       0.2229238,
  -4000.0000000,  -44828.0000000,
     -0.4563295,       1.1295737,       0.2222750,
  -4000.0000000,  -45077.0000000,
     -0.4161893,       1.1273843,       0.2219507,
  -4000.0000000,  -45363.0000000,
     -0.4468418,       1.1273843,       0.2209776,
  -4000.0000000,  -45547.0000000,
     -0.4555997,       1.1434403,       0.2203289,
  -4000.0000000,  -45782.0000000,
     -0.4468418,       1.1222755,       0.2203289,
  -4000.0000000,  -46068.5000000,
     -0.4950101,       1.1164369,       0.2193558,
  -4000.0000000,  -46252.5000000,
     -0.5081469,       1.1120580,       0.2193558,
  -4000.0000000,  -46488.0000000,
     -0.4337051,       1.1237352,       0.2190314,
  -4000.0000000,  -46774.0000000,
     -0.4555997,       1.1653350,       0.2177339,
  -4000.0000000,  -46956.5000000,
     -0.4753049,       1.1463596,       0.2170852,
  -4000.0000000,  -47216.5000000,
     -0.4701962,       1.1463596,       0.2167608,
  -4000.0000000,  -47478.0000000,
     -0.4986592,       1.1244650,       0.2154634,
  -4000.0000000,  -47662.0000000,
     -0.4490313,       1.1361421,       0.2151390,
  -4000.0000000,  -47936.0000000,
     -0.4461120,       1.1157071,       0.2138415,
  -4000.0000000,  -48184.0000000,
     -0.4957399,       1.1427105,       0.2125441,
  -4000.0000000,  -48368.0000000,
     -0.4475717,       1.1069492,       0.2118954,
  -4000.0000000,  -48603.0000000,
     -0.5074171,       1.1018405,       0.2102735,
  -4000.0000000,  -48889.0000000,
     -0.5059574,       1.0930826,       0.2105979,
  -4000.0000000,  -49073.0000000,
     -0.5081469,       1.1120580,       0.2109223,
  -4000.0000000,  -49346.5000000,
     -0.4913610,       1.0887037,       0.2099492,
  -4000.0000000,  -49529.5000000,
     -0.4935505,       1.1142475,       0.2089761,
  -4000.0000000,  -49778.5000000,
     -0.4621681,       1.1149773,       0.2102735,
  -4000.0000000,  -50052.0000000,
     -0.5409889,       1.1076791,       0.2099492,
  -4000.0000000,  -50287.5000000,
     -0.5278521,       1.0930826,       0.2089761,
  -4000.0000000,  -50535.5000000,
     -0.5081469,       1.1200860,       0.2099492,
  -4000.0000000,  -50770.0000000,
     -0.5482871,       1.1069492,       0.2089761,
  -4000.0000000,  -50953.0000000,
     -0.5555853,       1.0799458,       0.2080030,
  -4000.0000000,  -51226.5000000,
     -0.5096065,       1.0901633,       0.2093004,
  -4000.0000000,  -51474.5000000,
     -0.5906168,       1.0938124,       0.2086517,
  -4000.0000000,  -51658.5000000,
     -0.5694519,       1.0843248,       0.2083273,
  -4000.0000000,  -51945.0000000,
     -0.5570450,       1.0930826,       0.2086517,
  -4000.0000000,  -52102.5000000,
     -0.5876975,       1.1033001,       0.2083273,
  -4000.0000000,  -52415.5000000,
     -0.5249328,       1.0857844,       0.2080030,
  -4000.0000000,  -52599.0000000,
     -0.5840484,       1.0850546,       0.2076786,
  -4000.0000000,  -52885.5000000,
     -0.5949957,       1.0806757,       0.2067055,
  -4000.0000000,  -53042.5000000,
     -0.5840484,       1.0704581,       0.2076786,
  -4000.0000000,  -53355.5000000,
     -0.6081325,       1.0821353,       0.2076786,
  -4000.0000000,  -53539.5000000,
     -0.5803993,       1.0682687,       0.2083273,
  -4000.0000000,  -53826.0000000,
     -0.5760203,       1.0930826,       0.2086517,
  -4000.0000000,  -54010.0000000,
     -0.6314868,       1.0821353,       0.2089761,
  -4000.0000000,  -54296.5000000,
     -0.6001045,       1.0668090,       0.2083273,
  -4000.0000000,  -54453.5000000,
     -0.6059430,       1.0668090,       0.2096248,
  -4000.0000000,  -54766.5000000,
     -0.6387850,       1.0908932,       0.2099492,
  -4000.0000000,  -54949.0000000,
     -0.6351359,       1.0646196,       0.2099492,
  -4000.0000000,  -55170.5000000,
     -0.6300272,       1.0711880,       0.2102735,
  -4000.0000000,  -55470.5000000,
     -0.6781954,       1.0784862,       0.2096248,
  -4000.0000000,  -55654.5000000,
     -0.5928063,       1.0485635,       0.2102735,
  -4000.0000000,  -55941.0000000,
     -0.6387850,       1.0938124,       0.2112466,
  -4000.0000000,  -56098.5000000,
     -0.6701674,       1.1054896,       0.2105979,
  -4000.0000000,  -56360.5000000,
     -0.6234588,       1.1084089,       0.2109223,
  -4000.0000000,  -56646.5000000,
     -0.6818445,       1.0981914,       0.2112466,
  -4000.0000000,  -56830.5000000,
     -0.6774656,       1.0814055,       0.2115710,
  -4000.0000000,  -57116.5000000,
     -0.6453534,       1.0668090,       0.2128685,
  -4000.0000000,  -57300.5000000,
     -0.6650586,       1.0952721,       0.2122197,
  -4000.0000000,  -57587.0000000,
     -0.6541113,       1.0660792,       0.2115710,
  -4000.0000000,  -57771.0000000,
     -0.6365956,       1.0748371,       0.2131928,
  -4000.0000000,  -58057.5000000,
     -0.6971708,       1.0602406,       0.2125441,
  -4000.0000000,  -58241.5000000,
     -0.6672481,       1.0916230,       0.2118954,
  -4000.0000000,  -58501.0000000,
     -0.6635990,       1.0879739,       0.2138415,
  -4000.0000000,  -58711.5000000,
     -0.6687077,       1.0872440,       0.2138415,
  -4000.0000000,  -58996.5000000,
     -0.7000901,       1.0887037,       0.2138415,
  -4000.0000000,  -59180.5000000,
     -0.6628692,       1.0733774,       0.2141659,
  -4000.0000000,  -59415.5000000,
     -0.6789252,       1.0792160,       0.2138415,
  -4000.0000000,  -59689.0000000,
     -0.6650586,       1.0755669,       0.2144903,
  -4000.0000000,  -59937.0000000,
     -0.6760060,       1.0573213,       0.2141659,
  -4000.0000000,  -60121.5000000,
     -0.7438794,       1.0930826,       0.2148146,
  -4000.0000000,  -60407.5000000,
     -0.6869533,       1.0733774,       0.2148146,
  -4000.0000000,  -60591.5000000,
     -0.7110374,       1.0638897,       0.2148146,
  -4000.0000000,  -60877.5000000,
     -0.7387707,       1.0865142,       0.2141659,
  -4000.0000000,  -61061.5000000,
     -0.6898726,       1.0952721,       0.2157877,
  -4000.0000000,  -61348.0000000,
     -0.7438794,       1.0682687,       0.2148146,
  -4000.0000000,  -61505.5000000,
     -0.7227146,       1.0704581,       0.2154634,
  -4000.0000000,  -61805.5000000,
     -0.6833042,       1.0901633,       0.2167608,
  -4000.0000000,  -62040.5000000,
     -0.7190655,       1.0960019,       0.2148146,
  -4000.0000000,  -62289.0000000,
     -0.7373110,       1.1069492,       0.2151390,
  -4000.0000000,  -62473.0000000,
     -0.6949813,       1.0755669,       0.2154634,
  -4000.0000000,  -62707.5000000,
     -0.7197953,       1.0894335,       0.2154634,
  -4000.0000000,  -62992.5000000,
     -0.7234444,       1.0711880,       0.2154634,
  -4000.0000000,  -63177.0000000,
     -0.7197953,       1.0741073,       0.2157877,
  -4000.0000000,  -63412.0000000,
     -0.7292830,       1.0828651,       0.2154634,
  -4000.0000000,  -63698.0000000,
     -0.7197953,       1.0930826,       0.2157877,
  -4000.0000000,  -63933.5000000,
     -0.7190655,       1.0689985,       0.2151390,
  -4000.0000000,  -64117.5000000,
     -0.7015497,       1.0981914,       0.2151390,
  -4000.0000000,  -64391.0000000,
     -0.7395005,       1.0565915,       0.2148146,
  -4000.0000000,  -64639.0000000,
     -0.7657741,       1.0653494,       0.2144903,
  -4000.0000000,  -64823.0000000,
     -0.7219847,       1.0762967,       0.2148146,
  -4000.0000000,  -65031.0000000,
     -0.7256339,       1.0668090,       0.2141659,
  -4000.0000000,  -65317.5000000,
     -0.7613951,       1.0631599,       0.2141659,
  -4000.0000000,  -65528.0000000,
     -0.7110374,       1.0609705,       0.2105979,
  -4000.0000000,  -65814.5000000,
     -0.7526373,       1.0945423,       0.2141659,
  -4000.0000000,  -65985.5000000,
     -0.7431496,       1.0631599,       0.2138415,
  -4000.0000000,  -66234.0000000,
     -0.7292830,       1.0850546,       0.2135172,
  -4000.0000000,  -66507.5000000,
     -0.7460689,       1.1011107,       0.2141659,
  -4000.0000000,  -66742.0000000,
     -0.7467987,       1.0792160,       0.2138415,
  -4000.0000000,  -66963.5000000,
     -0.7650442,       1.0456442,       0.2141659,
  -4000.0000000,  -67173.0000000,
     -0.7701530,       1.0624301,       0.2141659,
  -4000.0000000,  -67459.5000000,
     -0.7606653,       1.0923528,       0.2138415,
  -4000.0000000,  -67643.0000000,
     -0.7504478,       1.0704581,       0.2138415,
  -4000.0000000,  -67878.5000000,
     -0.7628548,       1.0646196,       0.2138415,
  -4000.0000000,  -68165.0000000,
     -0.7825600,       1.0908932,       0.2138415,
  -4000.0000000,  -68349.0000000,
     -0.7548267,       1.0726476,       0.2131928,
  -4000.0000000,  -68622.5000000,
     -0.7409601,       1.0580512,       0.2135172,
  -4000.0000000,  -68792.0000000,
     -0.7803705,       1.0777564,       0.2128685,
  -4000.0000000,  -69078.5000000,
     -0.7759916,       1.0974616,       0.2122197,
  -4000.0000000,  -69262.5000000,
     -0.7497180,       1.0638897,       0.2125441,
  -4000.0000000,  -69562.5000000,
     -0.7840196,       1.0587810,       0.2102735,
  -4000.0000000,  -69797.5000000,
     -0.7745319,       1.0697283,       0.2128685,
  -4000.0000000,  -69994.5000000,
     -0.7978862,       1.0777564,       0.2138415,
  -4000.0000000,  -70254.5000000,
     -0.8037248,       1.0755669,       0.2135172,
  -4000.0000000,  -70465.0000000,
     -0.7789109,       1.1047598,       0.2125441,
  -4000.0000000,  -70738.5000000,
     -0.7789109,       1.0908932,       0.2118954,
  -4000.0000000,  -70934.0000000,
     -0.7811003,       1.0821353,       0.2118954,
  -4000.0000000,  -71194.0000000,
     -0.7745319,       1.0967317,       0.2112466,
  -4000.0000000,  -71404.0000000,
     -0.8000757,       1.0806757,       0.2115710,
  -4000.0000000,  -71664.0000000,
     -0.7898582,       1.0653494,       0.2112466,
  -4000.0000000,  -71874.5000000,
     -0.7409601,       1.0609705,       0.2115710,
  -4000.0000000,  -72161.0000000,
     -0.7613951,       1.0879739,       0.2115710,
  -4000.0000000,  -72345.0000000,
     -0.8139423,       1.0887037,       0.2112466,
  -4000.0000000,  -72605.0000000,
     -0.7657741,       1.0770265,       0.2118954,
  -4000.0000000,  -72815.0000000,
     -0.8022652,       1.0230197,       0.2115710,
  -4000.0000000,  -73075.0000000,
     -0.8146721,       1.0770265,       0.2102735,
  -4000.0000000,  -73272.5000000,
     -0.7796407,       1.0814055,       0.2105979,
  -4000.0000000,  -73520.5000000,
     -0.8299984,       1.0952721,       0.2063811,
  -4000.0000000,  -73794.0000000,
     -0.8081037,       1.0989212,       0.2080030,
  -4000.0000000,  -74029.0000000,
     -0.7891284,       1.0792160,       0.2073542,
  -4000.0000000,  -74213.0000000,
     -0.7789109,       1.0500231,       0.2054080,
  -4000.0000000,  -74499.5000000,
     -0.8110230,       1.0609705,       0.2031375,
  -4000.0000000,  -74696.0000000,
     -0.8212405,       1.0602406,       0.2008669,
  -4000.0000000,  -74956.0000000,
     -0.8664895,       1.0441845,       0.1966502,
  -4000.0000000,  -75138.5000000,
     -0.8278089,       1.0332372,       0.1956771,
  -4000.0000000,  -75438.5000000,
     -0.8124827,       1.0544021,       0.1950284,
  -4000.0000000,  -75609.0000000,
     -0.8409457,       1.0215601,       0.1937309,
  -4000.0000000,  -75909.0000000,
     -0.8248897,       1.0398056,       0.1953527,
  -4000.0000000,  -76106.0000000,
     -0.8117529,       1.0310478,       0.1947040,
  -4000.0000000,  -76379.5000000,
     -0.8358370,       0.9974759,       0.1943796,
  -4000.0000000,  -76563.5000000,
     -0.8803561,       1.0193706,       0.1934065,
  -4000.0000000,  -76849.5000000,
     -0.8504334,       0.9916374,       0.1956771,
  -4000.0000000,  -77019.5000000,
     -0.8248897,       0.9814199,       0.1943796,
  -4000.0000000,  -77320.0000000,
     -0.8117529,       1.0149917,       0.1972989,
  -4000.0000000,  -77503.5000000,
     -0.8818158,       1.0317776,       0.1969746,
  -4000.0000000,  -77790.0000000,
     -0.8511632,       1.0354267,       0.1985964,
  -4000.0000000,  -77974.0000000,
     -0.8460545,       1.0463740,       0.1992451,
  -4000.0000000,  -78260.5000000,
     -0.8643000,       1.0055040,       0.1995695,
  -4000.0000000,  -78430.5000000,
     -0.8752474,       1.0354267,       0.1995695,
  -4000.0000000,  -78730.5000000,
     -0.8066441,       1.0514828,       0.2015157,
  -4000.0000000,  -78964.5000000,
     -0.8380264,       1.0230197,       0.2024888,
  -4000.0000000,  -79148.5000000,
     -0.8387563,       1.0383460,       0.2041106,
  -4000.0000000,  -79435.0000000,
     -0.8314580,       1.0741073,       0.2047593,
  -4000.0000000,  -79618.5000000,
     -0.8497036,       1.0529424,       0.2054080,
  -4000.0000000,  -79905.5000000,
     -0.7986161,       1.0573213,       0.2057324,
  -4000.0000000,  -80089.0000000,
     -0.8110230,       1.0595108,       0.2057324,
  -4000.0000000,  -80375.5000000,
     -0.8672193,       1.0609705,       0.2047593,
  -4000.0000000,  -80559.5000000,
     -0.8387563,       1.0784862,       0.2054080,
  -4000.0000000,  -80845.5000000,
     -0.8139423,       1.0565915,       0.2054080,
  -4000.0000000,  -81029.5000000,
     -0.8650299,       1.0872440,       0.2047593,
  -4000.0000000,  -81316.0000000,
     -0.8256195,       1.0638897,       0.2047593,
  -4000.0000000,  -81500.0000000,
     -0.8365668,       1.0646196,       0.2047593,
  -4000.0000000,  -81786.5000000,
     -0.8402159,       1.0792160,       0.2037862,
  -4000.0000000,  -81970.5000000,
     -0.8402159,       1.0719178,       0.2044350,
  -4000.0000000,  -82257.0000000,
     -0.8343773,       1.0507529,       0.2037862,
  -4000.0000000,  -82440.5000000,
     -0.8132125,       1.0288583,       0.2028131,
  -4000.0000000,  -82727.0000000,
     -0.7920477,       1.0777564,       0.2034619,
  -4000.0000000,  -82909.5000000,
     -0.7876687,       1.0901633,       0.2021644,
  -4000.0000000,  -83196.0000000,
     -0.8314580,       1.0850546,       0.2008669,
  -4000.0000000,  -83379.5000000,
     -0.8227002,       1.0792160,       0.1992451,
  -4000.0000000,  -83666.0000000,
     -0.7686934,       1.0777564,       0.1982720,
  -4000.0000000,  -83888.0000000,
     -0.7840196,       1.0843248,       0.1982720,
  -4000.0000000,  -84071.5000000,
     -0.7840196,       1.0449144,       0.1989207,
  -4000.0000000,  -84358.0000000,
     -0.8351072,       1.0507529,       0.1992451,
  -4000.0000000,  -84607.0000000,
     -0.8387563,       1.0412653,       0.2005426,
  -4000.0000000,  -84803.5000000,
     -0.8183213,       1.0762967,       0.2005426,
  -4000.0000000,  -85077.0000000,
     -0.8314580,       1.0711880,       0.1995695,
  -4000.0000000,  -85247.0000000,
     -0.8453247,       1.0865142,       0.1998938,
  -4000.0000000,  -85482.0000000,
     -0.8263493,       1.0755669,       0.1995695,
  -4000.0000000,  -85782.5000000,
     -0.8460545,       1.0544021,       0.1995695,
  -4000.0000000,  -85966.5000000,
     -0.7942371,       1.0507529,       0.1989207,
  -4000.0000000,  -86201.5000000,
     -0.8292686,       1.0609705,       0.1989207,
  -4000.0000000,  -86437.0000000,
     -0.8051845,       1.0631599,       0.1982720,
  -4000.0000000,  -86658.0000000,
     -0.8292686,       1.0631599,       0.1989207,
  -4000.0000000,  -86944.5000000,
     -0.8095634,       1.0762967,       0.1992451,
  -4000.0000000,  -87153.5000000,
     -0.8584615,       1.0653494,       0.1979476,
  -4000.0000000,  -87413.5000000,
     -0.8511632,       1.0682687,       0.1979476,
  -4000.0000000,  -87662.5000000,
     -0.8132125,       1.0865142,       0.1976233,
  -4000.0000000,  -87897.5000000,
     -0.8372966,       1.0689985,       0.1963258,
  -4000.0000000,  -88081.5000000,
     -0.8175914,       1.0631599,       0.1963258,
  -4000.0000000,  -88303.0000000,
     -0.8073739,       1.0755669,       0.1966502,
  -4000.0000000,  -88603.5000000,
     -0.8154020,       1.0748371,       0.1956771,
  -4000.0000000,  -88824.5000000,
     -0.8263493,       1.0711880,       0.1960015,
  -4000.0000000,  -89059.5000000,
     -0.8205107,       1.0843248,       0.1947040,
  -4000.0000000,  -89295.0000000,
     -0.8117529,       1.0646196,       0.1950284,
  -4000.0000000,  -89505.0000000,
     -0.8015353,       1.0952721,       0.1943796,
  -4000.0000000,  -89779.0000000,
     -0.8154020,       1.0653494,       0.1943796,
  -4000.0000000,  -89962.5000000,
     -0.8570018,       1.0565915,       0.1934065,
  -4000.0000000,  -90198.0000000,
     -0.8205107,       1.1135176,       0.1943796,
  -4000.0000000,  -90419.5000000,
     -0.8278089,       1.0967317,       0.1927578,
  -4000.0000000,  -90719.5000000,
     -0.7905880,       1.0901633,       0.1934065,
  -4000.0000000,  -90889.5000000,
     -0.8044546,       1.0835949,       0.1937309,
  -4000.0000000,  -91188.5000000,
     -0.8533527,       1.0405354,       0.1924334,
  -4000.0000000,  -91372.0000000,
     -0.8650299,       1.1105984,       0.1934065,
  -4000.0000000,  -91659.5000000,
     -0.8197809,       1.0638897,       0.1937309,
  -4000.0000000,  -91843.0000000,
     -0.8139423,       1.0580512,       0.1930822,
  -4000.0000000,  -92129.5000000,
     -0.8139423,       1.0770265,       0.1930822,
  -4000.0000000,  -92314.5000000,
     -0.8292686,       1.0908932,       0.1927578,
  -4000.0000000,  -92600.5000000,
     -0.8621106,       1.0770265,       0.1914603,
  -4000.0000000,  -92836.0000000,
     -0.8467843,       1.1084089,       0.1921091,
  -4000.0000000,  -92993.5000000,
     -0.8380264,       1.0675389,       0.1911360,
  -4000.0000000,  -93280.0000000,
     -0.8329177,       1.0799458,       0.1904872,
  -4000.0000000,  -93490.0000000,
     -0.8044546,       1.0799458,       0.1911360,
  -4000.0000000,  -93776.5000000,
     -0.8263493,       1.0653494,       0.1904872,
  -4000.0000000,  -93960.5000000,
     -0.8591913,       1.0981914,       0.1904872,
  -4000.0000000,  -94156.5000000,
     -0.8694088,       1.0974616,       0.1904872,
  -4000.0000000,  -94431.0000000,
     -0.8701386,       1.0930826,       0.1901629,
  -4000.0000000,  -94717.5000000,
     -0.8613808,       1.0368863,       0.1901629,
  -4000.0000000,  -94900.0000000,
     -0.8409457,       1.0733774,       0.1904872,
  -4000.0000000,  -95200.0000000,
     -0.8467843,       1.0529424,       0.1875680,
  -4000.0000000,  -95371.0000000,
     -0.8161318,       1.0514828,       0.1908116,
  -4000.0000000,  -95657.0000000,
     -0.8051845,       1.0646196,       0.1914603,
  -4000.0000000,  -95841.0000000,
     -0.8205107,       1.0434547,       0.1901629,
  -4000.0000000,  -96127.5000000,
     -0.8248897,       1.0624301,       0.1901629,
  -4000.0000000,  -96285.0000000,
     -0.8416756,       1.0587810,       0.1908116,
  -4000.0000000,  -96520.0000000,
     -0.8197809,       1.0631599,       0.1904872,
  -4000.0000000,  -96833.0000000,
     -0.8263493,       1.0164513,       0.1911360,
  -4000.0000000,  -97016.5000000,
     -0.8394861,       1.0471038,       0.1908116,
  -4000.0000000,  -97316.0000000,
     -0.8570018,       1.0252092,       0.1901629,
  -4000.0000000,  -97487.5000000,
     -0.8562720,       1.0281285,       0.1904872,
  -4000.0000000,  -97774.0000000,
     -0.8679492,       1.0544021,       0.1898385,
  -4000.0000000,  -98009.0000000,
     -0.8927631,       1.0069636,       0.1895141,
  -4000.0000000,  -98193.0000000,
     -0.8730579,       1.0456442,       0.1898385,
  -4000.0000000,  -98479.5000000,
     -0.8343773,       1.0310478,       0.1904872,
  -4000.0000000,  -98637.0000000,
     -0.8431352,       1.0018549,       0.1888654,
  -4000.0000000,  -98936.0000000,
     -0.8431352,       1.0376162,       0.1901629,
  -4000.0000000,  -99132.5000000,
     -0.8686790,       1.0062338,       0.1891898,
  -4000.0000000,  -99419.0000000,
     -0.8920333,       1.0179110,       0.1885411,
  -4000.0000000,  -99602.5000000,
     -0.8664895,       1.0244794,       0.1898385,
  -4000.0000000,  -99837.5000000,
     -0.9139279,       1.0252092,       0.1888654,
  -4000.0000000, -100111.5000000,
     -0.8518931,       1.0288583,       0.1898385,
  -4000.0000000, -100359.5000000,
     -0.8438650,       1.0398056,       0.1898385,
  -4000.0000000, -100517.0000000,
     -0.8767070,       0.9982058,       0.1888654,
  -4000.0000000, -100829.5000000,
     -0.8832754,       1.0237495,       0.1891898,
  -4000.0000000, -101013.5000000,
     -0.8497036,       1.0142618,       0.1904872,
  -4000.0000000, -101300.0000000,
     -0.8810859,       1.0106127,       0.1898385,
  -4000.0000000, -101535.0000000,
     -0.8854649,       1.0638897,       0.1908116,
  -4000.0000000, -101692.0000000,
     -0.9080894,       1.0325074,       0.1901629,
  -4000.0000000, -101992.5000000,
     -0.8810859,       1.0244794,       0.1901629,
  -4000.0000000, -102240.5000000,
     -0.8752474,       1.0544021,       0.1914603,
  -4000.0000000, -102424.5000000,
     -0.8964122,       1.0485635,       0.1914603,
  -4000.0000000, -102710.5000000,
     -0.9080894,       1.0500231,       0.1904872,
  -4000.0000000, -102868.0000000,
     -0.8781667,       1.0193706,       0.1927578,
  -4000.0000000, -103180.0000000,
     -0.8694088,       1.0617003,       0.1921091,
  -4000.0000000, -103337.0000000,
     -0.9000613,       1.0405354,       0.1911360,
  -4000.0000000, -103623.5000000,
     -0.9175770,       1.0558617,       0.1927578,
  -4000.0000000, -103834.0000000,
     -0.9380121,       1.0617003,       0.1917847,
  -4000.0000000, -104120.5000000,
     -0.8737877,       1.0821353,       0.1921091,
  -4000.0000000, -104304.5000000,
     -0.8686790,       1.0595108,       0.1924334,
  -4000.0000000, -104591.0000000,
     -0.8956824,       1.0609705,       0.1904872,
  -4000.0000000, -104774.5000000,
     -0.9029806,       1.0456442,       0.1904872,
  -4000.0000000, -105061.0000000,
     -0.9051701,       1.0558617,       0.1904872,
  -4000.0000000, -105244.5000000,
     -0.8628404,       1.0835949,       0.1891898,
  -4000.0000000, -105531.0000000,
     -0.8555422,       1.0660792,       0.1891898,
  -4000.0000000, -105715.0000000,
     -0.9131981,       1.0492933,       0.1901629,
  -4000.0000000, -105988.5000000,
     -0.8920333,       1.0295881,       0.1898385,
  -4000.0000000, -106159.0000000,
     -0.8964122,       1.0492933,       0.1914603,
  -4000.0000000, -106472.0000000,
     -0.8781667,       1.0536722,       0.1921091,
  -4000.0000000, -106655.5000000,
     -0.8840052,       1.0208302,       0.1917847,
  -4000.0000000, -106941.0000000,
     -0.8621106,       1.0872440,       0.1934065,
  -4000.0000000, -107124.5000000,
     -0.9153876,       1.0675389,       0.1921091,
  -4000.0000000, -107407.0000000,
     -0.9372822,       1.0908932,       0.1927578,
  -4000.0000000, -107586.0000000,
     -0.8861947,       1.0733774,       0.1947040,
  -4000.0000000, -107813.5000000,
     -0.9416612,       1.0974616,       0.1934065,
  -4000.0000000, -108087.0000000,
     -0.9161174,       1.0551319,       0.1924334,
  -4000.0000000, -108235.5000000,
     -0.9161174,       1.1135176,       0.1953527,
  -4000.0000000, -108528.0000000,
     -0.9095490,       1.1215457,       0.1947040,
  -4000.0000000, -108697.5000000,
     -0.9336331,       1.1047598,       0.1953527,
  -4000.0000000, -108912.5000000,
     -0.9387419,       1.1113282,       0.1947040,
  -4000.0000000, -109124.5000000,
     -0.9153876,       1.1222755,       0.1950284,
  -4000.0000000, -109380.0000000,
     -0.9051701,       1.1259246,       0.1953527,
  -4000.0000000, -109542.0000000,
     -0.9168472,       1.1361421,       0.1950284,
  -4000.0000000, -109791.0000000,
     -0.9095490,       1.1463596,       0.1956771,
  -4000.0000000, -109948.5000000,
     -0.9219560,       1.1295737,       0.1953527,
  -4000.0000000, -110191.5000000,
     -0.9153876,       1.1470895,       0.1956771,
  -4000.0000000, -110345.0000000,
     -0.9285244,       1.1040300,       0.1947040,
  -4000.0000000, -110580.5000000,
     -0.9263349,       1.1602263,       0.1950284,
  -4000.0000000, -110730.5000000,
     -0.9102788,       1.1222755,       0.1956771,
  -4000.0000000, -110961.0000000,
     -0.8956824,       1.1609561,       0.1966502,
  -4000.0000000, -111086.5000000,
     -0.9007911,       1.1186264,       0.1963258,
  -4000.0000000, -111331.5000000,
     -0.9204963,       1.1748227,       0.1953527,
  -4000.0000000, -111473.5000000,
     -0.9365524,       1.1303035,       0.1966502,
  -4000.0000000, -111653.0000000,
     -0.9226858,       1.1397912,       0.1943796,
  -4000.0000000, -111868.5000000,
     -0.9080894,       1.1565771,       0.1963258,
  -4000.0000000, -112005.0000000,
     -0.9190367,       1.1383316,       0.1956771,
  -4000.0000000, -112177.0000000,
     -0.9467699,       1.1193562,       0.1943796,
  -4000.0000000, -112374.0000000,
     -0.9226858,       1.1288439,       0.1924334,
  -4000.0000000, -112540.5000000,
     -0.9051701,       1.1193562,       0.1937309,
  -4000.0000000, -112669.0000000,
     -0.9110086,       1.1733630,       0.1943796,
  -4000.0000000, -112822.0000000,
     -0.9051701,       1.1456298,       0.1937309,
  -4000.0000000, -112999.5000000,
     -0.8847351,       1.1324930,       0.1917847,
  -4000.0000000, -113182.0000000,
     -0.8869245,       1.1295737,       0.1921091,
  -4000.0000000, -113336.0000000,
     -0.9292542,       1.1186264,       0.1917847,
  -4000.0000000, -113462.5000000,
     -0.9292542,       1.1171668,       0.1921091,
  -4000.0000000, -113644.0000000,
     -0.8679492,       1.1208159,       0.1921091,
  -4000.0000000, -113751.0000000,
     -0.8971420,       1.0784862,       0.1908116,
  -4000.0000000, -113903.5000000,
     -0.9029806,       1.0755669,       0.1904872,
  -4000.0000000, -114076.0000000,
     -0.8986017,       1.1135176,       0.1904872,
  -4000.0000000, -114185.0000000,
     -0.8715983,       1.0887037,       0.1895141,
  -4000.0000000, -114351.5000000,
     -0.8664895,       1.0981914,       0.1891898,
  -4000.0000000, -114485.0000000,
     -0.8183213,       1.0689985,       0.1882167,
  -4000.0000000, -114588.0000000,
     -0.8949526,       1.0544021,       0.1872436,
  -4000.0000000, -114703.0000000,
     -0.8715983,       1.0799458,       0.1885411,
  -4000.0000000, -114857.5000000,
     -0.8781667,       1.0536722,       0.1895141,
  -4000.0000000, -114968.5000000,
     -0.8847351,       1.0361565,       0.1891898,
  -4000.0000000, -115110.0000000,
     -0.8774368,       1.0522126,       0.1895141,
  -4000.0000000, -115210.0000000,
     -0.8840052,       1.0339670,       0.1895141,
  -4000.0000000, -115339.0000000,
     -0.8555422,       1.0449144,       0.1898385,
  -4000.0000000, -115428.5000000,
     -0.9248753,       1.0660792,       0.1898385,
  -4000.0000000, -115577.0000000,
     -0.9175770,       1.0449144,       0.1895141,
  -4000.0000000, -115662.0000000,
     -0.9168472,       1.0522126,       0.1888654,
  -4000.0000000, -115792.0000000,
     -0.9183069,       1.0164513,       0.1898385,
  -4000.0000000, -115873.5000000,
     -0.8964122,       1.0164513,       0.1888654,
  -4000.0000000, -115986.0000000,
     -0.9095490,       1.0128022,       0.1895141,
  -4000.0000000, -116085.0000000,
     -0.9066297,       1.0164513,       0.1904872,
  -4000.0000000, -116171.5000000,
     -0.9416612,       1.0025847,       0.1885411,
  -4000.0000000, -116286.5000000,
     -0.9037104,       0.9960163,       0.1814050,
  -4000.0000000, -116353.0000000,
     -0.8920333,       1.0055040,       0.1839999,
  -4000.0000000, -116462.0000000,
     -0.9088192,       0.9806900,       0.1891898,
  -4000.0000000, -116529.5000000,
     -0.9197665,       0.9719322,       0.1914603,
  -4000.0000000, -116637.0000000,
     -0.9029806,       1.0018549,       0.1917847,
  -4000.0000000, -116696.0000000,
     -0.9482296,       1.0098829,       0.1908116,
  -4000.0000000, -116788.0000000,
     -0.9095490,       1.0091531,       0.1911360,
  -4000.0000000, -116852.5000000,
     -0.9058999,       1.0288583,       0.1908116,
  -4000.0000000, -116939.0000000,
     -0.9051701,       0.9697427,       0.1908116,
  -4000.0000000, -117003.0000000,
     -0.9197665,       0.9726620,       0.1917847,
  -4000.0000000, -117079.5000000,
     -0.9117385,       1.0142618,       0.1911360,
  -4000.0000000, -117146.5000000,
     -0.8854649,       0.9763111,       0.1911360,
  -4000.0000000, -117203.5000000,
     -0.8934929,       0.9566059,       0.1914603,
  -4000.0000000, -117271.5000000,
     -0.8854649,       0.9850690,       0.1911360,
  -4000.0000000, -117318.0000000,
     -0.9007911,       0.9930970,       0.1917847,
  -4000.0000000, -117378.5000000,
     -0.9204963,       0.9916374,       0.1924334,
  -4000.0000000, -117444.5000000,
     -0.9080894,       1.0033145,       0.1917847,
  -4000.0000000, -117482.0000000,
     -0.9256051,       1.0237495,       0.1921091,
  -4000.0000000, -117550.0000000,
     -0.9285244,       0.9996654,       0.1924334,
  -4000.0000000, -117578.5000000,
     -0.9431208,       0.9777707,       0.1927578,
  -4000.0000000, -117640.0000000,
     -0.9022508,       0.9529568,       0.1924334,
  -4000.0000000, -117668.0000000,
     -0.9372822,       0.9631743,       0.1924334,
  -4000.0000000, -117719.5000000,
     -0.9263349,       0.9726620,       0.1921091,
  -4000.0000000, -117744.5000000,
     -0.9007911,       0.9777707,       0.1924334,
  -4000.0000000, -117789.5000000,
     -0.9453103,       0.9792304,       0.1930822,
  -4000.0000000, -117811.0000000,
     -0.9088192,       0.9945567,       0.1930822,
  -4000.0000000, -117849.5000000,
     -0.9088192,       0.9872584,       0.1927578,
  -4000.0000000, -117867.0000000,
     -0.9642857,       0.9821497,       0.1927578,
  -4000.0000000, -117899.0000000,
     -0.9599067,       0.9872584,       0.1927578,
  -4000.0000000, -117915.0000000,
     -0.9117385,       0.9806900,       0.1924334,
  -4000.0000000, -117939.0000000,
     -0.9438506,       0.9376305,       0.1930822,
  -4000.0000000, -117950.5000000,
     -0.9372822,       0.9763111,       0.1937309,
  -4000.0000000, -117967.5000000,
     -0.9183069,       0.9405498,       0.1927578,
  -4000.0000000, -117978.5000000,
     -0.9577173,       0.9836093,       0.1930822,
  -4000.0000000, -117987.5000000,
     -0.9292542,       0.9712023,       0.1930822,
  -4000.0000000, -117994.0000000,
     -0.9737733,       0.9551463,       0.1921091,
  -4000.0000000, -117997.5000000,
     -0.9226858,       0.9609848,       0.1930822,
  -4000.0000000, -117999.5000000,
     -0.8949526,       0.9770409,       0.1924334,
  -4000.0000000, -117999.5000000,
     -0.9329033,       0.9879883,       0.1921091,
  -4000.0000000, -117999.5000000,
     -0.9066297,       0.9624445,       0.1924334,
  -4000.0000000, -117999.5000000,
     -0.9219560,       0.9901777,       0.1924334,
  -4000.0000000, -117999.5000000,
     -0.9460401,       0.9719322,       0.1930822,
  -4000.0000000, -117999.5000000,
     -0.9219560,       0.9872584,       0.1927578,
  -4000.0000000, -117999.5000000,
     -0.9438506,       0.9755813,       0.1927578,
  -4000.0000000, -117999.5000000,
     -0.9022508,       0.9602550,       0.1924334,
  -4000.0000000, -117999.5000000,
     -0.9058999,       0.9558761,       0.1930822,
  -4000.0000000, -117999.5000000,
     -0.9518787,       0.9916374,       0.1930822,
  -4000.0000000, -117999.5000000,
     -0.9175770,       0.9617147,       0.1924334,
  -4000.0000000, -118000.0000000,
     -0.9518787,       0.9719322,       0.1921091,
  -4000.0000000, -118000.0000000,
     -0.9482296,       0.9726620,       0.1927578,
  -4000.0000000, -118000.0000000,
     -0.9153876,       0.9785006,       0.1927578,
  -4000.0000000, -118000.0000000,
     -0.9124683,       0.9712023,       0.1927578,
  -4000.0000000, -118000.0000000,
     -0.9380121,       0.9602550,       0.1921091,
  -4000.0000000, -118000.0000000,
     -0.9402015,       0.9536866,       0.1921091,
  -4000.0000000, -118000.0000000,
     -0.9153876,       0.9595252,       0.1927578,
  -4000.0000000, -118000.0000000,
     -0.9051701,       0.9485779,       0.1930822,
  -4000.0000000, -118000.0000000,
     -0.9467699,       0.9668234,       0.1927578,
  -4000.0000000, -118000.0000000,
     -0.9168472,       0.9566059,       0.1924334,
  -4000.0000000, -118000.0000000,
     -0.9110086,       0.9617147,       0.1924334,
  -4000.0000000, -118000.0000000,
     -0.9555278,       0.9514972,       0.1927578,
  -4000.0000000, -118000.0000000,
     -0.9161174,       0.9785006,       0.1934065,
  -4000.0000000, -118000.0000000,
     -0.9569874,       0.9806900,       0.1927578,
  -4000.0000000, -118000.0000000,
     -0.9153876,       0.9682831,       0.1921091,
  -4000.0000000, -118000.0000000,
     -0.9146578,       0.9719322,       0.1924334,
  -4000.0000000, -118000.0000000,
     -0.9438506,       0.9712023,       0.1924334,
  -4000.0000000, -118000.0000000,
     -0.9168472,       0.9967461,       0.1930822,
  -4000.0000000, -118000.0000000,
     -0.9263349,       0.9639041,       0.1927578,
  -4000.0000000, -118000.0000000,
     -0.9423910,       0.9850690,       0.1921091,
  -4000.0000000, -118000.0000000,
     -0.9569874,       0.9733918,       0.1924334,
  -4000.0000000, -118000.0000000,
     -0.9131981,       0.9748515,       0.1921091,
  -4000.0000000, -118000.0000000,
     -0.9321735,       0.9646339,       0.1927578,
  -4000.0000000, -118000.0000000,
     -0.9022508,       0.9748515,       0.1930822,
  -4000.0000000, -118000.0000000,
     -0.9321735,       0.9354411,       0.1924334,
  -4000.0000000, -118000.0000000,
     -0.9263349,       0.9573357,       0.1927578,
  -4000.0000000, -118000.0000000,
     -0.9307138,       0.9682831,       0.1927578,
  -4000.0000000, -118000.0000000,
     -0.8986017,       0.9785006,       0.1921091,
  -4000.0000000, -118000.0000000,
     -0.9504190,       0.9704725,       0.1927578,
  -4000.0000000, -118000.0000000,
     -0.9190367,       0.9573357,       0.1924334,
  -4000.0000000, -118000.0000000,
     -0.9197665,       0.9639041,       0.1921091,
  -4000.0000000, -118000.0000000,
     -0.9102788,       0.9463884,       0.1924334,
  -4000.0000000, -118000.0000000,
     -0.9380121,       0.9763111,       0.1927578,
  -4000.0000000, -118000.0000000,
     -0.9504190,       0.9690129,       0.1927578,
  -4000.0000000, -118000.0000000,
     -0.9482296,       0.9529568,       0.1924334,
  -4000.0000000, -118000.0000000,
     -0.9124683,       0.9748515,       0.1927578,
  -4000.0000000, -118000.0000000,
     -0.9584471,       0.9712023,       0.1927578,
  -4000.0000000, -118000.0000000,
     -0.9299840,       0.9566059,       0.1927578,
  -4000.0000000, -118000.0000000,
     -0.8993315,       0.9982058,       0.1927578,
  -4000.0000000, -118000.0000000,
     -0.9029806,       0.9806900,       0.1930822,
  -4000.0000000, -118000.0000000,
     -0.9343630,       0.9668234,       0.1921091,
  -4000.0000000, -118000.0000000,
     -0.8978719,       0.9909075,       0.1924334,
  -4000.0000000, -118000.0000000,
     -0.9117385,       0.9960163,       0.1930822,
  -4000.0000000, -118000.0000000,
     -0.9110086,       0.9923672,       0.1927578,
  -4000.0000000, -118000.0000000,
     -0.8964122,       0.9909075,       0.1921091,
  -4000.0000000, -118000.0000000,
     -0.9051701,       0.9901777,       0.1921091,
  -4000.0000000, -118000.0000000,
     -0.9387419,       0.9631743,       0.1927578,
  -4000.0000000, -118000.0000000,
     -0.9241454,       0.9733918,       0.1930822,
  -4000.0000000, -118000.0000000,
     -0.9248753,       0.9602550,       0.1927578,
  -4000.0000000, -118000.0000000,
     -0.9372822,       0.9814199,       0.1927578,
  -4000.0000000, -118000.0000000,
     -0.9153876,       1.0069636,       0.1927578,
  -4000.0000000, -118000.0000000,
     -0.9460401,       0.9952865,       0.1927578,
  -4000.0000000, -118000.0000000,
     -0.9350928,       0.9420095,       0.1924334,
  -4000.0000000, -118000.0000000,
     -0.9219560,       0.9712023,       0.1934065,
  -4000.0000000, -118000.0000000,
     -0.9066297,       0.9704725,       0.1924334,
  -4000.0000000, -118000.0000000,
     -0.9270647,       0.9712023,       0.1921091,
  -4000.0000000, -118000.0000000,
     -0.9788821,       0.9763111,       0.1927578,
  -4000.0000000, -118000.0000000,
     -0.9387419,       0.9814199,       0.1927578,
  -4000.0000000, -118000.0000000,
     -0.9168472,       0.9573357,       0.1921091,
  -4000.0000000, -118000.0000000,
     -0.9387419,       1.0003952,       0.1924334,
  -4000.0000000, -118000.0000000,
     -0.9518787,       0.9704725,       0.1927578,
  -4000.0000000, -118000.0000000,
     -0.9044403,       0.9806900,       0.1924334,
  -4000.0000000, -118000.0000000,
     -0.9219560,       0.9712023,       0.1930822,
  -4000.0000000, -118000.0000000,
     -0.9423910,       0.9814199,       0.1924334,
  -4000.0000000, -118000.0000000,
     -0.9088192,       0.9631743,       0.1921091,
  -4000.0000000, -118000.0000000,
     -0.9219560,       0.9529568,       0.1924334,
  -4000.0000000, -118000.0000000,
     -0.9153876,       0.9609848,       0.1930822,
  -4000.0000000, -118000.0000000,
     -0.9117385,       0.9806900,       0.1927578,
  -4000.0000000, -118000.0000000,
     -0.9168472,       0.9879883,       0.1927578,
  -4000.0000000, -118000.0000000,
     -0.9139279,       0.9639041,       0.1924334,
  -4000.0000000, -118000.0000000,
     -0.9533383,       0.9843391,       0.1924334,
  -4000.0000000, -118000.0000000,
     -0.9241454,       0.9930970,       0.1924334,
  -4000.0000000, -118000.0000000,
     -0.9591769,       1.0164513,       0.1921091,
  -4000.0000000, -118000.0000000,
     -0.9701242,       0.9792304,       0.1924334,
  -4000.0000000, -118000.0000000,
     -0.9416612,       0.9887181,       0.1924334,
  -4000.0000000, -118000.0000000,
     -0.9161174,       0.9901777,       0.1924334,
  -4000.0000000, -118000.0000000,
     -0.9314437,       0.9544164,       0.1927578,
  -4000.0000000, -118000.0000000,
     -0.9234156,       0.9383604,       0.1924334,
  -4000.0000000, -118000.0000000,
     -0.9453103,       0.9551463,       0.1927578,
  -4000.0000000, -118000.0000000,
     -0.9226858,       0.9799602,       0.1927578,
  -4000.0000000, -118000.0000000,
     -0.9168472,       0.9836093,       0.1924334,
  -4000.0000000, -118000.0000000,
