     -0.5001189,       0.1355561,       0.2300598,
 -18000.0000000,  -12000.0000000,
     -0.5198241,       0.1881033,       0.2300598,
 -18000.0000000,  -12000.0000000,
     -0.5001189,       0.1435842,       0.2300598,
 -18000.0000000,  -12000.0000000,
     -0.5439082,       0.1581806,       0.2300598,
 -18000.0000000,  -12000.0000000,
     -0.5431784,       0.1428543,       0.2300598,
 -18000.0000000,  -12000.0000000,
     -0.5446380,       0.1545315,       0.2297354,
 -18000.0000000,  -12000.0000000,
     -0.5169048,       0.1662086,       0.2297354,
 -18000.0000000,  -12001.0000000,
     -0.5015785,       0.1771560,       0.2290867,
 -18000.0000000,  -12004.5000000,
     -0.5263924,       0.1764262,       0.2287624,
 -18000.0000000,  -12012.0000000,
     -0.5110662,       0.1954015,       0.2297354,
 -18000.0000000,  -12021.5000000,
     -0.4884417,       0.2172962,       0.2297354,
 -18000.0000000,  -12030.0000000,
     -0.5811291,       0.1647490,       0.2294111,
 -18000.0000000,  -12047.5000000,
     -0.4753049,       0.1888331,       0.2290867,
 -18000.0000000,  -12060.0000000,
     -0.5767502,       0.1713174,       0.2284380,
 -18000.0000000,  -12084.0000000,
     -0.5059574,       0.1735069,       0.2300598,
 -18000.0000000,  -12100.0000000,
     -0.5293117,       0.1523420,       0.2297354,
 -18000.0000000,  -12130.5000000,
     -0.5117960,       0.2136471,       0.2284380,
 -18000.0000000,  -12153.0000000,
     -0.4899013,       0.1362859,       0.2294111,
 -18000.0000000,  -12186.5000000,
     -0.4855224,       0.1954015,       0.2284380,
 -18000.0000000,  -12210.0000000,
     -0.4855224,       0.1800753,       0.2294111,
 -18000.0000000,  -12253.5000000,
     -0.5424485,       0.1829946,       0.2297354,
 -18000.0000000,  -12279.5000000,
     -0.5234732,       0.1961314,       0.2287624,
 -18000.0000000,  -12318.5000000,
     -0.5023083,       0.1713174,       0.2281136,
 -18000.0000000,  -12371.0000000,
     -0.4877119,       0.1975910,       0.2287624,
 -18000.0000000,  -12406.0000000,
     -0.4555997,       0.1479631,       0.2290867,
 -18000.0000000,  -12462.5000000,
     -0.5059574,       0.1384754,       0.2281136,
 -18000.0000000,  -12498.0000000,
     -0.4592488,       0.1552613,       0.2281136,
 -18000.0000000,  -12558.0000000,
     -0.5271223,       0.1501526,       0.2271405,
 -18000.0000000,  -12606.5000000,
     -0.5249328,       0.2172962,       0.2264918,
 -18000.0000000,  -12675.0000000,
     -0.4636278,       0.1713174,       0.2274649,
 -18000.0000000,  -12721.5000000,
     -0.4906312,       0.1859138,       0.2271405,
 -18000.0000000,  -12779.0000000,
     -0.5044978,       0.1990506,       0.2268162,
 -18000.0000000,  -12843.0000000,
     -0.4468418,       0.1720472,       0.2255187,
 -18000.0000000,  -12909.0000000,
     -0.4453822,       0.2005103,       0.2255187,
 -18000.0000000,  -12982.0000000,
     -0.4789540,       0.1808051,       0.2258431,
 -18000.0000000,  -13069.0000000,
     -0.4636278,       0.1895630,       0.2251943,
 -18000.0000000,  -13127.0000000,
     -0.5030381,       0.1632894,       0.2248700,
 -18000.0000000,  -13211.5000000,
     -0.4658172,       0.1713174,       0.2245456,
 -18000.0000000,  -13282.5000000,
     -0.4680067,       0.1888331,       0.2238969,
 -18000.0000000,  -13381.5000000,
     -0.4789540,       0.1589104,       0.2235725,
 -18000.0000000,  -13442.5000000,
     -0.4483015,       0.1954015,       0.2225994,
 -18000.0000000,  -13553.0000000,
     -0.4643576,       0.1319070,       0.2225994,
 -18000.0000000,  -13617.5000000,
     -0.4804137,       0.2019699,       0.2219507,
 -18000.0000000,  -13708.5000000,
     -0.4855224,       0.2107278,       0.2219507,
 -18000.0000000,  -13808.0000000,
     -0.4774944,       0.1895630,       0.2229238,
 -18000.0000000,  -13926.0000000,
     -0.5198241,       0.1829946,       0.2232481,
 -18000.0000000,  -14003.5000000,
     -0.4774944,       0.2012401,       0.2232481,
 -18000.0000000,  -14099.0000000,
     -0.4920908,       0.1413947,       0.2229238,
 -18000.0000000,  -14232.0000000,
     -0.4789540,       0.1742367,       0.2219507,
 -18000.0000000,  -14309.0000000,
     -0.4767646,       0.1735069,       0.2213020,
 -18000.0000000,  -14448.5000000,
     -0.4891715,       0.1888331,       0.2203289,
 -18000.0000000,  -14535.5000000,
     -0.4453822,       0.2019699,       0.2190314,
 -18000.0000000,  -14661.5000000,
     -0.4585190,       0.2370014,       0.2161121,
 -18000.0000000,  -14766.0000000,
     -0.4534102,       0.1917524,       0.2154634,
 -18000.0000000,  -14911.0000000,
     -0.3855368,       0.1895630,       0.2138415,
 -18000.0000000,  -14999.0000000,
     -0.3964841,       0.1735069,       0.2122197,
 -18000.0000000,  -15116.0000000,
     -0.4504910,       0.1939419,       0.2105979,
 -18000.0000000,  -15277.0000000,
     -0.4015929,       0.1975910,       0.2086517,
 -18000.0000000,  -15427.5000000,
     -0.3994034,       0.1837244,       0.2070299,
 -18000.0000000,  -15516.0000000,
     -0.4519506,       0.2158365,       0.2047593,
 -18000.0000000,  -15799.5000000,
     -0.3782386,       0.2129173,       0.2024888,
 -18000.0000000,  -15862.5000000,
     -0.4088911,       0.2450294,       0.1992451,
 -18000.0000000,  -15980.0000000,
     -0.4008631,       0.3063345,       0.1917847,
 -18000.0000000,  -16044.5000000,
     -0.3716702,       0.3238502,       0.1827025,
 -18000.0000000,  -16211.5000000,
     -0.3964841,       0.3231204,       0.1749177,
 -18000.0000000,  -16398.5000000,
     -0.3395580,       0.2625452,       0.1661598,
 -18000.0000000,  -16507.0000000,
     -0.2811723,       0.3056047,       0.1580507,
 -18000.0000000,  -16691.5000000,
     -0.3132844,       0.2151067,       0.1590238,
 -18000.0000000,  -16812.0000000,
     -0.2548987,       0.1829946,       0.1622675,
 -18000.0000000,  -17028.0000000,
     -0.2497899,       0.0800896,       0.1681060,
 -18000.0000000,  -17110.0000000,
     -0.2935792,       0.0487073,       0.1775126,
 -18000.0000000,  -17297.5000000,
     -0.3016073,       0.1012545,       0.1856218,
 -18000.0000000,  -17425.5000000,
     -0.3235019,       0.0866580,       0.1917847,
 -18000.0000000,  -17627.0000000,
     -0.3592632,       0.1348263,       0.1979476,
 -18000.0000000,  -17759.0000000,
     -0.3410177,       0.1275281,       0.2031375,
 -18000.0000000,  -17986.5000000,
     -0.3534246,       0.1742367,       0.2050837,
 -18000.0000000,  -18170.5000000,
     -0.3468562,       0.1851840,       0.2067055,
 -18000.0000000,  -18308.5000000,
     -0.3081757,       0.1698578,       0.2073542,
 -18000.0000000,  -18527.0000000,
     -0.3519650,       0.1589104,       0.2011913,
 -18000.0000000,  -18709.0000000,
     -0.3439369,       0.1399351,       0.2067055,
 -18000.0000000,  -18832.0000000,
     -0.3380984,       0.1720472,       0.2067055,
 -18000.0000000,  -19080.5000000,
     -0.3293405,       0.1567210,       0.2063811,
 -18000.0000000,  -19270.0000000,
     -0.3380984,       0.1829946,       0.2060568,
 -18000.0000000,  -19451.5000000,
     -0.3388282,       0.1808051,       0.2060568,
 -18000.0000000,  -19614.0000000,
     -0.3067160,       0.1924822,       0.2057324,
 -18000.0000000,  -19810.5000000,
     -0.3162037,       0.1888331,       0.2054080,
 -18000.0000000,  -20053.5000000,
     -0.3235019,       0.1654788,       0.2047593,
 -18000.0000000,  -20199.5000000,
     -0.3709404,       0.1333667,       0.1989207,
 -18000.0000000,  -20460.0000000,
     -0.3636421,       0.1954015,       0.2015157,
 -18000.0000000,  -20621.5000000,
     -0.3081757,       0.1881033,       0.2034619,
 -18000.0000000,  -20874.5000000,
     -0.2607372,       0.1881033,       0.2024888,
 -18000.0000000,  -21040.0000000,
     -0.3205826,       0.2107278,       0.2015157,
 -18000.0000000,  -21253.5000000,
     -0.2884705,       0.2005103,       0.2002182,
 -18000.0000000,  -21517.0000000,
     -0.2972283,       0.1983208,       0.2008669,
 -18000.0000000,  -21688.5000000,
     -0.2512495,       0.1669385,       0.2015157,
 -18000.0000000,  -21958.5000000,
     -0.2417619,       0.1713174,       0.2018400,
 -18000.0000000,  -22108.0000000,
     -0.2943090,       0.1691279,       0.2031375,
 -18000.0000000,  -22397.0000000,
     -0.2840915,       0.1406649,       0.2041106,
 -18000.0000000,  -22626.5000000,
     -0.2687653,       0.1195000,       0.2044350,
 -18000.0000000,  -22820.0000000,
     -0.3008774,       0.1873735,       0.2054080,
 -18000.0000000,  -23092.0000000,
     -0.2906599,       0.1713174,       0.2057324,
 -18000.0000000,  -23262.5000000,
     -0.2505197,       0.1778858,       0.2057324,
 -18000.0000000,  -23575.5000000,
     -0.2505197,       0.1647490,       0.2057324,
 -18000.0000000,  -23810.5000000,
     -0.2760635,       0.1844542,       0.2041106,
 -18000.0000000,  -23981.5000000,
     -0.2629267,       0.1881033,       0.2054080,
 -18000.0000000,  -24229.5000000,
     -0.2614671,       0.1501526,       0.2050837,
 -18000.0000000,  -24516.0000000,
     -0.2293549,       0.1793454,       0.2063811,
 -18000.0000000,  -24737.0000000,
     -0.2344636,       0.1494227,       0.2076786,
 -18000.0000000,  -24985.0000000,
     -0.2271654,       0.1589104,       0.2076786,
 -18000.0000000,  -25169.0000000,
     -0.2366531,       0.1640192,       0.2070299,
 -18000.0000000,  -25455.5000000,
     -0.2643863,       0.1567210,       0.2073542,
 -18000.0000000,  -25639.0000000,
     -0.2220567,       0.1435842,       0.2070299,
 -18000.0000000,  -25861.5000000,
     -0.2271654,       0.1735069,       0.2054080,
 -18000.0000000,  -26109.5000000,
     -0.1877550,       0.1866437,       0.2060568,
 -18000.0000000,  -26383.5000000,
     -0.1811866,       0.2026997,       0.2063811,
 -18000.0000000,  -26580.0000000,
     -0.1753481,       0.1793454,       0.2060568,
 -18000.0000000,  -26866.0000000,
     -0.1921340,       0.1983208,       0.2047593,
 -18000.0000000,  -27036.0000000,
     -0.2154883,       0.1859138,       0.2076786,
 -18000.0000000,  -27336.5000000,
     -0.1673200,       0.1720472,       0.2076786,
 -18000.0000000,  -27520.0000000,
     -0.1607516,       0.1895630,       0.2070299,
 -18000.0000000,  -27806.5000000,
     -0.1702393,       0.1829946,       0.2063811,
 -18000.0000000,  -27990.5000000,
     -0.1403166,       0.1837244,       0.2063811,
 -18000.0000000,  -28277.0000000,
     -0.1330184,       0.2078085,       0.2063811,
 -18000.0000000,  -28448.0000000,
     -0.1870252,       0.1800753,       0.2070299,
 -18000.0000000,  -28682.0000000,
     -0.1461552,       0.1961314,       0.2070299,
 -18000.0000000,  -28930.0000000,
     -0.1680498,       0.1895630,       0.2086517,
 -18000.0000000,  -29216.5000000,
     -0.1519938,       0.2034296,       0.2086517,
 -18000.0000000,  -29400.0000000,
     -0.1381271,       0.1742367,       0.2060568,
 -18000.0000000,  -29635.0000000,
     -0.1760779,       0.2121874,       0.2080030,
 -18000.0000000,  -29895.0000000,
     -0.1264500,       0.1983208,       0.2073542,
 -18000.0000000,  -30157.0000000,
     -0.1271798,       0.2085383,       0.2067055,
 -18000.0000000,  -30341.0000000,
     -0.1512639,       0.1873735,       0.2076786,
 -18000.0000000,  -30627.5000000,
     -0.1373973,       0.2019699,       0.2073542,
 -18000.0000000,  -30811.0000000,
     -0.1293693,       0.1924822,       0.2086517,
 -18000.0000000,  -31070.5000000,
     -0.1651306,       0.2348119,       0.2083273,
 -18000.0000000,  -31332.5000000,
     -0.0979869,       0.2172962,       0.2076786,
 -18000.0000000,  -31503.5000000,
     -0.1337482,       0.2165664,       0.2073542,
 -18000.0000000,  -31751.5000000,
     -0.1505341,       0.2180260,       0.2080030,
 -18000.0000000,  -32025.0000000,
     -0.0928782,       0.2114576,       0.2060568,
 -18000.0000000,  -32222.0000000,
     -0.0979869,       0.2472189,       0.2054080,
 -18000.0000000,  -32482.0000000,
     -0.0461696,       0.1932121,       0.2024888,
 -18000.0000000,  -32691.0000000,
     -0.0687940,       0.1895630,       0.2041106,
 -18000.0000000,  -32977.5000000,
     -0.1016360,       0.2224049,       0.2037862,
 -18000.0000000,  -33161.0000000,
     -0.0833905,       0.2333523,       0.2047593,
 -18000.0000000,  -33421.0000000,
     -0.0979869,       0.2253242,       0.2054080,
 -18000.0000000,  -33631.5000000,
     -0.1286394,       0.2187558,       0.2050837,
 -18000.0000000,  -33891.5000000,
     -0.0812010,       0.2267839,       0.2057324,
 -18000.0000000,  -34140.5000000,
     -0.1191518,       0.2231348,       0.2060568,
 -18000.0000000,  -34337.0000000,
     -0.1308289,       0.2362716,       0.2057324,
 -18000.0000000,  -34572.0000000,
     -0.0848501,       0.1961314,       0.2050837,
 -18000.0000000,  -34831.5000000,
     -0.0782817,       0.2348119,       0.2057324,
 -18000.0000000,  -35029.5000000,
     -0.1082044,       0.2048892,       0.2054080,
 -18000.0000000,  -35302.0000000,
     -0.0571169,       0.2399207,       0.2044350,
 -18000.0000000,  -35551.0000000,
     -0.0768221,       0.2311628,       0.2044350,
 -18000.0000000,  -35721.0000000,
     -0.0308433,       0.2048892,       0.2047593,
 -18000.0000000,  -36021.5000000,
     -0.0739028,       0.2165664,       0.2047593,
 -18000.0000000,  -36218.0000000,
     -0.0432503,       0.2158365,       0.2057324,
 -18000.0000000,  -36478.0000000,
     -0.0556572,       0.2078085,       0.2057324,
 -18000.0000000,  -36713.0000000,
     -0.0344924,       0.2297032,       0.2047593,
 -18000.0000000,  -36947.0000000,
     -0.0928782,       0.2537873,       0.2037862,
 -18000.0000000,  -37182.0000000,
     -0.0374117,       0.2297032,       0.2034619,
 -18000.0000000,  -37392.5000000,
     -0.0045697,       0.2311628,       0.2037862,
 -18000.0000000,  -37652.0000000,
     -0.0089486,       0.2180260,       0.2034619,
 -18000.0000000,  -37901.0000000,
      0.0092969,       0.2216751,       0.2015157,
 -18000.0000000,  -38085.5000000,
      0.0019987,       0.2304330,       0.2028131,
 -18000.0000000,  -38333.5000000,
     -0.0286538,       0.2304330,       0.2015157,
 -18000.0000000,  -38593.0000000,
     -0.0104083,       0.1946717,       0.2015157,
 -18000.0000000,  -38828.0000000,
     -0.0067592,       0.2362716,       0.2018400,
 -18000.0000000,  -39063.0000000,
     -0.0155170,       0.2231348,       0.2021644,
 -18000.0000000,  -39261.0000000,
     -0.0082188,       0.2180260,       0.2024888,
 -18000.0000000,  -39547.0000000,
     -0.0198960,       0.2041594,       0.2031375,
 -18000.0000000,  -39782.0000000,
     -0.0709835,       0.2151067,       0.2031375,
 -18000.0000000,  -39979.0000000,
     -0.0125977,       0.2048892,       0.2024888,
 -18000.0000000,  -40239.0000000,
     -0.0089486,       0.2136471,       0.2031375,
 -18000.0000000,  -40436.5000000,
     -0.0191661,       0.2326225,       0.2031375,
 -18000.0000000,  -40709.0000000,
      0.0290021,       0.2026997,       0.2028131,
 -18000.0000000,  -40943.0000000,
     -0.0016504,       0.1961314,       0.2037862,
 -18000.0000000,  -41178.0000000,
     -0.0045697,       0.2056190,       0.2047593,
 -18000.0000000,  -41388.5000000,
      0.0516266,       0.2238646,       0.2041106,
 -18000.0000000,  -41648.5000000,
     -0.0052995,       0.2515978,       0.2050837,
 -18000.0000000,  -41859.0000000,
      0.0654932,       0.2136471,       0.2044350,
 -18000.0000000,  -42119.0000000,
      0.1012545,       0.2238646,       0.2050837,
 -18000.0000000,  -42329.5000000,
      0.0282723,       0.2297032,       0.2054080,
 -18000.0000000,  -42603.0000000,
      0.0304618,       0.2172962,       0.2057324,
 -18000.0000000,  -42773.0000000,
      0.0633037,       0.2034296,       0.2060568,
 -18000.0000000,  -43034.5000000,
      0.0202442,       0.1932121,       0.2067055,
 -18000.0000000,  -43270.0000000,
      0.1041738,       0.2275137,       0.2005426,
 -18000.0000000,  -43543.5000000,
      0.0581950,       0.2194857,       0.2060568,
 -18000.0000000,  -43727.5000000,
      0.0443284,       0.2450294,       0.2060568,
 -18000.0000000,  -44000.0000000,
      0.1085527,       0.2202155,       0.2011913,
 -18000.0000000,  -44235.0000000,
      0.0822791,       0.2026997,       0.2037862,
 -18000.0000000,  -44470.5000000,
      0.0961457,       0.2092681,       0.2047593,
 -18000.0000000,  -44718.0000000,
      0.1289877,       0.2041594,       0.2060568,
 -18000.0000000,  -44914.5000000,
      0.0457880,       0.2180260,       0.2063811,
 -18000.0000000,  -45174.5000000,
      0.0713318,       0.1932121,       0.2060568,
 -18000.0000000,  -45423.0000000,
      0.1311772,       0.1844542,       0.2060568,
 -18000.0000000,  -45620.0000000,
      0.1085527,       0.2085383,       0.2050837,
 -18000.0000000,  -45880.0000000,
      0.1100124,       0.2048892,       0.2057324,
 -18000.0000000,  -46115.0000000,
      0.1362859,       0.2406505,       0.2067055,
 -18000.0000000,  -46364.0000000,
      0.0779002,       0.2056190,       0.2057324,
 -18000.0000000,  -46585.5000000,
      0.1392052,       0.1961314,       0.2057324,
 -18000.0000000,  -46820.5000000,
      0.1078229,       0.1932121,       0.2057324,
 -18000.0000000,  -47031.0000000,
      0.1092825,       0.2099980,       0.2057324,
 -18000.0000000,  -47278.0000000,
      0.1647490,       0.2377312,       0.2063811,
 -18000.0000000,  -47501.0000000,
      0.1114720,       0.1990506,       0.2067055,
 -18000.0000000,  -47736.5000000,
      0.1034440,       0.1786156,       0.2063811,
 -18000.0000000,  -48010.0000000,
      0.1764262,       0.1844542,       0.2070299,
 -18000.0000000,  -48206.5000000,
      0.1406649,       0.1691279,       0.2086517,
 -18000.0000000,  -48480.0000000,
      0.1326368,       0.1924822,       0.2102735,
 -18000.0000000,  -48650.5000000,
      0.2099980,       0.1866437,       0.2112466,
 -18000.0000000,  -48935.5000000,
      0.1523420,       0.1910226,       0.2125441,
 -18000.0000000,  -49146.0000000,
      0.1187702,       0.1859138,       0.2131928,
 -18000.0000000,  -49419.5000000,
      0.2056190,       0.1837244,       0.2138415,
 -18000.0000000,  -49616.0000000,
      0.1340965,       0.2078085,       0.2141659,
 -18000.0000000,  -49890.0000000,
      0.1778858,       0.1683981,       0.2154634,
 -18000.0000000,  -50074.0000000,
      0.2421101,       0.1902928,       0.2151390,
 -18000.0000000,  -50360.0000000,
      0.1392052,       0.1859138,       0.2161121,
 -18000.0000000,  -50544.0000000,
      0.1808051,       0.1859138,       0.2170852,
 -18000.0000000,  -50830.0000000,
      0.2019699,       0.2019699,       0.2177339,
 -18000.0000000,  -51000.5000000,
      0.1114720,       0.1888331,       0.2174096,
 -18000.0000000,  -51300.5000000,
      0.1902928,       0.2048892,       0.2187070,
 -18000.0000000,  -51470.5000000,
      0.1997805,       0.1764262,       0.2193558,
 -18000.0000000,  -51771.0000000,
      0.1384754,       0.1581806,       0.2200045,
 -18000.0000000,  -51941.0000000,
      0.1924822,       0.1924822,       0.2209776,
 -18000.0000000,  -52190.0000000,
      0.1603701,       0.1443140,       0.2216263,
 -18000.0000000,  -52476.5000000,
      0.1618297,       0.1625595,       0.2209776,
 -18000.0000000,  -52685.0000000,
      0.2245944,       0.2099980,       0.2206532,
 -18000.0000000,  -52880.0000000,
      0.2063489,       0.1917524,       0.2203289,
 -18000.0000000,  -53180.5000000,
      0.1333667,       0.1866437,       0.2209776,
 -18000.0000000,  -53350.5000000,
      0.2362716,       0.2216751,       0.2216263,
 -18000.0000000,  -53585.5000000,
      0.1888331,       0.2092681,       0.2213020,
 -18000.0000000,  -53886.0000000,
      0.2092681,       0.1946717,       0.2209776,
 -18000.0000000,  -54070.0000000,
      0.2253242,       0.1961314,       0.2209776,
 -18000.0000000,  -54356.5000000,
      0.1881033,       0.1567210,       0.2193558,
 -18000.0000000,  -54540.5000000,
      0.2450294,       0.1735069,       0.2200045,
 -18000.0000000,  -54800.0000000,
      0.2946573,       0.1954015,       0.2190314,
 -18000.0000000,  -54996.5000000,
      0.2034296,       0.1932121,       0.2183827,
 -18000.0000000,  -55231.5000000,
      0.2545171,       0.1764262,       0.2187070,
 -18000.0000000,  -55466.5000000,
      0.2355417,       0.1640192,       0.2174096,
 -18000.0000000,  -55702.0000000,
      0.2194857,       0.2114576,       0.2180583,
 -18000.0000000,  -56002.0000000,
      0.3004959,       0.1822647,       0.2177339,
 -18000.0000000,  -56172.5000000,
      0.2559768,       0.1968612,       0.2170852,
 -18000.0000000,  -56472.5000000,
      0.2377312,       0.1910226,       0.2161121,
 -18000.0000000,  -56642.5000000,
      0.2800609,       0.1538017,       0.2167608,
 -18000.0000000,  -56941.5000000,
      0.2121874,       0.1443140,       0.2180583,
 -18000.0000000,  -57111.5000000,
      0.2078085,       0.1523420,       0.2200045,
 -18000.0000000,  -57411.5000000,
      0.2275137,       0.1370158,       0.2219507,
 -18000.0000000,  -57582.0000000,
      0.2136471,       0.1829946,       0.2216263,
 -18000.0000000,  -57831.0000000,
      0.2099980,       0.1705876,       0.2235725,
 -18000.0000000,  -58117.5000000,
      0.2457592,       0.1472333,       0.2235725,
 -18000.0000000,  -58287.5000000,
      0.2165664,       0.1756963,       0.2216263,
 -18000.0000000,  -58561.0000000,
      0.2165664,       0.1837244,       0.2229238,
 -18000.0000000,  -58771.5000000,
      0.2435698,       0.1486929,       0.2222750,
 -18000.0000000,  -59057.5000000,
      0.1873735,       0.1472333,       0.2216263,
 -18000.0000000,  -59241.5000000,
      0.2515978,       0.1749665,       0.2203289,
 -18000.0000000,  -59501.5000000,
      0.2486785,       0.1574508,       0.2193558,
 -18000.0000000,  -59712.0000000,
      0.2581662,       0.1625595,       0.2190314,
 -18000.0000000,  -59933.0000000,
      0.2625452,       0.1596402,       0.2170852,
 -18000.0000000,  -60233.5000000,
      0.2515978,       0.1625595,       0.2180583,
 -18000.0000000,  -60456.0000000,
      0.2442996,       0.1676683,       0.2167608,
 -18000.0000000,  -60651.5000000,
      0.2939275,       0.1574508,       0.2164365,
 -18000.0000000,  -60937.5000000,
      0.2742223,       0.1829946,       0.2157877,
 -18000.0000000,  -61107.5000000,
      0.2742223,       0.1538017,       0.2151390,
 -18000.0000000,  -61408.0000000,
      0.3260397,       0.1603701,       0.2138415,
 -18000.0000000,  -61592.0000000,
      0.2983064,       0.1778858,       0.2138415,
 -18000.0000000,  -61878.0000000,
      0.2902784,       0.1705876,       0.2122197,
 -18000.0000000,  -62062.0000000,
      0.3202011,       0.1720472,       0.2115710,
 -18000.0000000,  -62322.0000000,
      0.2815205,       0.1428543,       0.2105979,
 -18000.0000000,  -62519.0000000,
      0.3187415,       0.1516122,       0.2102735,
 -18000.0000000,  -62753.5000000,
      0.3150923,       0.1238790,       0.2099492,
 -18000.0000000,  -62989.0000000,
      0.2873591,       0.1450438,       0.2102735,
 -18000.0000000,  -63289.0000000,
      0.3231204,       0.1413947,       0.2099492,
 -18000.0000000,  -63524.0000000,
      0.3034152,       0.1238790,       0.2093004,
 -18000.0000000,  -63694.5000000,
      0.3019555,       0.1435842,       0.2096248,
 -18000.0000000,  -63929.5000000,
      0.3238502,       0.1173106,       0.2096248,
 -18000.0000000,  -64164.5000000,
      0.3559624,       0.0939563,       0.2102735,
 -18000.0000000,  -64465.0000000,
      0.3289590,       0.1333667,       0.2112466,
 -18000.0000000,  -64635.0000000,
      0.3888044,       0.1326368,       0.2118954,
 -18000.0000000,  -64868.5000000,
      0.3428256,       0.1187702,       0.2131928,
 -18000.0000000,  -65104.0000000,
      0.3479343,       0.1107422,       0.2138415,
 -18000.0000000,  -65326.0000000,
      0.3683693,       0.1326368,       0.2141659,
 -18000.0000000,  -65639.0000000,
      0.3756676,       0.0954159,       0.2086517,
 -18000.0000000,  -65809.5000000,
      0.3457449,       0.1559911,       0.2148146,
 -18000.0000000,  -66058.5000000,
      0.4019412,       0.1238790,       0.2154634,
 -18000.0000000,  -66345.0000000,
      0.3282291,       0.1304474,       0.2157877,
 -18000.0000000,  -66515.0000000,
      0.3559624,       0.1129316,       0.2161121,
 -18000.0000000,  -66763.5000000,
      0.3596115,       0.0903072,       0.2174096,
 -18000.0000000,  -67050.0000000,
      0.3304186,       0.1122018,       0.2177339,
 -18000.0000000,  -67207.5000000,
      0.3763974,       0.0895773,       0.2183827,
 -18000.0000000,  -67520.5000000,
      0.3581518,       0.0939563,       0.2183827,
 -18000.0000000,  -67755.5000000,
      0.3537729,       0.1107422,       0.2190314,
 -18000.0000000,  -67939.5000000,
      0.3800465,       0.1056334,       0.2190314,
 -18000.0000000,  -68226.0000000,
      0.3785869,       0.1012545,       0.2193558,
 -18000.0000000,  -68410.0000000,
      0.3618010,       0.1231491,       0.2196801,
 -18000.0000000,  -68695.0000000,
      0.3888044,       0.0757107,       0.2196801,
 -18000.0000000,  -68878.5000000,
      0.3866149,       0.1209597,       0.2203289,
 -18000.0000000,  -69114.0000000,
      0.3756676,       0.0881177,       0.2209776,
 -18000.0000000,  -69400.5000000,
      0.4158078,       0.0888475,       0.2187070,
 -18000.0000000,  -69584.0000000,
      0.4041306,       0.1165808,       0.2193558,
 -18000.0000000,  -69858.0000000,
      0.4070499,       0.0910370,       0.2206532,
 -18000.0000000,  -70054.5000000,
      0.4318639,       0.1289877,       0.2209776,
 -18000.0000000,  -70341.0000000,
      0.3997517,       0.1114720,       0.2206532,
 -18000.0000000,  -70498.5000000,
      0.4034008,       0.1151211,       0.2209776,
 -18000.0000000,  -70811.0000000,
      0.3909938,       0.1370158,       0.2203289,
 -18000.0000000,  -70968.5000000,
      0.3902640,       0.1187702,       0.2200045,
 -18000.0000000,  -71281.5000000,
      0.4347832,       0.0888475,       0.2180583,
 -18000.0000000,  -71465.5000000,
      0.4128885,       0.1122018,       0.2177339,
 -18000.0000000,  -71739.0000000,
      0.3880745,       0.0779002,       0.2170852,
 -18000.0000000,  -71935.5000000,
      0.4705444,       0.0866580,       0.2151390,
 -18000.0000000,  -72171.0000000,
      0.4464603,       0.0538161,       0.2135172,
 -18000.0000000,  -72457.5000000,
      0.4165376,       0.0830089,       0.2141659,
 -18000.0000000,  -72640.0000000,
      0.4486498,       0.1005247,       0.2131928,
 -18000.0000000,  -72926.0000000,
      0.4778427,       0.0749809,       0.2122197,
 -18000.0000000,  -73110.0000000,
      0.4267551,       0.0749809,       0.2115710,
 -18000.0000000,  -73396.5000000,
      0.4617866,       0.0888475,       0.2102735,
 -18000.0000000,  -73580.5000000,
      0.4683550,       0.0808195,       0.2089761,
 -18000.0000000,  -73866.5000000,
      0.4362428,       0.0706020,       0.2096248,
 -18000.0000000,  -74050.5000000,
      0.5055759,       0.0676827,       0.2086517,
 -18000.0000000,  -74337.5000000,
      0.4252955,       0.0421389,       0.2083273,
 -18000.0000000,  -74572.5000000,
      0.4632462,       0.0932264,       0.2073542,
 -18000.0000000,  -74729.5000000,
      0.5026566,       0.1019843,       0.2073542,
 -18000.0000000,  -75042.5000000,
      0.4362428,       0.0800896,       0.2063811,
 -18000.0000000,  -75277.5000000,
      0.4734637,       0.0764405,       0.2063811,
 -18000.0000000,  -75461.5000000,
      0.4654357,       0.0516266,       0.2067055,
 -18000.0000000,  -75748.0000000,
      0.4194569,       0.0545459,       0.2057324,
 -18000.0000000,  -75931.5000000,
      0.4909794,       0.0428687,       0.2063811,
 -18000.0000000,  -76218.5000000,
      0.5106846,       0.0414091,       0.2063811,
 -18000.0000000,  -76388.5000000,
      0.4289446,       0.0253530,       0.2073542,
 -18000.0000000,  -76687.5000000,
      0.5077654,       0.0443284,       0.2070299,
 -18000.0000000,  -76871.0000000,
      0.4917093,       0.0355705,       0.2089761,
 -18000.0000000,  -77157.5000000,
      0.4632462,       0.0421389,       0.2080030,
 -18000.0000000,  -77341.5000000,
      0.5581231,       0.0516266,       0.2096248,
 -18000.0000000,  -77576.5000000,
      0.5267407,       0.0538161,       0.2109223,
 -18000.0000000,  -77863.0000000,
      0.4763830,       0.0581950,       0.2128685,
 -18000.0000000,  -78047.0000000,
      0.4800321,       0.0348407,       0.2131928,
 -18000.0000000,  -78333.5000000,
      0.4486498,      -0.0009206,       0.2144903,
 -18000.0000000,  -78490.5000000,
      0.5128741,       0.0217039,       0.2154634,
 -18000.0000000,  -78803.5000000,
      0.5041162,       0.0238934,       0.2164365,
 -18000.0000000,  -78987.0000000,
      0.4953584,       0.0326512,       0.2174096,
 -18000.0000000,  -79273.5000000,
      0.5179829,       0.0363003,       0.2170852,
 -18000.0000000,  -79457.5000000,
      0.5201723,       0.0122162,       0.2177339,
 -18000.0000000,  -79692.5000000,
      0.4793023,       0.0494371,       0.2187070,
 -18000.0000000,  -79979.0000000,
      0.5274706,       0.0217039,       0.2183827,
 -18000.0000000,  -80163.0000000,
      0.4960882,       0.0523564,       0.2187070,
 -18000.0000000,  -80449.5000000,
      0.4946286,       0.0333810,       0.2190314,
 -18000.0000000,  -80632.5000000,
      0.5705301,       0.0341109,       0.2190314,
 -18000.0000000,  -80918.5000000,
      0.5165232,       0.0246232,       0.2203289,
 -18000.0000000,  -81102.5000000,
      0.5413372,       0.0129460,       0.2203289,
 -18000.0000000,  -81337.5000000,
      0.5552038,      -0.0038399,       0.2200045,
 -18000.0000000,  -81572.5000000,
      0.5282004,       0.0246232,       0.2203289,
 -18000.0000000,  -81859.0000000,
      0.5479056,       0.0589248,       0.2193558,
 -18000.0000000,  -82043.0000000,
      0.5552038,       0.0063776,       0.2183827,
 -18000.0000000,  -82329.5000000,
      0.5369582,       0.0428687,       0.2187070,
 -18000.0000000,  -82513.5000000,
      0.5552038,       0.0392196,       0.2174096,
 -18000.0000000,  -82799.5000000,
      0.5420670,       0.0640336,       0.2164365,
 -18000.0000000,  -83022.0000000,
      0.5770984,       0.0092969,       0.2154634,
 -18000.0000000,  -83218.5000000,
      0.5573933,       0.0472477,       0.2144903,
 -18000.0000000,  -83440.0000000,
      0.5654213,       0.0231635,       0.2135172,
 -18000.0000000,  -83689.0000000,
      0.5223618,       0.0187846,       0.2125441,
 -18000.0000000,  -83975.5000000,
      0.5909651,       0.0333810,       0.2109223,
 -18000.0000000,  -84146.5000000,
      0.5559336,       0.0114864,       0.2099492,
 -18000.0000000,  -84446.0000000,
      0.5770984,       0.0355705,       0.2086517,
 -18000.0000000,  -84628.5000000,
      0.5668809,       0.0268126,       0.2073542,
 -18000.0000000,  -84902.0000000,
      0.5858563,       0.0224337,       0.2070299,
 -18000.0000000,  -85085.5000000,
      0.5902352,       0.0253530,       0.2070299,
 -18000.0000000,  -85333.5000000,
      0.6033720,      -0.0198960,       0.2067055,
 -18000.0000000,  -85607.5000000,
      0.5698002,      -0.0031101,       0.2067055,
 -18000.0000000,  -85804.0000000,
      0.5741792,      -0.0323029,       0.2073542,
 -18000.0000000,  -86090.5000000,
      0.6208878,      -0.0315731,       0.2073542,
 -18000.0000000,  -86326.0000000,
      0.5895054,      -0.0147872,       0.2073542,
 -18000.0000000,  -86561.0000000,
      0.5865861,      -0.0220854,       0.2073542,
 -18000.0000000,  -86744.5000000,
      0.5916949,       0.0319214,       0.2083273,
 -18000.0000000,  -87031.0000000,
      0.5442565,      -0.0191661,       0.2089761,
 -18000.0000000,  -87202.0000000,
      0.5851265,      -0.0016504,       0.2099492,
 -18000.0000000,  -87474.5000000,
      0.6070212,      -0.0001908,       0.2093004,
 -18000.0000000,  -87710.0000000,
      0.5770984,      -0.0045697,       0.2102735,
 -18000.0000000,  -87945.0000000,
      0.5982633,      -0.0344924,       0.2109223,
 -18000.0000000,  -88155.5000000,
      0.5865861,      -0.0454397,       0.2109223,
 -18000.0000000,  -88415.5000000,
      0.5829370,      -0.0695239,       0.2128685,
 -18000.0000000,  -88663.0000000,
      0.6019124,      -0.0352222,       0.2131928,
 -18000.0000000,  -88911.0000000,
      0.6186983,      -0.0432503,       0.2141659,
 -18000.0000000,  -89094.5000000,
      0.5946142,      -0.0257345,       0.2151390,
 -18000.0000000,  -89381.0000000,
      0.5997229,      -0.0498187,       0.2148146,
 -18000.0000000,  -89565.0000000,
      0.6172387,      -0.0527380,       0.2151390,
 -18000.0000000,  -89825.0000000,
      0.5924247,      -0.0198960,       0.2167608,
 -18000.0000000,  -90035.5000000,
      0.6004528,      -0.0228153,       0.2170852,
 -18000.0000000,  -90322.0000000,
      0.6252667,      -0.0250047,       0.2174096,
 -18000.0000000,  -90506.0000000,
      0.6135896,      -0.0198960,       0.2167608,
 -18000.0000000,  -90765.5000000,
      0.6216176,      -0.0337626,       0.2190314,
 -18000.0000000,  -90975.5000000,
      0.6179685,      -0.0636853,       0.2187070,
 -18000.0000000,  -91236.0000000,
      0.6041019,      -0.0498187,       0.2183827,
 -18000.0000000,  -91471.0000000,
      0.6478912,      -0.0505485,       0.2183827,
 -18000.0000000,  -91706.0000000,
      0.6194281,      -0.0447099,       0.2180583,
 -18000.0000000,  -91916.5000000,
      0.6165088,      -0.0483590,       0.2187070,
 -18000.0000000,  -92176.5000000,
      0.6602982,      -0.0366819,       0.2174096,
 -18000.0000000,  -92425.5000000,
      0.6041019,      -0.0578467,       0.2164365,
 -18000.0000000,  -92621.0000000,
      0.6165088,      -0.0403310,       0.2157877,
 -18000.0000000,  -92855.5000000,
      0.6654069,      -0.0644151,       0.2157877,
 -18000.0000000,  -93091.0000000,
      0.6369439,      -0.0629555,       0.2148146,
 -18000.0000000,  -93351.0000000,
      0.6697858,      -0.0680642,       0.2144903,
 -18000.0000000,  -93548.5000000,
      0.6369439,      -0.0921483,       0.2135172,
 -18000.0000000,  -93821.0000000,
      0.6617578,      -0.0790116,       0.2131928,
 -18000.0000000,  -94031.5000000,
      0.6734350,      -0.0812010,       0.2125441,
 -18000.0000000,  -94305.5000000,
      0.6778139,      -0.0374117,       0.2109223,
 -18000.0000000,  -94502.0000000,
      0.6734350,      -0.0337626,       0.2105979,
 -18000.0000000,  -94737.0000000,
      0.6858419,      -0.0264644,       0.2096248,
 -18000.0000000,  -94996.5000000,
      0.6858419,      -0.0790116,       0.2080030,
 -18000.0000000,  -95245.5000000,
      0.6573789,      -0.0629555,       0.2050837,
 -18000.0000000,  -95467.0000000,
      0.6639473,      -0.0724432,       0.2067055,
 -18000.0000000,  -95677.5000000,
      0.6821928,      -0.0746326,       0.2067055,
 -18000.0000000,  -95937.5000000,
      0.6887612,      -0.1016360,       0.2057324,
 -18000.0000000,  -96159.5000000,
      0.6595683,      -0.0884992,       0.2044350,
 -18000.0000000,  -96383.0000000,
      0.7208734,      -0.1140430,       0.2037862,
 -18000.0000000,  -96617.0000000,
      0.7004384,      -0.0753624,       0.2044350,
 -18000.0000000,  -96890.5000000,
      0.6814630,      -0.0753624,       0.2044350,
 -18000.0000000,  -97087.0000000,
      0.7018980,      -0.0812010,       0.2041106,
 -18000.0000000,  -97347.0000000,
      0.6778139,      -0.0709835,       0.2041106,
 -18000.0000000,  -97557.0000000,
      0.6931402,      -0.1074746,       0.2037862,
 -18000.0000000,  -97817.0000000,
      0.6705157,      -0.1060150,       0.2041106,
 -18000.0000000,  -98027.5000000,
      0.7135752,      -0.1023659,       0.2050837,
 -18000.0000000,  -98287.5000000,
      0.6770841,      -0.1184219,       0.2047593,
 -18000.0000000,  -98498.0000000,
      0.7310909,      -0.1220711,       0.2057324,
 -18000.0000000,  -98682.0000000,
      0.6938700,      -0.1556429,       0.2057324,
 -18000.0000000,  -98968.0000000,
      0.6814630,      -0.1279096,       0.2063811,
 -18000.0000000,  -99242.0000000,
      0.6748946,      -0.1490745,       0.2067055,
 -18000.0000000,  -99438.5000000,
      0.6457017,      -0.1651306,       0.2070299,
 -18000.0000000,  -99712.0000000,
      0.7164945,      -0.1388570,       0.2076786,
 -18000.0000000,  -99908.5000000,
      0.7347400,      -0.0899589,       0.2086517,
 -18000.0000000, -100168.5000000,
      0.7223330,      -0.1388570,       0.2099492,
 -18000.0000000, -100417.5000000,
      0.6975191,      -0.1417762,       0.2105979,
 -18000.0000000, -100613.0000000,
      0.7237927,      -0.1337482,       0.2099492,
 -18000.0000000, -100848.0000000,
      0.6975191,      -0.1490745,       0.2112466,
 -18000.0000000, -101108.0000000,
      0.7252523,      -0.1768077,       0.2128685,
 -18000.0000000, -101343.0000000,
      0.7245225,      -0.1622113,       0.2138415,
 -18000.0000000, -101540.5000000,
      0.7172243,      -0.1804568,       0.2141659,
 -18000.0000000, -101840.0000000,
      0.7091962,      -0.1432359,       0.2144903,
 -18000.0000000, -102024.0000000,
      0.7259821,      -0.1585622,       0.2157877,
 -18000.0000000, -102259.0000000,
      0.7208734,      -0.1585622,       0.2154634,
 -18000.0000000, -102494.0000000,
      0.7354698,      -0.1395868,       0.2157877,
 -18000.0000000, -102767.5000000,
      0.7515259,      -0.1592920,       0.2151390,
 -18000.0000000, -102964.0000000,
      0.7128453,      -0.1709691,       0.2157877,
 -18000.0000000, -103238.0000000,
      0.7529856,      -0.1541832,       0.2154634,
 -18000.0000000, -103421.5000000,
      0.7777995,      -0.1899445,       0.2148146,
 -18000.0000000, -103657.0000000,
      0.7325505,      -0.1607516,       0.2141659,
 -18000.0000000, -103943.5000000,
      0.7537154,      -0.1519938,       0.2151390,
 -18000.0000000, -104140.0000000,
      0.7551750,      -0.1191518,       0.2141659,
 -18000.0000000, -104414.0000000,
      0.7559048,      -0.1753481,       0.2141659,
 -18000.0000000, -104609.0000000,
      0.7361997,      -0.1819165,       0.2135172,
 -18000.0000000, -104869.0000000,
      0.7391189,      -0.1381271,       0.2128685,
 -18000.0000000, -105079.5000000,
      0.7566347,      -0.1972427,       0.2112466,
 -18000.0000000, -105339.0000000,
      0.7391189,      -0.1833761,       0.2115710,
 -18000.0000000, -105574.0000000,
      0.7792592,      -0.1768077,       0.2083273,
 -18000.0000000, -105823.0000000,
      0.7376593,      -0.1841059,       0.2105979,
 -18000.0000000, -106020.0000000,
      0.7486066,      -0.1687797,       0.2099492,
 -18000.0000000, -106294.0000000,
      0.7522557,      -0.1943234,       0.2089761,
 -18000.0000000, -106477.5000000,
      0.7923959,      -0.2052708,       0.2083273,
 -18000.0000000, -106764.0000000,
      0.7332804,      -0.2242461,       0.2073542,
 -18000.0000000, -106960.5000000,
      0.7559048,      -0.1950533,       0.2070299,
 -18000.0000000, -107232.5000000,
      0.7785293,      -0.1877550,       0.2060568,
 -18000.0000000, -107413.5000000,
      0.7413084,      -0.2001620,       0.2057324,
 -18000.0000000, -107692.0000000,
      0.7610136,      -0.2067304,       0.2050837,
 -18000.0000000, -107869.0000000,
      0.7734206,      -0.2060006,       0.2028131,
 -18000.0000000, -108142.0000000,
      0.7646627,      -0.2308145,       0.2031375,
 -18000.0000000, -108302.5000000,
      0.7661224,      -0.1870252,       0.2041106,
 -18000.0000000, -108533.0000000,
      0.7829083,      -0.2395724,       0.2031375,
 -18000.0000000, -108796.5000000,
      0.7551750,      -0.2359233,       0.2024888,
 -18000.0000000, -109010.5000000,
      0.7683118,      -0.2140286,       0.2021644,
 -18000.0000000, -109163.5000000,
      0.7690416,      -0.2439513,       0.2018400,
 -18000.0000000, -109396.5000000,
      0.7354698,      -0.2497899,       0.2015157,
 -18000.0000000, -109580.0000000,
      0.7522557,      -0.2505197,       0.2015157,
 -18000.0000000, -109817.0000000,
      0.7697715,      -0.2344636,       0.2011913,
 -18000.0000000, -110041.0000000,
      0.7734206,      -0.2278952,       0.2011913,
 -18000.0000000, -110196.0000000,
      0.7748802,      -0.2534390,       0.2008669,
 -18000.0000000, -110435.0000000,
      0.7668522,      -0.2694951,       0.2015157,
 -18000.0000000, -110586.0000000,
      0.7413084,      -0.2753337,       0.2005426,
 -18000.0000000, -110819.0000000,
      0.7529856,      -0.2585478,       0.2005426,
 -18000.0000000, -110955.0000000,
      0.7741504,      -0.2278952,       0.2005426,
 -18000.0000000, -111142.0000000,
      0.7537154,      -0.2621969,       0.2005426,
 -18000.0000000, -111325.5000000,
      0.7967749,      -0.2804424,       0.1998938,
 -18000.0000000, -111557.0000000,
      0.7690416,      -0.2556285,       0.2008669,
 -18000.0000000, -111696.5000000,
      0.8084520,      -0.2614671,       0.2002182,
 -18000.0000000, -111910.5000000,
      0.8201292,      -0.2833617,       0.2015157,
 -18000.0000000, -112084.0000000,
      0.7726908,      -0.3242318,       0.2015157,
 -18000.0000000, -112207.5000000,
      0.7872872,      -0.2950389,       0.2005426,
 -18000.0000000, -112386.5000000,
      0.8230485,      -0.2643863,       0.2005426,
 -18000.0000000, -112543.5000000,
      0.7741504,      -0.2986880,       0.2024888,
 -18000.0000000, -112752.5000000,
      0.8318063,      -0.2724144,       0.2018400,
 -18000.0000000, -112869.0000000,
      0.7639329,      -0.2775231,       0.2028131,
 -18000.0000000, -113028.5000000,
      0.8018836,      -0.2913898,       0.2011913,
 -18000.0000000, -113227.5000000,
      0.8485922,      -0.2709547,       0.2018400,
 -18000.0000000, -113339.0000000,
      0.7938556,      -0.2862810,       0.2028131,
 -18000.0000000, -113515.0000000,
      0.7580943,      -0.2731442,       0.2024888,
 -18000.0000000, -113639.5000000,
      0.7923959,      -0.2855512,       0.2024888,
 -18000.0000000, -113786.0000000,
      0.7902065,      -0.2979582,       0.2024888,
 -18000.0000000, -113938.0000000,
      0.7843679,      -0.3337194,       0.2015157,
 -18000.0000000, -114071.5000000,
      0.7894767,      -0.3059862,       0.2024888,
 -18000.0000000, -114210.5000000,
      0.8055327,      -0.2578179,       0.2018400,
 -18000.0000000, -114384.0000000,
      0.8026135,      -0.3045266,       0.2018400,
 -18000.0000000, -114481.0000000,
      0.7661224,      -0.2833617,       0.1998938,
 -18000.0000000, -114647.5000000,
      0.7938556,      -0.3059862,       0.1998938,
 -18000.0000000, -114740.5000000,
      0.8310765,      -0.2848214,       0.2011913,
 -18000.0000000, -114901.5000000,
      0.7967749,      -0.3169335,       0.2018400,
 -18000.0000000, -114998.0000000,
      0.7690416,      -0.3183932,       0.2015157,
 -18000.0000000, -115145.5000000,
      0.8084520,      -0.3162037,       0.2008669,
 -18000.0000000, -115225.0000000,
      0.7646627,      -0.3351791,       0.2018400,
 -18000.0000000, -115379.5000000,
      0.8033433,      -0.3468562,       0.2028131,
 -18000.0000000, -115461.5000000,
      0.8128310,      -0.3373685,       0.2028131,
 -18000.0000000, -115603.5000000,
      0.7996942,      -0.3235019,       0.2024888,
 -18000.0000000, -115682.0000000,
      0.7960451,      -0.3293405,       0.2018400,
 -18000.0000000, -115817.5000000,
      0.8296169,      -0.3315300,       0.2018400,
 -18000.0000000, -115898.5000000,
      0.7887468,      -0.3125546,       0.2031375,
 -18000.0000000, -116021.5000000,
      0.8412940,      -0.3512352,       0.2037862,
 -18000.0000000, -116087.5000000,
      0.8274274,      -0.2986880,       0.2041106,
 -18000.0000000, -116215.5000000,
      0.8369151,      -0.3599930,       0.2011913,
 -18000.0000000, -116289.0000000,
      0.8420238,      -0.3337194,       0.1930822,
 -18000.0000000, -116394.5000000,
      0.8588098,      -0.3388282,       0.1985964,
 -18000.0000000, -116463.5000000,
      0.8077222,      -0.3388282,       0.2063811,
 -18000.0000000, -116549.5000000,
      0.8201292,      -0.3373685,       0.2060568,
 -18000.0000000, -116633.5000000,
      0.8434835,      -0.3548843,       0.2060568,
 -18000.0000000, -116737.0000000,
      0.8048029,      -0.3585334,       0.2060568,
 -18000.0000000, -116798.5000000,
      0.8142906,      -0.3541545,       0.2063811,
 -18000.0000000, -116891.0000000,
      0.8084520,      -0.3702105,       0.2067055,
 -18000.0000000, -116964.0000000,
      0.8135608,      -0.3804280,       0.2067055,
 -18000.0000000, -117035.0000000,
      0.8442133,      -0.3497755,       0.2067055,
 -18000.0000000, -117081.0000000,
      0.8310765,      -0.3760491,       0.2067055,
 -18000.0000000, -117161.5000000,
      0.8193994,      -0.3373685,       0.2073542,
 -18000.0000000, -117215.0000000,
      0.8412940,      -0.3913754,       0.2067055,
 -18000.0000000, -117293.0000000,
      0.7785293,      -0.3964841,       0.2073542,
 -18000.0000000, -117332.0000000,
      0.8464028,      -0.3475861,       0.2067055,
 -18000.0000000, -117406.5000000,
      0.8288870,      -0.3672912,       0.2067055,
 -18000.0000000, -117448.5000000,
      0.8084520,      -0.3534246,       0.2070299,
 -18000.0000000, -117510.5000000,
      0.8193994,      -0.3519650,       0.2070299,
 -18000.0000000, -117543.0000000,
      0.8478624,      -0.3629123,       0.2073542,
 -18000.0000000, -117604.5000000,
      0.8274274,      -0.3621825,       0.2076786,
 -18000.0000000, -117633.5000000,
      0.7953152,      -0.3512352,       0.2073542,
 -18000.0000000, -117688.0000000,
      0.8018836,      -0.3702105,       0.2076786,
 -18000.0000000, -117718.5000000,
      0.7858275,      -0.3643720,       0.2080030,
 -18000.0000000, -117762.0000000,
      0.8223187,      -0.3410177,       0.2083273,
 -18000.0000000, -117788.5000000,
      0.8099117,      -0.3621825,       0.2080030,
 -18000.0000000, -117826.0000000,
      0.7960451,      -0.3512352,       0.2076786,
 -18000.0000000, -117848.5000000,
      0.8303467,      -0.3680211,       0.2073542,
 -18000.0000000, -117880.0000000,
      0.7675820,      -0.3453966,       0.2076786,
 -18000.0000000, -117898.0000000,
      0.8544308,      -0.3424773,       0.2070299,
 -18000.0000000, -117924.0000000,
      0.8223187,      -0.3753193,       0.2076786,
 -18000.0000000, -117938.0000000,
      0.8040731,      -0.3621825,       0.2083273,
 -18000.0000000, -117958.0000000,
      0.8449431,      -0.3680211,       0.2076786,
 -18000.0000000, -117968.0000000,
      0.8208590,      -0.3804280,       0.2080030,
 -18000.0000000, -117981.5000000,
      0.7982345,      -0.4023227,       0.2073542,
 -18000.0000000, -117988.5000000,
      0.8142906,      -0.3964841,       0.2070299,
 -18000.0000000, -117996.0000000,
      0.7967749,      -0.3826175,       0.2073542,
 -18000.0000000, -117998.0000000,
      0.8274274,      -0.3833473,       0.2073542,
 -18000.0000000, -117999.5000000,
      0.8011538,      -0.3621825,       0.2076786,
 -18000.0000000, -117999.5000000,
      0.7996942,      -0.3745895,       0.2080030,
 -18000.0000000, -117999.5000000,
      0.8106415,      -0.4001332,       0.2073542,
 -18000.0000000, -117999.5000000,
      0.8318063,      -0.3475861,       0.2073542,
 -18000.0000000, -117999.5000000,
      0.8106415,      -0.4176490,       0.2073542,
 -18000.0000000, -117999.5000000,
      0.8179397,      -0.3964841,       0.2080030,
 -18000.0000000, -117999.5000000,
      0.7945854,      -0.3526948,       0.2083273,
 -18000.0000000, -117999.5000000,
      0.8084520,      -0.3840772,       0.2076786,
 -18000.0000000, -117999.5000000,
      0.8077222,      -0.3848070,       0.2073542,
 -18000.0000000, -117999.5000000,
      0.8106415,      -0.3862666,       0.2070299,
 -18000.0000000, -117999.5000000,
      0.8091819,      -0.3840772,       0.2083273,
 -18000.0000000, -118000.0000000,
      0.8135608,      -0.3220423,       0.2076786,
 -18000.0000000, -118000.0000000,
      0.7807188,      -0.3913754,       0.2073542,
 -18000.0000000, -118000.0000000,
      0.8303467,      -0.3840772,       0.2070299,
 -18000.0000000, -118000.0000000,
      0.8354554,      -0.3804280,       0.2073542,
 -18000.0000000, -118000.0000000,
      0.7909363,      -0.4030525,       0.2076786,
 -18000.0000000, -118000.0000000,
      0.8011538,      -0.4015929,       0.2083273,
 -18000.0000000, -118000.0000000,
      0.8142906,      -0.3578036,       0.2073542,
 -18000.0000000, -118000.0000000,
      0.7996942,      -0.3942947,       0.2080030,
 -18000.0000000, -118000.0000000,
      0.7989643,      -0.3826175,       0.2073542,
 -18000.0000000, -118000.0000000,
      0.7850977,      -0.3497755,       0.2076786,
 -18000.0000000, -118000.0000000,
      0.8135608,      -0.3665614,       0.2076786,
 -18000.0000000, -118000.0000000,
      0.8325362,      -0.3833473,       0.2076786,
 -18000.0000000, -118000.0000000,
      0.8121011,      -0.3563439,       0.2073542,
 -18000.0000000, -118000.0000000,
      0.7953152,      -0.3833473,       0.2073542,
 -18000.0000000, -118000.0000000,
      0.8172099,      -0.4074315,       0.2076786,
 -18000.0000000, -118000.0000000,
      0.7982345,      -0.3818877,       0.2083273,
 -18000.0000000, -118000.0000000,
      0.7982345,      -0.3862666,       0.2076786,
 -18000.0000000, -118000.0000000,
      0.8230485,      -0.3855368,       0.2073542,
 -18000.0000000, -118000.0000000,
      0.8266976,      -0.3884561,       0.2076786,
 -18000.0000000, -118000.0000000,
      0.8077222,      -0.4015929,       0.2080030,
 -18000.0000000, -118000.0000000,
      0.8193994,      -0.3855368,       0.2076786,
 -18000.0000000, -118000.0000000,
      0.8055327,      -0.3658316,       0.2073542,
 -18000.0000000, -118000.0000000,
      0.8193994,      -0.3950245,       0.2070299,
 -18000.0000000, -118000.0000000,
      0.8245081,      -0.3833473,       0.2073542,
 -18000.0000000, -118000.0000000,
      0.8245081,      -0.3855368,       0.2080030,
 -18000.0000000, -118000.0000000,
      0.8011538,      -0.3840772,       0.2083273,
 -18000.0000000, -118000.0000000,
      0.8303467,      -0.3913754,       0.2070299,
 -18000.0000000, -118000.0000000,
      0.8084520,      -0.3855368,       0.2076786,
 -18000.0000000, -118000.0000000,
      0.8121011,      -0.3950245,       0.2073542,
 -18000.0000000, -118000.0000000,
      0.7982345,      -0.4045122,       0.2076786,
 -18000.0000000, -118000.0000000,
      0.8135608,      -0.3891859,       0.2076786,
 -18000.0000000, -118000.0000000,
      0.8099117,      -0.4008631,       0.2076786,
 -18000.0000000, -118000.0000000,
      0.8084520,      -0.3658316,       0.2076786,
 -18000.0000000, -118000.0000000,
      0.7865574,      -0.3775088,       0.2073542,
 -18000.0000000, -118000.0000000,
      0.7887468,      -0.3563439,       0.2076786,
 -18000.0000000, -118000.0000000,
      0.7982345,      -0.3512352,       0.2080030,
 -18000.0000000, -118000.0000000,
      0.8230485,      -0.4074315,       0.2076786,
 -18000.0000000, -118000.0000000,
      0.8420238,      -0.3972140,       0.2076786,
 -18000.0000000, -118000.0000000,
      0.7989643,      -0.4030525,       0.2080030,
 -18000.0000000, -118000.0000000,
      0.8062626,      -0.3950245,       0.2080030,
 -18000.0000000, -118000.0000000,
      0.8215888,      -0.4081613,       0.2080030,
 -18000.0000000, -118000.0000000,
      0.7748802,      -0.3614527,       0.2073542,
 -18000.0000000, -118000.0000000,
      0.8266976,      -0.4030525,       0.2070299,
 -18000.0000000, -118000.0000000,
      0.8281572,      -0.3680211,       0.2070299,
 -18000.0000000, -118000.0000000,
      0.8201292,      -0.3658316,       0.2076786,
 -18000.0000000, -118000.0000000,
      0.8106415,      -0.3505053,       0.2073542,
 -18000.0000000, -118000.0000000,
      0.8318063,      -0.3767789,       0.2073542,
 -18000.0000000, -118000.0000000,
      0.8150204,      -0.3942947,       0.2073542,
 -18000.0000000, -118000.0000000,
      0.7996942,      -0.3731298,       0.2076786,
 -18000.0000000, -118000.0000000,
      0.7821784,      -0.4096209,       0.2083273,
 -18000.0000000, -118000.0000000,
      0.7909363,      -0.4008631,       0.2076786,
 -18000.0000000, -118000.0000000,
      0.7923959,      -0.4169191,       0.2080030,
 -18000.0000000, -118000.0000000,
      0.8062626,      -0.3811579,       0.2073542,
 -18000.0000000, -118000.0000000,
      0.8055327,      -0.3921052,       0.2073542,
 -18000.0000000, -118000.0000000,
      0.8602694,      -0.3724000,       0.2076786,
 -18000.0000000, -118000.0000000,
      0.7960451,      -0.3468562,       0.2076786,
 -18000.0000000, -118000.0000000,
      0.8208590,      -0.3351791,       0.2073542,
 -18000.0000000, -118000.0000000,
      0.8361853,      -0.3899157,       0.2067055,
 -18000.0000000, -118000.0000000,
      0.8135608,      -0.3731298,       0.2076786,
 -18000.0000000, -118000.0000000,
      0.8040731,      -0.3753193,       0.2080030,
 -18000.0000000, -118000.0000000,
      0.8281572,      -0.3957543,       0.2073542,
 -18000.0000000, -118000.0000000,
      0.8121011,      -0.4096209,       0.2083273,
 -18000.0000000, -118000.0000000,
      0.8223187,      -0.3738596,       0.2076786,
 -18000.0000000, -118000.0000000,
      0.8018836,      -0.3848070,       0.2073542,
 -18000.0000000, -118000.0000000,
      0.8099117,      -0.3804280,       0.2073542,
 -18000.0000000, -118000.0000000,
      0.8288870,      -0.3687509,       0.2076786,
 -18000.0000000, -118000.0000000,
      0.8077222,      -0.3760491,       0.2076786,
 -18000.0000000, -118000.0000000,
      0.8150204,      -0.3782386,       0.2073542,
 -18000.0000000, -118000.0000000,
      0.8303467,      -0.3621825,       0.2076786,
 -18000.0000000, -118000.0000000,
      0.7858275,      -0.3651018,       0.2073542,
 -18000.0000000, -118000.0000000,
      0.8318063,      -0.3694807,       0.2080030,
 -18000.0000000, -118000.0000000,
      0.8223187,      -0.3928350,       0.2076786,
 -18000.0000000, -118000.0000000,
      0.8339958,      -0.3665614,       0.2073542,
 -18000.0000000, -118000.0000000,
      0.8274274,      -0.3957543,       0.2073542,
 -18000.0000000, -118000.0000000,
      0.7989643,      -0.3658316,       0.2076786,
 -18000.0000000, -118000.0000000,
      0.7865574,      -0.3921052,       0.2080030,
 -18000.0000000, -118000.0000000,
      0.8274274,      -0.3775088,       0.2070299,
 -18000.0000000, -118000.0000000,
      0.8172099,      -0.3665614,       0.2070299,
 -18000.0000000, -118000.0000000,
      0.8069924,      -0.3767789,       0.2076786,
 -18000.0000000, -118000.0000000,
