      0.3990219,      -0.3702105,       0.2125441,
 -15000.0000000, -118000.0000000,
      0.3968324,      -0.3680211,       0.2131928,
 -15000.0000000, -118000.0000000,
      0.4070499,      -0.3585334,       0.2125441,
 -15000.0000000, -118000.0000000,
      0.3866149,      -0.3526948,       0.2125441,
 -15000.0000000, -118000.0000000,
      0.4260253,      -0.3935648,       0.2125441,
 -15000.0000000, -117996.5000000,
      0.4128885,      -0.3964841,       0.2122197,
 -15000.0000000, -117992.0000000,
      0.4296744,      -0.4001332,       0.2131928,
 -15000.0000000, -117982.0000000,
      0.3552326,      -0.3848070,       0.2138415,
 -15000.0000000, -117973.5000000,
      0.4479199,      -0.3578036,       0.2135172,
 -15000.0000000, -117957.0000000,
      0.3661799,      -0.3738596,       0.2131928,
 -15000.0000000, -117940.5000000,
      0.4442708,      -0.3629123,       0.2125441,
 -15000.0000000, -117926.5000000,
      0.4209165,      -0.3446668,       0.2135172,
 -15000.0000000, -117906.0000000,
      0.3939131,      -0.3373685,       0.2135172,
 -15000.0000000, -117877.5000000,
      0.4318639,      -0.3672912,       0.2128685,
 -15000.0000000, -117857.0000000,
      0.4085096,      -0.3373685,       0.2135172,
 -15000.0000000, -117822.5000000,
      0.3873447,      -0.3570737,       0.2131928,
 -15000.0000000, -117798.5000000,
      0.4158078,      -0.3672912,       0.2128685,
 -15000.0000000, -117758.0000000,
      0.4282148,      -0.3826175,       0.2138415,
 -15000.0000000, -117729.5000000,
      0.4026710,      -0.3840772,       0.2135172,
 -15000.0000000, -117691.5000000,
      0.4304042,      -0.3578036,       0.2128685,
 -15000.0000000, -117642.0000000,
      0.4377024,      -0.3162037,       0.2128685,
 -15000.0000000, -117608.0000000,
      0.4260253,      -0.3899157,       0.2128685,
 -15000.0000000, -117552.0000000,
      0.3939131,      -0.3264212,       0.2131928,
 -15000.0000000, -117514.0000000,
      0.4289446,      -0.3410177,       0.2128685,
 -15000.0000000, -117458.0000000,
      0.4209165,      -0.3534246,       0.2122197,
 -15000.0000000, -117410.5000000,
      0.4238358,      -0.3439369,       0.2125441,
 -15000.0000000, -117355.0000000,
      0.4121587,      -0.3694807,       0.2135172,
 -15000.0000000, -117284.0000000,
      0.4216464,      -0.3446668,       0.2138415,
 -15000.0000000, -117222.5000000,
      0.4398919,      -0.3453966,       0.2135172,
 -15000.0000000, -117180.0000000,
      0.4245656,      -0.3913754,       0.2131928,
 -15000.0000000, -117096.5000000,
      0.4625164,      -0.3614527,       0.2128685,
 -15000.0000000, -117024.0000000,
      0.4537585,      -0.3388282,       0.2128685,
 -15000.0000000, -116968.5000000,
      0.3836956,      -0.3629123,       0.2131928,
 -15000.0000000, -116879.0000000,
      0.4179972,      -0.3388282,       0.2131928,
 -15000.0000000, -116820.0000000,
      0.4187271,      -0.3483159,       0.2125441,
 -15000.0000000, -116725.0000000,
      0.4034008,      -0.3417475,       0.2125441,
 -15000.0000000, -116661.5000000,
      0.4238358,      -0.3432071,       0.2063811,
 -15000.0000000, -116560.0000000,
      0.4187271,      -0.3548843,       0.2005426,
 -15000.0000000, -116493.0000000,
      0.4464603,      -0.3599930,       0.2076786,
 -15000.0000000, -116405.0000000,
      0.4450007,      -0.3322598,       0.2115710,
 -15000.0000000, -116299.0000000,
      0.3873447,      -0.3483159,       0.2112466,
 -15000.0000000, -116200.0000000,
      0.4194569,      -0.3183932,       0.2109223,
 -15000.0000000, -116136.0000000,
      0.4340533,      -0.3402878,       0.2109223,
 -15000.0000000, -116005.0000000,
      0.4063201,      -0.3227721,       0.2096248,
 -15000.0000000, -115938.0000000,
      0.4420814,      -0.3453966,       0.2096248,
 -15000.0000000, -115800.0000000,
      0.4231060,      -0.3045266,       0.2096248,
 -15000.0000000, -115729.5000000,
      0.3836956,      -0.3067160,       0.2102735,
 -15000.0000000, -115585.0000000,
      0.4150780,      -0.3220423,       0.2102735,
 -15000.0000000, -115511.0000000,
      0.4085096,      -0.3410177,       0.2096248,
 -15000.0000000, -115360.5000000,
      0.3917237,      -0.3264212,       0.2093004,
 -15000.0000000, -115283.0000000,
      0.4318639,      -0.3067160,       0.2086517,
 -15000.0000000, -115139.0000000,
      0.4231060,      -0.3366387,       0.2093004,
 -15000.0000000, -115045.0000000,
      0.3982921,      -0.3286107,       0.2080030,
 -15000.0000000, -114888.0000000,
      0.4179972,      -0.3132844,       0.2073542,
 -15000.0000000, -114755.0000000,
      0.4099692,      -0.3001476,       0.2089761,
 -15000.0000000, -114626.5000000,
      0.4260253,      -0.3045266,       0.2093004,
 -15000.0000000, -114495.0000000,
      0.4340533,      -0.2964985,       0.2096248,
 -15000.0000000, -114406.0000000,
      0.3763974,      -0.3256914,       0.2109223,
 -15000.0000000, -114232.5000000,
      0.4004815,      -0.2928494,       0.2115710,
 -15000.0000000, -114132.5000000,
      0.4311340,      -0.3110950,       0.2125441,
 -15000.0000000, -113945.0000000,
      0.4194569,      -0.2870108,       0.2125441,
 -15000.0000000, -113849.0000000,
      0.4209165,      -0.2840915,       0.2128685,
 -15000.0000000, -113703.5000000,
      0.4340533,      -0.2964985,       0.2141659,
 -15000.0000000, -113506.5000000,
      0.4077797,      -0.2877406,       0.2138415,
 -15000.0000000, -113405.5000000,
      0.4179972,      -0.2950389,       0.2138415,
 -15000.0000000, -113201.5000000,
      0.4150780,      -0.2738740,       0.2144903,
 -15000.0000000, -113097.0000000,
      0.4136183,      -0.2738740,       0.2148146,
 -15000.0000000, -112886.5000000,
      0.4179972,      -0.2877406,       0.2141659,
 -15000.0000000, -112779.0000000,
      0.3800465,      -0.3081757,       0.2128685,
 -15000.0000000, -112563.0000000,
      0.3931833,      -0.3162037,       0.2148146,
 -15000.0000000, -112452.0000000,
      0.4143481,      -0.3198528,       0.2151390,
 -15000.0000000, -112228.0000000,
      0.3917237,      -0.2651162,       0.2141659,
 -15000.0000000, -112114.0000000,
      0.4085096,      -0.2964985,       0.2148146,
 -15000.0000000, -111941.0000000,
      0.4121587,      -0.2899301,       0.2144903,
 -15000.0000000, -111707.0000000,
      0.4223762,      -0.2972283,       0.2151390,
 -15000.0000000, -111567.5000000,
      0.4325937,      -0.2724144,       0.2144903,
 -15000.0000000, -111407.0000000,
      0.4486498,      -0.2913898,       0.2138415,
 -15000.0000000, -111163.0000000,
      0.3880745,      -0.2913898,       0.2141659,
 -15000.0000000, -111038.5000000,
      0.4034008,      -0.3030669,       0.2138415,
 -15000.0000000, -110788.0000000,
      0.4325937,      -0.2994178,       0.2141659,
 -15000.0000000, -110660.5000000,
      0.3982921,      -0.2687653,       0.2122197,
 -15000.0000000, -110403.0000000,
      0.4179972,      -0.3125546,       0.2135172,
 -15000.0000000, -110272.0000000,
      0.3690992,      -0.2797126,       0.2138415,
 -15000.0000000, -110019.0000000,
      0.4070499,      -0.2913898,       0.2131928,
 -15000.0000000, -109873.5000000,
      0.4369726,      -0.2527092,       0.2125441,
 -15000.0000000, -109603.5000000,
      0.3982921,      -0.2928494,       0.2125441,
 -15000.0000000, -109466.0000000,
      0.3946429,      -0.2702249,       0.2122197,
 -15000.0000000, -109189.0000000,
      0.4333235,      -0.2687653,       0.2115710,
 -15000.0000000, -109048.5000000,
      0.3800465,      -0.2746039,       0.2122197,
 -15000.0000000, -108765.0000000,
      0.4106990,      -0.2760635,       0.2115710,
 -15000.0000000, -108621.0000000,
      0.4136183,      -0.2665758,       0.2096248,
 -15000.0000000, -108330.0000000,
      0.4158078,      -0.2789828,       0.2112466,
 -15000.0000000, -108169.5000000,
      0.4099692,      -0.2746039,       0.2109223,
 -15000.0000000, -107960.0000000,
      0.4034008,      -0.3037967,       0.2096248,
 -15000.0000000, -107659.5000000,
      0.4340533,      -0.2512495,       0.2102735,
 -15000.0000000, -107506.5000000,
      0.4034008,      -0.2658460,       0.2096248,
 -15000.0000000, -107199.5000000,
      0.3851553,      -0.2468706,       0.2096248,
 -15000.0000000, -106966.0000000,
      0.4026710,      -0.2804424,       0.2096248,
 -15000.0000000, -106731.0000000,
      0.3924535,      -0.2716846,       0.2089761,
 -15000.0000000, -106574.0000000,
      0.3917237,      -0.2381128,       0.2083273,
 -15000.0000000, -106287.5000000,
      0.4223762,      -0.2490601,       0.2054080,
 -15000.0000000, -106089.5000000,
      0.3902640,      -0.2563583,       0.2080030,
 -15000.0000000, -105791.5000000,
      0.4209165,      -0.2198672,       0.2076786,
 -15000.0000000, -105620.0000000,
      0.4420814,      -0.2417619,       0.2070299,
 -15000.0000000, -105321.0000000,
      0.3946429,      -0.2476004,       0.2076786,
 -15000.0000000, -105164.0000000,
      0.4209165,      -0.2388426,       0.2067055,
 -15000.0000000, -104851.0000000,
      0.4420814,      -0.2395724,       0.2063811,
 -15000.0000000, -104616.0000000,
      0.4223762,      -0.1950533,       0.2060568,
 -15000.0000000, -104445.0000000,
      0.4442708,      -0.2154883,       0.2050837,
 -15000.0000000, -104145.5000000,
      0.4318639,      -0.2388426,       0.2050837,
 -15000.0000000, -103974.5000000,
      0.3931833,      -0.2140286,       0.2050837,
 -15000.0000000, -103739.0000000,
      0.3975622,      -0.2191374,       0.2060568,
 -15000.0000000, -103518.0000000,
      0.4391621,      -0.2337338,       0.2060568,
 -15000.0000000, -103282.5000000,
      0.4041306,      -0.2147584,       0.2060568,
 -15000.0000000, -102970.0000000,
      0.4245656,      -0.2111093,       0.2067055,
 -15000.0000000, -102798.5000000,
      0.3975622,      -0.2213268,       0.2067055,
 -15000.0000000, -102563.5000000,
      0.4252955,      -0.1819165,       0.2070299,
 -15000.0000000, -102328.5000000,
      0.3909938,      -0.1965129,       0.2070299,
 -15000.0000000, -102093.5000000,
      0.3990219,      -0.1921340,       0.2067055,
 -15000.0000000, -101859.0000000,
      0.4355130,      -0.2337338,       0.2076786,
 -15000.0000000, -101560.0000000,
      0.4304042,      -0.1994322,       0.2070299,
 -15000.0000000, -101389.0000000,
      0.4216464,      -0.2257058,       0.2060568,
 -15000.0000000, -101154.0000000,
      0.4158078,      -0.2016217,       0.2076786,
 -15000.0000000, -100918.5000000,
      0.4377024,      -0.2344636,       0.2076786,
 -15000.0000000, -100683.5000000,
      0.4413516,      -0.2344636,       0.2073542,
 -15000.0000000, -100384.5000000,
      0.4464603,      -0.2089199,       0.2073542,
 -15000.0000000, -100213.5000000,
      0.4187271,      -0.2140286,       0.2063811,
 -15000.0000000,  -99978.0000000,
      0.4274849,      -0.1709691,       0.2063811,
 -15000.0000000,  -99743.0000000,
      0.4617866,      -0.2038111,       0.2067055,
 -15000.0000000,  -99507.5000000,
      0.4252955,      -0.2300847,       0.2073542,
 -15000.0000000,  -99208.5000000,
      0.4223762,      -0.2001620,       0.2070299,
 -15000.0000000,  -98986.5000000,
      0.4231060,      -0.2030813,       0.2073542,
 -15000.0000000,  -98765.0000000,
      0.4077797,      -0.1804568,       0.2076786,
 -15000.0000000,  -98567.5000000,
      0.4625164,      -0.1914041,       0.2063811,
 -15000.0000000,  -98332.5000000,
      0.4201867,      -0.2125690,       0.2070299,
 -15000.0000000,  -98059.5000000,
      0.3822360,      -0.1943234,       0.2073542,
 -15000.0000000,  -97863.0000000,
      0.3844254,      -0.1906743,       0.2067055,
 -15000.0000000,  -97564.0000000,
      0.4128885,      -0.2081900,       0.2054080,
 -15000.0000000,  -97406.5000000,
      0.3793167,      -0.2125690,       0.2034619,
 -15000.0000000,  -97093.5000000,
      0.3829658,      -0.2351935,       0.2018400,
 -15000.0000000,  -96922.5000000,
      0.3931833,      -0.2432215,       0.1998938,
 -15000.0000000,  -96701.0000000,
      0.3756676,      -0.2512495,       0.1969746,
 -15000.0000000,  -96388.0000000,
      0.3698290,      -0.1979725,       0.1960015,
 -15000.0000000,  -96216.5000000,
      0.3888044,      -0.2213268,       0.1956771,
 -15000.0000000,  -95981.5000000,
      0.3493940,      -0.1884849,       0.1943796,
 -15000.0000000,  -95708.5000000,
      0.3771272,      -0.1702393,       0.1937309,
 -15000.0000000,  -95511.0000000,
      0.3493940,      -0.1687797,       0.1966502,
 -15000.0000000,  -95211.5000000,
      0.3420958,      -0.1622113,       0.1985964,
 -15000.0000000,  -95040.0000000,
      0.3347975,      -0.1490745,       0.2015157,
 -15000.0000000,  -94767.5000000,
      0.3362572,      -0.1315587,       0.2050837,
 -15000.0000000,  -94570.0000000,
      0.3683693,      -0.1753481,       0.2076786,
 -15000.0000000,  -94271.0000000,
      0.3961026,      -0.1746182,       0.2089761,
 -15000.0000000,  -94086.5000000,
      0.3369870,      -0.2052708,       0.2099492,
 -15000.0000000,  -93826.5000000,
      0.3574220,      -0.2140286,       0.2086517,
 -15000.0000000,  -93592.5000000,
      0.3274993,      -0.2147584,       0.2073542,
 -15000.0000000,  -93394.5000000,
      0.3326081,      -0.2191374,       0.2060568,
 -15000.0000000,  -93122.0000000,
      0.3099836,      -0.1957831,       0.2054080,
 -15000.0000000,  -92860.0000000,
      0.3077941,      -0.1760779,       0.2070299,
 -15000.0000000,  -92702.5000000,
      0.3019555,      -0.2060006,       0.2086517,
 -15000.0000000,  -92454.0000000,
      0.3289590,      -0.1775375,       0.2096248,
 -15000.0000000,  -92167.5000000,
      0.3216607,      -0.2038111,       0.2105979,
 -15000.0000000,  -91983.5000000,
      0.3194713,      -0.2205970,       0.2102735,
 -15000.0000000,  -91683.5000000,
      0.3304186,      -0.2344636,       0.2102735,
 -15000.0000000,  -91512.5000000,
      0.3296888,      -0.1972427,       0.2102735,
 -15000.0000000,  -91226.0000000,
      0.3347975,      -0.2519794,       0.2083273,
 -15000.0000000,  -91042.5000000,
      0.3654501,      -0.1957831,       0.2080030,
 -15000.0000000,  -90756.0000000,
      0.3143625,      -0.2300847,       0.2070299,
 -15000.0000000,  -90572.0000000,
      0.3559624,      -0.1979725,       0.2060568,
 -15000.0000000,  -90337.0000000,
      0.3836956,      -0.1884849,       0.2047593,
 -15000.0000000,  -90050.5000000,
      0.3464747,      -0.2001620,       0.2050837,
 -15000.0000000,  -89867.5000000,
      0.3953728,      -0.2213268,       0.2028131,
 -15000.0000000,  -89568.5000000,
      0.4165376,      -0.2052708,       0.2011913,
 -15000.0000000,  -89397.5000000,
      0.3931833,      -0.2315444,       0.2008669,
 -15000.0000000,  -89111.0000000,
      0.4479199,      -0.1775375,       0.2008669,
 -15000.0000000,  -88927.0000000,
      0.4325937,      -0.2213268,       0.2002182,
 -15000.0000000,  -88627.5000000,
      0.4282148,      -0.1585622,       0.2008669,
 -15000.0000000,  -88456.5000000,
      0.4435410,      -0.1731586,       0.2018400,
 -15000.0000000,  -88157.5000000,
      0.4106990,      -0.1556429,       0.2024888,
 -15000.0000000,  -87947.0000000,
      0.3968324,      -0.1519938,       0.2034619,
 -15000.0000000,  -87725.5000000,
      0.4749234,      -0.1658604,       0.2041106,
 -15000.0000000,  -87515.5000000,
      0.4034008,      -0.1884849,       0.2054080,
 -15000.0000000,  -87229.0000000,
      0.4325937,      -0.1848357,       0.2060568,
 -15000.0000000,  -87045.0000000,
      0.4464603,      -0.1614814,       0.2070299,
 -15000.0000000,  -86758.5000000,
      0.4223762,      -0.1855656,       0.2086517,
 -15000.0000000,  -86575.0000000,
      0.4252955,      -0.2030813,       0.2093004,
 -15000.0000000,  -86288.5000000,
      0.4698146,      -0.2300847,       0.2109223,
 -15000.0000000,  -86053.5000000,
      0.4552182,      -0.2038111,       0.2122197,
 -15000.0000000,  -85870.5000000,
      0.4727339,      -0.1768077,       0.2128685,
 -15000.0000000,  -85635.5000000,
      0.4391621,      -0.1943234,       0.2135172,
 -15000.0000000,  -85349.0000000,
      0.3800465,      -0.1760779,       0.2148146,
 -15000.0000000,  -85114.0000000,
      0.4223762,      -0.1746182,       0.2131928,
 -15000.0000000,  -84930.0000000,
      0.3114432,      -0.2271654,       0.2122197,
 -15000.0000000,  -84695.0000000,
      0.2486785,      -0.2220567,       0.2093004,
 -15000.0000000,  -84408.5000000,
      0.2355417,      -0.2658460,       0.2018400,
 -15000.0000000,  -84224.5000000,
      0.1100124,      -0.2899301,       0.1966502,
 -15000.0000000,  -83938.0000000,
      0.1187702,      -0.2928494,       0.1898385,
 -15000.0000000,  -83754.0000000,
      0.1603701,      -0.2271654,       0.1801076,
 -15000.0000000,  -83468.0000000,
      0.1238790,      -0.1527236,       0.1726472,
 -15000.0000000,  -83284.0000000,
      0.1713174,      -0.0622256,       0.1713497,
 -15000.0000000,  -83049.0000000,
      0.2910082,      -0.0228153,       0.1742690,
 -15000.0000000,  -82762.5000000,
      0.1640192,      -0.0724432,       0.1791345,
 -15000.0000000,  -82579.0000000,
      0.2457592,      -0.1111237,       0.1794588,
 -15000.0000000,  -82292.5000000,
      0.2588960,      -0.0884992,       0.1794588,
 -15000.0000000,  -82108.5000000,
      0.2953871,      -0.1023659,       0.1788101,
 -15000.0000000,  -81823.0000000,
      0.4070499,      -0.0571169,       0.1788101,
 -15000.0000000,  -81638.5000000,
      0.3975622,      -0.0863098,       0.1807563,
 -15000.0000000,  -81352.0000000,
      0.4369726,      -0.0921483,       0.1827025,
 -15000.0000000,  -81168.5000000,
      0.4574076,      -0.0323029,       0.1869192,
 -15000.0000000,  -80908.5000000,
      0.3749377,      -0.0520081,       0.1914603,
 -15000.0000000,  -80698.0000000,
      0.3530431,      -0.0629555,       0.1956771,
 -15000.0000000,  -80412.0000000,
      0.3990219,      -0.0563871,       0.1972989,
 -15000.0000000,  -80176.5000000,
      0.3654501,      -0.1082044,       0.2005426,
 -15000.0000000,  -79992.5000000,
      0.3260397,      -0.1184219,       0.2041106,
 -15000.0000000,  -79706.0000000,
      0.3464747,      -0.1512639,       0.2044350,
 -15000.0000000,  -79522.5000000,
      0.2851696,      -0.1534534,       0.2073542,
 -15000.0000000,  -79236.0000000,
      0.2924679,      -0.1826463,       0.2070299,
 -15000.0000000,  -79052.0000000,
      0.3194713,      -0.1855656,       0.2073542,
 -15000.0000000,  -78765.5000000,
      0.2975766,      -0.2038111,       0.2089761,
 -15000.0000000,  -78582.0000000,
      0.3420958,      -0.1585622,       0.2086517,
 -15000.0000000,  -78295.5000000,
      0.3807763,      -0.1775375,       0.2083273,
 -15000.0000000,  -78111.5000000,
      0.3296888,      -0.1811866,       0.2083273,
 -15000.0000000,  -77903.0000000,
      0.3428256,      -0.1804568,       0.2070299,
 -15000.0000000,  -77591.0000000,
      0.3844254,      -0.1819165,       0.2086517,
 -15000.0000000,  -77407.0000000,
      0.3253098,      -0.1680498,       0.2093004,
 -15000.0000000,  -77121.0000000,
      0.3756676,      -0.1709691,       0.2099492,
 -15000.0000000,  -76937.0000000,
      0.3596115,      -0.1899445,       0.2096248,
 -15000.0000000,  -76650.5000000,
      0.3720185,      -0.1804568,       0.2115710,
 -15000.0000000,  -76467.0000000,
      0.3858851,      -0.1848357,       0.2109223,
 -15000.0000000,  -76180.5000000,
      0.3793167,      -0.1702393,       0.2131928,
 -15000.0000000,  -75996.5000000,
      0.3289590,      -0.1636709,       0.2135172,
 -15000.0000000,  -75710.0000000,
      0.3603413,      -0.1417762,       0.2135172,
 -15000.0000000,  -75526.0000000,
      0.3077941,      -0.1855656,       0.2151390,
 -15000.0000000,  -75239.5000000,
      0.3698290,      -0.1549130,       0.2161121,
 -15000.0000000,  -75056.0000000,
      0.3639904,      -0.1578323,       0.2167608,
 -15000.0000000,  -74847.5000000,
      0.3318782,      -0.1527236,       0.2174096,
 -15000.0000000,  -74534.5000000,
      0.3734781,      -0.2045409,       0.2177339,
 -15000.0000000,  -74299.5000000,
      0.3625308,      -0.1870252,       0.2180583,
 -15000.0000000,  -74142.0000000,
      0.3450150,      -0.1592920,       0.2187070,
 -15000.0000000,  -73830.0000000,
      0.3683693,      -0.1841059,       0.2193558,
 -15000.0000000,  -73660.0000000,
      0.3501238,      -0.1746182,       0.2193558,
 -15000.0000000,  -73437.5000000,
      0.3114432,      -0.1512639,       0.2193558,
 -15000.0000000,  -73176.0000000,
      0.3223906,      -0.1279096,       0.2183827,
 -15000.0000000,  -72889.5000000,
      0.3172818,      -0.1738884,       0.2174096,
 -15000.0000000,  -72732.5000000,
      0.3355274,      -0.1921340,       0.2164365,
 -15000.0000000,  -72419.5000000,
      0.2917380,      -0.1775375,       0.2161121,
 -15000.0000000,  -72235.5000000,
      0.2720328,      -0.2016217,       0.2135172,
 -15000.0000000,  -71949.0000000,
      0.3238502,      -0.1848357,       0.2118954,
 -15000.0000000,  -71713.5000000,
      0.2990363,      -0.1680498,       0.2118954,
 -15000.0000000,  -71530.0000000,
      0.3004959,      -0.1388570,       0.2128685,
 -15000.0000000,  -71243.5000000,
      0.3114432,      -0.1578323,       0.2138415,
 -15000.0000000,  -71086.0000000,
      0.3026854,      -0.1454254,       0.2151390,
 -15000.0000000,  -70800.0000000,
      0.2734925,      -0.1629411,       0.2157877,
 -15000.0000000,  -70616.0000000,
      0.2428400,      -0.1738884,       0.2151390,
 -15000.0000000,  -70303.0000000,
      0.2421101,      -0.1804568,       0.2141659,
 -15000.0000000,  -70146.0000000,
      0.2990363,      -0.2038111,       0.2099492,
 -15000.0000000,  -69834.0000000,
      0.2640048,      -0.1695095,       0.2128685,
 -15000.0000000,  -69650.0000000,
      0.2742223,      -0.1950533,       0.2125441,
 -15000.0000000,  -69363.5000000,
      0.2705732,      -0.1884849,       0.2118954,
 -15000.0000000,  -69206.0000000,
      0.2742223,      -0.1731586,       0.2112466,
 -15000.0000000,  -68944.5000000,
      0.2691136,      -0.1789972,       0.2115710,
 -15000.0000000,  -68658.5000000,
      0.3253098,      -0.1563727,       0.2112466,
 -15000.0000000,  -68501.0000000,
      0.2800609,      -0.1680498,       0.2109223,
 -15000.0000000,  -68188.0000000,
      0.2778714,      -0.1797270,       0.2109223,
 -15000.0000000,  -68030.5000000,
      0.2304330,      -0.1563727,       0.2115710,
 -15000.0000000,  -67717.5000000,
      0.3099836,      -0.1622113,       0.2115710,
 -15000.0000000,  -67560.0000000,
      0.2880889,      -0.1454254,       0.2125441,
 -15000.0000000,  -67247.5000000,
      0.2727627,      -0.1629411,       0.2128685,
 -15000.0000000,  -67090.0000000,
      0.3274993,      -0.1600218,       0.2135172,
 -15000.0000000,  -66790.0000000,
      0.2953871,      -0.1702393,       0.2148146,
 -15000.0000000,  -66620.0000000,
      0.2931977,      -0.1571025,       0.2161121,
 -15000.0000000,  -66307.0000000,
      0.3180116,      -0.1235307,       0.2102735,
 -15000.0000000,  -66149.5000000,
      0.2931977,      -0.1125834,       0.2170852,
 -15000.0000000,  -65837.5000000,
      0.3172818,      -0.1286394,       0.2177339,
 -15000.0000000,  -65680.0000000,
      0.3150923,      -0.1111237,       0.2180583,
 -15000.0000000,  -65367.0000000,
      0.3092538,      -0.1220711,       0.2196801,
 -15000.0000000,  -65210.0000000,
      0.3129029,      -0.1789972,       0.2206532,
 -15000.0000000,  -64897.0000000,
      0.2683837,      -0.1512639,       0.2200045,
 -15000.0000000,  -64740.0000000,
      0.2749521,      -0.1359377,       0.2216263,
 -15000.0000000,  -64427.0000000,
      0.2457592,      -0.1228009,       0.2216263,
 -15000.0000000,  -64269.5000000,
      0.2297032,      -0.1264500,       0.2216263,
 -15000.0000000,  -63956.5000000,
      0.2238646,      -0.1300991,       0.2232481,
 -15000.0000000,  -63799.0000000,
      0.2348119,      -0.1184219,       0.2238969,
 -15000.0000000,  -63564.0000000,
      0.2143769,      -0.1155027,       0.2235725,
 -15000.0000000,  -63251.0000000,
      0.2172962,      -0.1490745,       0.2229238,
 -15000.0000000,  -63016.0000000,
      0.2187558,      -0.1571025,       0.2225994,
 -15000.0000000,  -62858.5000000,
      0.1954015,      -0.1395868,       0.2225994,
 -15000.0000000,  -62546.0000000,
      0.2245944,      -0.1286394,       0.2219507,
 -15000.0000000,  -62375.0000000,
      0.2486785,      -0.1527236,       0.2219507,
 -15000.0000000,  -62139.5000000,
      0.2377312,      -0.1629411,       0.2216263,
 -15000.0000000,  -61905.5000000,
      0.2311628,      -0.1636709,       0.2213020,
 -15000.0000000,  -61606.0000000,
      0.2085383,      -0.1271798,       0.2196801,
 -15000.0000000,  -61449.0000000,
      0.1829946,      -0.1680498,       0.2193558,
 -15000.0000000,  -61148.5000000,
      0.2406505,      -0.1279096,       0.2180583,
 -15000.0000000,  -60978.5000000,
      0.2326225,      -0.0804712,       0.2174096,
 -15000.0000000,  -60666.0000000,
      0.1851840,      -0.1476148,       0.2157877,
 -15000.0000000,  -60508.5000000,
      0.2333523,      -0.1213412,       0.2154634,
 -15000.0000000,  -60195.5000000,
      0.1742367,      -0.1300991,       0.2151390,
 -15000.0000000,  -60024.5000000,
      0.2063489,      -0.1673200,       0.2144903,
 -15000.0000000,  -59789.5000000,
      0.2070787,      -0.1395868,       0.2138415,
 -15000.0000000,  -59568.0000000,
      0.2180260,      -0.1505341,       0.2125441,
 -15000.0000000,  -59255.0000000,
      0.2143769,      -0.1461552,       0.2118954,
 -15000.0000000,  -59084.0000000,
      0.2421101,      -0.1045553,       0.2096248,
 -15000.0000000,  -58784.5000000,
      0.2603557,      -0.1417762,       0.2102735,
 -15000.0000000,  -58614.0000000,
      0.2537873,      -0.1592920,       0.2089761,
 -15000.0000000,  -58378.5000000,
      0.2961170,      -0.1184219,       0.2070299,
 -15000.0000000,  -58106.0000000,
      0.2924679,      -0.1388570,       0.2076786,
 -15000.0000000,  -57845.0000000,
      0.2625452,      -0.1410464,       0.2060568,
 -15000.0000000,  -57674.0000000,
      0.2917380,      -0.1082044,       0.2057324,
 -15000.0000000,  -57452.5000000,
      0.3063345,      -0.0979869,       0.2073542,
 -15000.0000000,  -57217.5000000,
      0.2800609,      -0.0936080,       0.2073542,
 -15000.0000000,  -56904.5000000,
      0.1975910,      -0.0833905,       0.2080030,
 -15000.0000000,  -56696.0000000,
      0.2501382,      -0.1198816,       0.2089761,
 -15000.0000000,  -56499.0000000,
      0.2494084,      -0.0943378,       0.2099492,
 -15000.0000000,  -56199.5000000,
      0.2472189,      -0.0724432,       0.2086517,
 -15000.0000000,  -56028.5000000,
      0.2501382,      -0.0892291,       0.2102735,
 -15000.0000000,  -55729.0000000,
      0.2377312,      -0.0797414,       0.2112466,
 -15000.0000000,  -55571.5000000,
      0.2048892,      -0.1009062,       0.2109223,
 -15000.0000000,  -55258.5000000,
      0.1902928,      -0.0965273,       0.2112466,
 -15000.0000000,  -55101.5000000,
      0.1895630,      -0.0833905,       0.2099492,
 -15000.0000000,  -54788.5000000,
      0.1881033,      -0.0614958,       0.2118954,
 -15000.0000000,  -54617.5000000,
      0.1735069,      -0.0892291,       0.2125441,
 -15000.0000000,  -54396.0000000,
      0.1435842,      -0.0666046,       0.2131928,
 -15000.0000000,  -54109.5000000,
      0.1545315,      -0.1038255,       0.2131928,
 -15000.0000000,  -53874.5000000,
      0.1275281,      -0.0906887,       0.2135172,
 -15000.0000000,  -53640.5000000,
      0.1100124,      -0.0936080,       0.2128685,
 -15000.0000000,  -53456.5000000,
      0.1574508,      -0.0994466,       0.2118954,
 -15000.0000000,  -53170.0000000,
      0.1968612,      -0.1074746,       0.2118954,
 -15000.0000000,  -52986.0000000,
      0.1479631,      -0.0644151,       0.2115710,
 -15000.0000000,  -52700.0000000,
      0.1866437,      -0.0775519,       0.2115710,
 -15000.0000000,  -52465.0000000,
      0.1596402,      -0.0520081,       0.2112466,
 -15000.0000000,  -52230.0000000,
      0.1516122,      -0.1023659,       0.2109223,
 -15000.0000000,  -51980.0000000,
      0.1435842,      -0.0563871,       0.2115710,
 -15000.0000000,  -51796.5000000,
      0.1610999,      -0.0775519,       0.2115710,
 -15000.0000000,  -51561.0000000,
      0.1523420,      -0.0848501,       0.2115710,
 -15000.0000000,  -51326.0000000,
      0.1705876,      -0.1009062,       0.2115710,
 -15000.0000000,  -51053.5000000,
      0.1640192,      -0.0520081,       0.2112466,
 -15000.0000000,  -50818.0000000,
      0.1552613,      -0.0687940,       0.2093004,
 -15000.0000000,  -50621.0000000,
      0.1691279,      -0.0906887,       0.2093004,
 -15000.0000000,  -50348.0000000,
      0.1917524,      -0.0666046,       0.2089761,
 -15000.0000000,  -50099.0000000,
      0.1735069,      -0.0826607,       0.2080030,
 -15000.0000000,  -49916.5000000,
      0.1632894,      -0.0812010,       0.2060568,
 -15000.0000000,  -49681.0000000,
      0.1326368,      -0.0658748,       0.2050837,
 -15000.0000000,  -49446.0000000,
      0.2151067,      -0.0899589,       0.2041106,
 -15000.0000000,  -49173.5000000,
      0.2253242,      -0.0746326,       0.2024888,
 -15000.0000000,  -48938.5000000,
      0.1508824,      -0.0746326,       0.2008669,
 -15000.0000000,  -48740.5000000,
      0.1165808,      -0.0768221,       0.1989207,
 -15000.0000000,  -48468.0000000,
      0.1581806,      -0.0556572,       0.1969746,
 -15000.0000000,  -48233.0000000,
      0.1618297,      -0.0476292,       0.1976233,
 -15000.0000000,  -47998.0000000,
      0.1610999,      -0.0454397,       0.1985964,
 -15000.0000000,  -47762.5000000,
      0.0881177,      -0.0337626,       0.1995695,
 -15000.0000000,  -47565.0000000,
      0.1516122,      -0.0410608,       0.1995695,
 -15000.0000000,  -47278.5000000,
      0.0873879,      -0.0680642,       0.2008669,
 -15000.0000000,  -47094.5000000,
      0.1377456,      -0.0724432,       0.2008669,
 -15000.0000000,  -46822.0000000,
      0.1530719,      -0.0571169,       0.2005426,
 -15000.0000000,  -46587.0000000,
      0.1618297,      -0.0731730,       0.1992451,
 -15000.0000000,  -46389.5000000,
      0.1727770,      -0.0366819,       0.1992451,
 -15000.0000000,  -46117.0000000,
      0.1348263,      -0.0614958,       0.1998938,
 -15000.0000000,  -45881.5000000,
      0.1538017,      -0.0374117,       0.1995695,
 -15000.0000000,  -45647.5000000,
      0.1180404,      -0.0264644,       0.1989207,
 -15000.0000000,  -45450.0000000,
      0.1625595,      -0.0534678,       0.1992451,
 -15000.0000000,  -45214.5000000,
      0.1640192,      -0.0877694,       0.1982720,
 -15000.0000000,  -44979.5000000,
      0.1523420,      -0.0432503,       0.1972989,
 -15000.0000000,  -44707.0000000,
      0.1683981,      -0.0023802,       0.1963258,
 -15000.0000000,  -44472.0000000,
      0.1457736,      -0.0104083,       0.1989207,
 -15000.0000000,  -44237.0000000,
      0.1340965,      -0.0396012,       0.2002182,
 -15000.0000000,  -44039.0000000,
      0.1267983,      -0.0476292,       0.1992451,
 -15000.0000000,  -43804.0000000,
      0.0749809,      -0.0045697,       0.2021644,
 -15000.0000000,  -43531.0000000,
      0.0954159,      -0.0622256,       0.2028131,
 -15000.0000000,  -43296.0000000,
      0.1195000,      -0.0505485,       0.2028131,
 -15000.0000000,  -43061.0000000,
      0.0800896,      -0.0257345,       0.2037862,
 -15000.0000000,  -42826.0000000,
      0.1107422,      -0.0571169,       0.2047593,
 -15000.0000000,  -42577.0000000,
      0.0976054,      -0.0352222,       0.2060568,
 -15000.0000000,  -42393.5000000,
      0.1005247,      -0.0490888,       0.2070299,
 -15000.0000000,  -42107.0000000,
      0.0757107,      -0.0746326,       0.2073542,
 -15000.0000000,  -41924.0000000,
      0.1107422,      -0.0527380,       0.2083273,
 -15000.0000000,  -41651.5000000,
      0.0742511,      -0.0388713,       0.2073542,
 -15000.0000000,  -41402.5000000,
      0.1070931,      -0.0614958,       0.2063811,
 -15000.0000000,  -41167.5000000,
      0.1319070,      -0.0257345,       0.2067055,
 -15000.0000000,  -40983.5000000,
      0.1092825,      -0.0505485,       0.2080030,
 -15000.0000000,  -40697.0000000,
      0.0633037,      -0.0410608,       0.2093004,
 -15000.0000000,  -40513.5000000,
      0.0414091,      -0.0666046,       0.2105979,
 -15000.0000000,  -40227.0000000,
      0.0304618,      -0.0213556,       0.2115710,
 -15000.0000000,  -40043.0000000,
      0.0647634,      -0.0271942,       0.2122197,
 -15000.0000000,  -39770.5000000,
      0.0290021,      -0.0658748,       0.2118954,
 -15000.0000000,  -39521.5000000,
      0.0472477,      -0.0374117,       0.2118954,
 -15000.0000000,  -39196.5000000,
      0.0450582,      -0.0709835,       0.2112466,
 -15000.0000000,  -39116.0000000,
      0.0727914,      -0.0731730,       0.2102735,
 -15000.0000000,  -38816.0000000,
      0.0917668,      -0.0607660,       0.2102735,
 -15000.0000000,  -38632.5000000,
      0.0618441,      -0.0242749,       0.2102735,
 -15000.0000000,  -38346.0000000,
      0.0377600,      -0.0279240,       0.2115710,
 -15000.0000000,  -38162.0000000,
      0.0487073,      -0.0337626,       0.2135172,
 -15000.0000000,  -37876.5000000,
      0.0552757,      -0.0279240,       0.2148146,
 -15000.0000000,  -37692.5000000,
      0.0341109,      -0.0790116,       0.2157877,
 -15000.0000000,  -37406.5000000,
      0.0698721,      -0.0782817,       0.2161121,
 -15000.0000000,  -37222.5000000,
      0.0246232,      -0.1060150,       0.2154634,
 -15000.0000000,  -36936.0000000,
      0.0202442,      -0.0848501,       0.2141659,
 -15000.0000000,  -36752.0000000,
      0.0041882,      -0.0914185,       0.2115710,
 -15000.0000000,  -36453.0000000,
     -0.0045697,      -0.0775519,       0.2099492,
 -15000.0000000,  -36282.0000000,
     -0.0082188,      -0.0717133,       0.2093004,
 -15000.0000000,  -36009.5000000,
      0.0005390,      -0.0578467,       0.2073542,
 -15000.0000000,  -35811.5000000,
      0.0027285,      -0.0447099,       0.2080030,
 -15000.0000000,  -35576.5000000,
      0.0428687,      -0.0403310,       0.2089761,
 -15000.0000000,  -35290.0000000,
      0.0231635,      -0.0812010,       0.2112466,
 -15000.0000000,  -35055.0000000,
      0.0494371,      -0.0797414,       0.2122197,
 -15000.0000000,  -34871.0000000,
      0.0808195,      -0.0498187,       0.2125441,
 -15000.0000000,  -34585.0000000,
      0.0654932,      -0.1096641,       0.2125441,
 -15000.0000000,  -34401.0000000,
      0.0282723,      -0.0534678,       0.2115710,
 -15000.0000000,  -34114.5000000,
      0.0041882,      -0.0680642,       0.2131928,
 -15000.0000000,  -33931.5000000,
      0.0253530,      -0.0447099,       0.2138415,
 -15000.0000000,  -33696.5000000,
      0.0034583,      -0.0833905,       0.2131928,
 -15000.0000000,  -33410.0000000,
      0.0056478,      -0.0702537,       0.2148146,
 -15000.0000000,  -33226.0000000,
     -0.0096785,      -0.0943378,       0.2135172,
 -15000.0000000,  -32940.0000000,
      0.0333810,      -0.0936080,       0.2148146,
 -15000.0000000,  -32756.0000000,
      0.0363003,      -0.1030957,       0.2131928,
 -15000.0000000,  -32470.0000000,
     -0.0169767,      -0.0636853,       0.2135172,
 -15000.0000000,  -32286.0000000,
      0.0158653,      -0.0790116,       0.2138415,
 -15000.0000000,  -31999.5000000,
     -0.0556572,      -0.0797414,       0.2128685,
 -15000.0000000,  -31815.5000000,
      0.0056478,      -0.0739028,       0.2131928,
 -15000.0000000,  -31581.0000000,
      0.0005390,      -0.1133132,       0.2128685,
 -15000.0000000,  -31294.0000000,
     -0.0038399,      -0.1067448,       0.2115710,
 -15000.0000000,  -31110.0000000,
     -0.0052995,      -0.1461552,       0.2125441,
 -15000.0000000,  -30850.0000000,
      0.0435985,      -0.0928782,       0.2105979,
 -15000.0000000,  -30640.0000000,
     -0.0242749,      -0.0768221,       0.2109223,
 -15000.0000000,  -30353.5000000,
     -0.0198960,      -0.0739028,       0.2112466,
 -15000.0000000,  -30169.5000000,
     -0.0060293,      -0.0863098,       0.2115710,
 -15000.0000000,  -29884.5000000,
     -0.0658748,      -0.0848501,       0.2157877,
 -15000.0000000,  -29714.0000000,
     -0.0016504,      -0.0855799,       0.2161121,
 -15000.0000000,  -29414.0000000,
     -0.0104083,      -0.1133132,       0.2161121,
 -15000.0000000,  -29230.0000000,
     -0.0330328,      -0.1242605,       0.2157877,
 -15000.0000000,  -28944.0000000,
     -0.0220854,      -0.1038255,       0.2154634,
 -15000.0000000,  -28773.5000000,
     -0.0651449,      -0.1147728,       0.2154634,
 -15000.0000000,  -28474.0000000,
     -0.0600362,      -0.1206114,       0.2157877,
 -15000.0000000,  -28290.0000000,
     -0.0089486,      -0.1337482,       0.2157877,
 -15000.0000000,  -28003.5000000,
     -0.0505485,      -0.1417762,       0.2148146,
 -15000.0000000,  -27819.5000000,
     -0.0060293,      -0.1315587,       0.2154634,
 -15000.0000000,  -27533.0000000,
      0.0071074,      -0.1257202,       0.2138415,
 -15000.0000000,  -27349.0000000,
     -0.0396012,      -0.1534534,       0.2138415,
 -15000.0000000,  -27063.0000000,
     -0.0118679,      -0.1388570,       0.2148146,
 -15000.0000000,  -26879.0000000,
     -0.0644151,      -0.1060150,       0.2154634,
 -15000.0000000,  -26592.5000000,
     -0.0432503,      -0.1140430,       0.2138415,
 -15000.0000000,  -26409.0000000,
     -0.0337626,      -0.0957975,       0.2148146,
 -15000.0000000,  -26149.0000000,
     -0.0286538,      -0.1344780,       0.2135172,
 -15000.0000000,  -25939.5000000,
     -0.0921483,      -0.1461552,       0.2115710,
 -15000.0000000,  -25653.0000000,
     -0.0089486,      -0.1264500,       0.2125441,
 -15000.0000000,  -25469.0000000,
     -0.0505485,      -0.1490745,       0.2122197,
 -15000.0000000,  -25183.0000000,
     -0.1009062,      -0.1279096,       0.2125441,
 -15000.0000000,  -24999.0000000,
     -0.0541976,      -0.1439657,       0.2131928,
 -15000.0000000,  -24712.5000000,
     -0.0928782,      -0.1184219,       0.2131928,
 -15000.0000000,  -24529.0000000,
     -0.1030957,      -0.1461552,       0.2109223,
 -15000.0000000,  -24293.5000000,
     -0.0498187,      -0.1461552,       0.2115710,
 -15000.0000000,  -24007.0000000,
     -0.1220711,      -0.1490745,       0.2102735,
 -15000.0000000,  -23798.5000000,
     -0.0724432,      -0.1716989,       0.2086517,
 -15000.0000000,  -23588.0000000,
     -0.0673344,      -0.1191518,       0.2096248,
 -15000.0000000,  -23302.0000000,
     -0.1330184,      -0.1315587,       0.2093004,
 -15000.0000000,  -23066.5000000,
     -0.0877694,      -0.1592920,       0.2105979,
 -15000.0000000,  -22909.5000000,
     -0.0987167,      -0.1257202,       0.2118954,
 -15000.0000000,  -22600.5000000,
     -0.1147728,      -0.1483446,       0.2109223,
 -15000.0000000,  -22447.0000000,
     -0.0972571,      -0.1315587,       0.2105979,
 -15000.0000000,  -22170.0000000,
     -0.1009062,      -0.1249903,       0.2115710,
 -15000.0000000,  -21970.0000000,
     -0.1191518,      -0.1191518,       0.2122197,
 -15000.0000000,  -21699.5000000,
     -0.0520081,      -0.1432359,       0.2118954,
 -15000.0000000,  -21527.5000000,
     -0.0899589,      -0.1468850,       0.2122197,
 -15000.0000000,  -21323.0000000,
     -0.1001764,      -0.1848357,       0.2125441,
 -15000.0000000,  -21119.5000000,
     -0.0563871,      -0.1271798,       0.2105979,
 -15000.0000000,  -20837.0000000,
     -0.1600218,      -0.1622113,       0.2044350,
 -15000.0000000,  -20673.0000000,
     -0.1388570,      -0.1841059,       0.2115710,
 -15000.0000000,  -20465.5000000,
     -0.0717133,      -0.1519938,       0.2115710,
 -15000.0000000,  -20216.5000000,
     -0.1738884,      -0.1709691,       0.2112466,
 -15000.0000000,  -20059.0000000,
     -0.1228009,      -0.1636709,       0.2102735,
 -15000.0000000,  -19816.0000000,
     -0.0812010,      -0.1242605,       0.2102735,
 -15000.0000000,  -19662.0000000,
     -0.1439657,      -0.1271798,       0.2086517,
 -15000.0000000,  -19425.5000000,
     -0.0950676,      -0.1658604,       0.2099492,
 -15000.0000000,  -19275.5000000,
     -0.0957975,      -0.1695095,       0.2099492,
 -15000.0000000,  -19045.0000000,
     -0.1330184,      -0.1636709,       0.2037862,
 -15000.0000000,  -18858.5000000,
     -0.0826607,      -0.1862954,       0.2093004,
 -15000.0000000,  -18714.5000000,
     -0.1249903,      -0.1665902,       0.2086517,
 -15000.0000000,  -18494.0000000,
     -0.1403166,      -0.1775375,       0.2076786,
 -15000.0000000,  -18354.0000000,
     -0.0965273,      -0.1410464,       0.2080030,
 -15000.0000000,  -18177.0000000,
     -0.1454254,      -0.1600218,       0.2086517,
 -15000.0000000,  -17964.5000000,
     -0.1578323,      -0.1133132,       0.2099492,
 -15000.0000000,  -17849.5000000,
     -0.1038255,      -0.0775519,       0.2115710,
 -15000.0000000,  -17660.5000000,
     -0.0994466,      -0.0235451,       0.2174096,
 -15000.0000000,  -17457.0000000,
     -0.0972571,       0.0165951,       0.2268162,
 -15000.0000000,  -17328.5000000,
     -0.0352222,       0.0158653,       0.2394664,
 -15000.0000000,  -17131.0000000,
     -0.0337626,       0.0326512,       0.2540629,
 -15000.0000000,  -17006.5000000,
     -0.0147872,      -0.0060293,       0.2628207,
 -15000.0000000,  -16815.5000000,
     -0.0337626,      -0.1169623,       0.2738491,
 -15000.0000000,  -16712.0000000,
     -0.0753624,      -0.1512639,       0.2813095,
 -15000.0000000,  -16543.0000000,
     -0.0782817,      -0.1760779,       0.2816339,
 -15000.0000000,  -16410.5000000,
     -0.0410608,      -0.2578179,       0.2754710,
 -15000.0000000,  -16214.5000000,
     -0.0505485,      -0.2476004,       0.2634694,
 -15000.0000000,  -16118.0000000,
     -0.0125977,      -0.2176777,       0.2524410,
 -15000.0000000,  -15959.5000000,
      0.0071074,      -0.2235163,       0.2440075,
 -15000.0000000,  -15790.5000000,
     -0.0337626,      -0.1709691,       0.2384933,
 -15000.0000000,  -15699.0000000,
     -0.0447099,      -0.1191518,       0.2381689,
 -15000.0000000,  -15520.0000000,
     -0.0666046,      -0.0695239,       0.2407639,
 -15000.0000000,  -15432.0000000,
     -0.0782817,      -0.0636853,       0.2482243,
 -15000.0000000,  -15260.0000000,
     -0.0724432,      -0.0396012,       0.2569821,
 -15000.0000000,  -15175.0000000,
     -0.1074746,      -0.0323029,       0.2667131,
 -15000.0000000,  -15009.5000000,
     -0.1680498,      -0.0118679,       0.2767684,
 -15000.0000000,  -14928.0000000,
     -0.1271798,      -0.0374117,       0.2832557,
 -15000.0000000,  -14808.0000000,
     -0.1454254,      -0.0717133,       0.2884456,
 -15000.0000000,  -14652.5000000,
     -0.1403166,      -0.1023659,       0.2910405,
 -15000.0000000,  -14576.0000000,
     -0.1242605,      -0.1198816,       0.2923380,
 -15000.0000000,  -14427.5000000,
     -0.1169623,      -0.1746182,       0.2936354,
 -15000.0000000,  -14354.0000000,
     -0.1125834,      -0.1935936,       0.2929867,
 -15000.0000000,  -14212.0000000,
     -0.0957975,      -0.2184076,       0.2897430,
 -15000.0000000,  -14142.0000000,
     -0.0578467,      -0.2344636,       0.2852019,
 -15000.0000000,  -14017.5000000,
     -0.0585765,      -0.2607372,       0.2783903,
 -15000.0000000,  -13940.0000000,
     -0.0359521,      -0.2373829,       0.2702811,
 -15000.0000000,  -13811.5000000,
     -0.0023802,      -0.2556285,       0.2615233,
 -15000.0000000,  -13748.0000000,
      0.0224337,      -0.2074602,       0.2553603,
 -15000.0000000,  -13626.0000000,
      0.0319214,      -0.1957831,       0.2514679,
 -15000.0000000,  -13566.0000000,
      0.0625739,      -0.1943234,       0.2482243,
 -15000.0000000,  -13450.5000000,
      0.1034440,      -0.2023515,       0.2449806,
 -15000.0000000,  -13394.0000000,
      0.0895773,      -0.1899445,       0.2414126,
 -15000.0000000,  -13312.0000000,
      0.0968756,      -0.1972427,       0.2391420,
 -15000.0000000,  -13206.5000000,
      0.1377456,      -0.1622113,       0.2381689,
 -15000.0000000,  -13155.0000000,
      0.1027141,      -0.1709691,       0.2365471,
 -15000.0000000,  -13080.0000000,
      0.0895773,      -0.1505341,       0.2352497,
 -15000.0000000,  -12984.5000000,
      0.1260684,      -0.1330184,       0.2346009,
 -15000.0000000,  -12934.0000000,
      0.1078229,      -0.1125834,       0.2349253,
 -15000.0000000,  -12849.0000000,
      0.1238790,      -0.1366675,       0.2349253,
 -15000.0000000,  -12806.0000000,
      0.1202299,      -0.1271798,       0.2349253,
 -15000.0000000,  -12724.0000000,
      0.1253386,      -0.1300991,       0.2342766,
 -15000.0000000,  -12684.5000000,
      0.1085527,      -0.1373973,       0.2329791,
 -15000.0000000,  -12609.0000000,
      0.1085527,      -0.1213412,       0.2323304,
 -15000.0000000,  -12569.5000000,
      0.1078229,      -0.1600218,       0.2320060,
 -15000.0000000,  -12520.5000000,
      0.1027141,      -0.1556429,       0.2313573,
 -15000.0000000,  -12455.0000000,
      0.0808195,      -0.1446955,       0.2300598,
 -15000.0000000,  -12408.5000000,
      0.0545459,      -0.1352078,       0.2284380,
 -15000.0000000,  -12378.5000000,
      0.1078229,      -0.1753481,       0.2281136,
 -15000.0000000,  -12323.0000000,
      0.0830089,      -0.1578323,       0.2277893,
 -15000.0000000,  -12294.5000000,
      0.0487073,      -0.1519938,       0.2271405,
 -15000.0000000,  -12259.5000000,
      0.1041738,      -0.1607516,       0.2268162,
 -15000.0000000,  -12212.0000000,
      0.0735213,      -0.1884849,       0.2258431,
 -15000.0000000,  -12187.5000000,
      0.0822791,      -0.1512639,       0.2251943,
 -15000.0000000,  -12156.5000000,
      0.0727914,      -0.1695095,       0.2251943,
 -15000.0000000,  -12131.5000000,
      0.0333810,      -0.1716989,       0.2245456,
 -15000.0000000,  -12104.5000000,
      0.0720616,      -0.1775375,       0.2242212,
 -15000.0000000,  -12086.5000000,
      0.0822791,      -0.1534534,       0.2229238,
 -15000.0000000,  -12064.0000000,
      0.0508968,      -0.1987024,       0.2222750,
 -15000.0000000,  -12050.0000000,
      0.0647634,      -0.1527236,       0.2222750,
 -15000.0000000,  -12033.5000000,
      0.0523564,      -0.1782673,       0.2219507,
 -15000.0000000,  -12023.5000000,
      0.0545459,      -0.1841059,       0.2222750,
 -15000.0000000,  -12012.5000000,
      0.0786300,      -0.1797270,       0.2219507,
 -15000.0000000,  -12007.5000000,
      0.0749809,      -0.2060006,       0.2219507,
 -15000.0000000,  -12003.0000000,
      0.0406793,      -0.1833761,       0.2222750,
 -15000.0000000,  -12000.5000000,
      0.0275425,      -0.1789972,       0.2222750,
 -15000.0000000,  -12000.5000000,
      0.0560055,      -0.2008918,       0.2222750,
 -15000.0000000,  -12000.5000000,
      0.0501669,      -0.1892147,       0.2219507,
 -15000.0000000,  -12000.5000000,
      0.0275425,      -0.1950533,       0.2216263,
 -15000.0000000,  -12000.5000000,
      0.0399494,      -0.1760779,       0.2216263,
 -15000.0000000,  -12000.5000000,
      0.0311916,      -0.1651306,       0.2216263,
 -15000.0000000,  -12000.5000000,
      0.0487073,      -0.2242461,       0.2225994,
 -15000.0000000,  -12000.5000000,
      0.0231635,      -0.1622113,       0.2219507,
 -15000.0000000,  -12000.5000000,
      0.0384898,      -0.1775375,       0.2216263,
 -15000.0000000,  -12000.5000000,
      0.0326512,      -0.2191374,       0.2222750,
 -15000.0000000,  -12000.5000000,
      0.0406793,      -0.1644007,       0.2222750,
 -15000.0000000,  -12000.0000000,
      0.0341109,      -0.1979725,       0.2232481,
 -15000.0000000,  -12000.0000000,
      0.0414091,      -0.2060006,       0.2216263,
 -15000.0000000,  -12000.0000000,
      0.0508968,      -0.1651306,       0.2216263,
 -15000.0000000,  -12000.0000000,
      0.0625739,      -0.1928638,       0.2216263,
 -15000.0000000,  -12000.0000000,
      0.0355705,      -0.1746182,       0.2219507,
 -15000.0000000,  -12000.0000000,
      0.0501669,      -0.1644007,       0.2222750,
 -15000.0000000,  -12000.0000000,
      0.0290021,      -0.1789972,       0.2219507,
 -15000.0000000,  -12000.0000000,
      0.0363003,      -0.1841059,       0.2213020,
 -15000.0000000,  -12000.0000000,
      0.0581950,      -0.1563727,       0.2222750,
 -15000.0000000,  -12000.0000000,
      0.0333810,      -0.1789972,       0.2222750,
 -15000.0000000,  -12000.0000000,
      0.0414091,      -0.2089199,       0.2222750,
 -15000.0000000,  -12000.0000000,
      0.0538161,      -0.2125690,       0.2222750,
 -15000.0000000,  -12000.0000000,
      0.0472477,      -0.1731586,       0.2216263,
 -15000.0000000,  -12000.0000000,
      0.0275425,      -0.1841059,       0.2216263,
 -15000.0000000,  -12000.0000000,
      0.0830089,      -0.1534534,       0.2219507,
 -15000.0000000,  -12000.0000000,
      0.0304618,      -0.1921340,       0.2222750,
 -15000.0000000,  -12000.0000000,
      0.0158653,      -0.1724288,       0.2219507,
 -15000.0000000,  -12000.0000000,
      0.0793598,      -0.1826463,       0.2222750,
 -15000.0000000,  -12000.0000000,
      0.0596546,      -0.1833761,       0.2219507,
 -15000.0000000,  -12000.0000000,
      0.0406793,      -0.1972427,       0.2222750,
 -15000.0000000,  -12000.0000000,
      0.0684125,      -0.1928638,       0.2225994,
 -15000.0000000,  -12000.0000000,
      0.0268126,      -0.1892147,       0.2222750,
 -15000.0000000,  -12000.0000000,
      0.0581950,      -0.1804568,       0.2216263,
 -15000.0000000,  -12000.0000000,
      0.0370301,      -0.1753481,       0.2216263,
 -15000.0000000,  -12000.0000000,
      0.0406793,      -0.1804568,       0.2216263,
 -15000.0000000,  -12000.0000000,
      0.0290021,      -0.1957831,       0.2222750,
 -15000.0000000,  -12000.0000000,
      0.0538161,      -0.1848357,       0.2219507,
 -15000.0000000,  -12000.0000000,
      0.0078373,      -0.1505341,       0.2213020,
 -15000.0000000,  -12000.0000000,
      0.0516266,      -0.1775375,       0.2219507,
 -15000.0000000,  -12000.0000000,
      0.0538161,      -0.1987024,       0.2225994,
 -15000.0000000,  -12000.0000000,
      0.0275425,      -0.1906743,       0.2222750,
 -15000.0000000,  -12000.0000000,
      0.0406793,      -0.1819165,       0.2219507,
 -15000.0000000,  -12000.0000000,
      0.0275425,      -0.1797270,       0.2216263,
 -15000.0000000,  -12000.0000000,
      0.0370301,      -0.1855656,       0.2219507,
 -15000.0000000,  -12000.0000000,
      0.0231635,      -0.1819165,       0.2219507,
 -15000.0000000,  -12000.0000000,
      0.0428687,      -0.1892147,       0.2216263,
 -15000.0000000,  -12000.0000000,
      0.0290021,      -0.1614814,       0.2222750,
 -15000.0000000,  -12000.0000000,
      0.0370301,      -0.1585622,       0.2222750,
 -15000.0000000,  -12000.0000000,
      0.0297319,      -0.1804568,       0.2216263,
 -15000.0000000,  -12000.0000000,
      0.0487073,      -0.1636709,       0.2222750,
 -15000.0000000,  -12000.0000000,
      0.0363003,      -0.2154883,       0.2225994,
 -15000.0000000,  -12000.0000000,
      0.0625739,      -0.1943234,       0.2219507,
 -15000.0000000,  -12000.0000000,
      0.0647634,      -0.1848357,       0.2219507,
 -15000.0000000,  -12000.0000000,
      0.0399494,      -0.1673200,       0.2216263,
 -15000.0000000,  -12000.0000000,
      0.0530862,      -0.2001620,       0.2219507,
 -15000.0000000,  -12000.0000000,
      0.0538161,      -0.1841059,       0.2225994,
 -15000.0000000,  -12000.0000000,
      0.0487073,      -0.1987024,       0.2219507,
 -15000.0000000,  -12000.0000000,
      0.0238934,      -0.1826463,       0.2213020,
 -15000.0000000,  -12000.0000000,
      0.0465178,      -0.1760779,       0.2219507,
 -15000.0000000,  -12000.0000000,
      0.0268126,      -0.2001620,       0.2222750,
 -15000.0000000,  -12000.0000000,
      0.0494371,      -0.1804568,       0.2222750,
 -15000.0000000,  -12000.0000000,
      0.0399494,      -0.1833761,       0.2225994,
 -15000.0000000,  -12000.0000000,
      0.0581950,      -0.2052708,       0.2222750,
 -15000.0000000,  -12000.0000000,
      0.0465178,      -0.1753481,       0.2219507,
 -15000.0000000,  -12000.0000000,
      0.0545459,      -0.1680498,       0.2219507,
 -15000.0000000,  -12000.0000000,
      0.0443284,      -0.1716989,       0.2219507,
 -15000.0000000,  -12000.0000000,
      0.0457880,      -0.1622113,       0.2216263,
 -15000.0000000,  -12000.0000000,
      0.0377600,      -0.1541832,       0.2216263,
 -15000.0000000,  -12000.0000000,
      0.0063776,      -0.2052708,       0.2216263,
 -15000.0000000,  -12000.0000000,
      0.0560055,      -0.1738884,       0.2225994,
 -15000.0000000,  -12000.0000000,
      0.0231635,      -0.1994322,       0.2229238,
 -15000.0000000,  -12000.0000000,
      0.0253530,      -0.1665902,       0.2219507,
 -15000.0000000,  -12000.0000000,
      0.0727914,      -0.1687797,       0.2219507,
 -15000.0000000,  -12000.0000000,
      0.0078373,      -0.1658604,       0.2222750,
 -15000.0000000,  -12000.0000000,
      0.0501669,      -0.1775375,       0.2216263,
 -15000.0000000,  -12000.0000000,
      0.0581950,      -0.1870252,       0.2219507,
 -15000.0000000,  -12000.0000000,
      0.0122162,      -0.1833761,       0.2216263,
 -15000.0000000,  -12000.0000000,
      0.0472477,      -0.1928638,       0.2219507,
 -15000.0000000,  -12000.0000000,
      0.0487073,      -0.1658604,       0.2219507,
 -15000.0000000,  -12000.0000000,
      0.0399494,      -0.1950533,       0.2219507,
 -15000.0000000,  -12000.0000000,
      0.0392196,      -0.1622113,       0.2222750,
 -15000.0000000,  -12000.0000000,
      0.0435985,      -0.1731586,       0.2219507,
 -15000.0000000,  -12000.0000000,
      0.0435985,      -0.1789972,       0.2219507,
 -15000.0000000,  -12000.0000000,
      0.0202442,      -0.1819165,       0.2216263,
 -15000.0000000,  -12000.0000000,
      0.0406793,      -0.1892147,       0.2219507,
 -15000.0000000,  -12000.0000000,
      0.0136758,      -0.1512639,       0.2219507,
 -15000.0000000,  -12000.0000000,
      0.0275425,      -0.1738884,       0.2219507,
 -15000.0000000,  -12000.0000000,
      0.0158653,      -0.1636709,       0.2219507,
 -15000.0000000,  -12000.0000000,
      0.0465178,      -0.1673200,       0.2219507,
 -15000.0000000,  -12000.0000000,
      0.0640336,      -0.1965129,       0.2222750,
 -15000.0000000,  -12000.0000000,
      0.0640336,      -0.1884849,       0.2222750,
 -15000.0000000,  -12000.0000000,
