      0.7303611,       0.3413659,       0.1982720,
 -23000.0000000, -118000.0000000,
      0.7602838,       0.3399063,       0.1985964,
 -23000.0000000, -118000.0000000,
      0.7756100,       0.3340677,       0.1985964,
 -23000.0000000, -118000.0000000,
      0.7522557,       0.3063345,       0.1982720,
 -23000.0000000, -118000.0000000,
      0.7515259,       0.3347975,       0.1982720,
 -23000.0000000, -117997.5000000,
      0.7478768,       0.3552326,       0.1982720,
 -23000.0000000, -117991.0000000,
      0.7712311,       0.3450150,       0.1982720,
 -23000.0000000, -117982.0000000,
      0.7113857,       0.3289590,       0.1985964,
 -23000.0000000, -117974.0000000,
      0.7799890,       0.3610711,       0.1982720,
 -23000.0000000, -117958.0000000,
      0.7588241,       0.3472045,       0.1992451,
 -23000.0000000, -117944.0000000,
      0.7661224,       0.3501238,       0.1989207,
 -23000.0000000, -117923.5000000,
      0.7850977,       0.3654501,       0.1992451,
 -23000.0000000, -117906.5000000,
      0.7325505,       0.3654501,       0.1989207,
 -23000.0000000, -117883.0000000,
      0.7938556,       0.3829658,       0.1985964,
 -23000.0000000, -117853.5000000,
      0.7872872,       0.3946429,       0.1992451,
 -23000.0000000, -117825.0000000,
      0.7507961,       0.3559624,       0.1985964,
 -23000.0000000, -117799.0000000,
      0.7661224,       0.3749377,       0.1982720,
 -23000.0000000, -117768.0000000,
      0.7763399,       0.3705588,       0.1992451,
 -23000.0000000, -117724.5000000,
      0.7259821,       0.3377168,       0.1989207,
 -23000.0000000, -117686.0000000,
      0.7383891,       0.3727483,       0.1989207,
 -23000.0000000, -117651.5000000,
      0.7274418,       0.3785869,       0.1995695,
 -23000.0000000, -117609.0000000,
      0.7347400,       0.3472045,       0.1995695,
 -23000.0000000, -117555.5000000,
      0.7588241,       0.3683693,       0.1995695,
 -23000.0000000, -117515.0000000,
      0.7442277,       0.3822360,       0.1995695,
 -23000.0000000, -117456.0000000,
      0.7559048,       0.3647202,       0.1992451,
 -23000.0000000, -117411.5000000,
      0.7734206,       0.3632606,       0.1992451,
 -23000.0000000, -117359.0000000,
      0.7580943,       0.3333379,       0.2002182,
 -23000.0000000, -117285.0000000,
      0.7427680,       0.3450150,       0.1998938,
 -23000.0000000, -117237.5000000,
      0.7420382,       0.3355274,       0.1995695,
 -23000.0000000, -117178.0000000,
      0.7719609,       0.3734781,       0.1998938,
 -23000.0000000, -117090.5000000,
      0.7405786,       0.3581518,       0.1995695,
 -23000.0000000, -117029.5000000,
      0.7398488,       0.3428256,       0.1998938,
 -23000.0000000, -116970.0000000,
      0.7522557,       0.3625308,       0.2002182,
 -23000.0000000, -116885.0000000,
      0.7398488,       0.3530431,       0.1995695,
 -23000.0000000, -116821.5000000,
      0.7434979,       0.3442852,       0.2002182,
 -23000.0000000, -116743.5000000,
      0.7091962,       0.3749377,       0.1992451,
 -23000.0000000, -116650.0000000,
      0.7865574,       0.3953728,       0.1934065,
 -23000.0000000, -116561.5000000,
      0.7230629,       0.3793167,       0.1885411,
 -23000.0000000, -116494.5000000,
      0.7427680,       0.3917237,       0.1950284,
 -23000.0000000, -116392.0000000,
      0.7172243,       0.3917237,       0.1989207,
 -23000.0000000, -116315.5000000,
      0.6894910,       0.3690992,       0.1989207,
 -23000.0000000, -116191.5000000,
      0.7267120,       0.3902640,       0.1985964,
 -23000.0000000, -116127.0000000,
      0.7091962,       0.3581518,       0.1995695,
 -23000.0000000, -116028.5000000,
      0.6931402,       0.3588817,       0.1992451,
 -23000.0000000, -115912.0000000,
      0.7289014,       0.3909938,       0.2002182,
 -23000.0000000, -115808.5000000,
      0.7478768,       0.3705588,       0.2002182,
 -23000.0000000, -115719.5000000,
      0.6924103,       0.3880745,       0.2008669,
 -23000.0000000, -115618.0000000,
      0.7237927,       0.4048604,       0.2015157,
 -23000.0000000, -115483.0000000,
      0.6924103,       0.4289446,       0.2018400,
 -23000.0000000, -115369.5000000,
      0.6865718,       0.4070499,       0.2018400,
 -23000.0000000, -115272.5000000,
      0.6756244,       0.4004815,       0.2031375,
 -23000.0000000, -115069.0000000,
      0.6384035,       0.4318639,       0.2037862,
 -23000.0000000, -114919.5000000,
      0.6238071,       0.3895342,       0.2044350,
 -23000.0000000, -114883.5000000,
      0.6362140,       0.4245656,       0.2041106,
 -23000.0000000, -114784.5000000,
      0.6106703,       0.4369726,       0.2057324,
 -23000.0000000, -114621.5000000,
      0.6230772,       0.4209165,       0.2060568,
 -23000.0000000, -114519.0000000,
      0.6172387,       0.4158078,       0.2070299,
 -23000.0000000, -114349.0000000,
      0.6121299,       0.4019412,       0.2080030,
 -23000.0000000, -114235.0000000,
      0.6595683,       0.4238358,       0.2093004,
 -23000.0000000, -114126.5000000,
      0.6756244,       0.4625164,       0.2102735,
 -23000.0000000, -113947.5000000,
      0.6143194,       0.4216464,       0.2105979,
 -23000.0000000, -113812.5000000,
      0.6194281,       0.4150780,       0.2109223,
 -23000.0000000, -113698.0000000,
      0.6354842,       0.4172674,       0.2125441,
 -23000.0000000, -113517.5000000,
      0.6296456,       0.3946429,       0.2135172,
 -23000.0000000, -113399.5000000,
      0.6223474,       0.4252955,       0.2135172,
 -23000.0000000, -113247.0000000,
      0.6354842,       0.4158078,       0.2138415,
 -23000.0000000, -113100.5000000,
      0.6194281,       0.4179972,       0.2148146,
 -23000.0000000, -112898.5000000,
      0.6048317,       0.4435410,       0.2141659,
 -23000.0000000, -112782.5000000,
      0.6165088,       0.4391621,       0.2141659,
 -23000.0000000, -112565.5000000,
      0.6092106,       0.4508392,       0.2154634,
 -23000.0000000, -112455.0000000,
      0.6639473,       0.4413516,       0.2157877,
 -23000.0000000, -112231.0000000,
      0.6435123,       0.4581375,       0.2154634,
 -23000.0000000, -112060.0000000,
      0.6515403,       0.4201867,       0.2174096,
 -23000.0000000, -111944.0000000,
      0.6026422,       0.4544883,       0.2174096,
 -23000.0000000, -111710.0000000,
      0.6165088,       0.4617866,       0.2174096,
 -23000.0000000, -111590.5000000,
      0.6267263,       0.4362428,       0.2183827,
 -23000.0000000, -111350.0000000,
      0.6092106,       0.4398919,       0.2183827,
 -23000.0000000, -111206.5000000,
      0.6135896,       0.4807619,       0.2190314,
 -23000.0000000, -110981.0000000,
      0.6011826,       0.4778427,       0.2187070,
 -23000.0000000, -110833.5000000,
      0.6033720,       0.4493796,       0.2183827,
 -23000.0000000, -110643.0000000,
      0.6303755,       0.4231060,       0.2177339,
 -23000.0000000, -110407.5000000,
      0.5902352,       0.4318639,       0.2187070,
 -23000.0000000, -110211.0000000,
      0.6011826,       0.4355130,       0.2190314,
 -23000.0000000, -110056.0000000,
      0.6194281,       0.4296744,       0.2187070,
 -23000.0000000, -109811.0000000,
      0.5916949,       0.4522989,       0.2183827,
 -23000.0000000, -109675.0000000,
      0.6084808,       0.4377024,       0.2183827,
 -23000.0000000, -109401.0000000,
      0.6106703,       0.4464603,       0.2177339,
 -23000.0000000, -109238.5000000,
      0.5968036,       0.4632462,       0.2174096,
 -23000.0000000, -108982.0000000,
      0.5938844,       0.4654357,       0.2174096,
 -23000.0000000, -108839.5000000,
      0.5698002,       0.4610567,       0.2164365,
 -23000.0000000, -108553.0000000,
      0.5792879,       0.4647059,       0.2128685,
 -23000.0000000, -108407.0000000,
      0.5851265,       0.4690848,       0.2148146,
 -23000.0000000, -108125.5000000,
      0.5544740,       0.4544883,       0.2144903,
 -23000.0000000, -107890.0000000,
      0.5654213,       0.4931689,       0.2131928,
 -23000.0000000, -107739.0000000,
      0.5603125,       0.4537585,       0.2131928,
 -23000.0000000, -107436.5000000,
      0.5238214,       0.4654357,       0.2118954,
 -23000.0000000, -107256.0000000,
      0.5588529,       0.4727339,       0.2118954,
 -23000.0000000, -106971.5000000,
      0.5778283,       0.4450007,       0.2109223,
 -23000.0000000, -106814.5000000,
      0.5165232,       0.4690848,       0.2089761,
 -23000.0000000, -106501.5000000,
      0.4960882,       0.5041162,       0.2089761,
 -23000.0000000, -106344.5000000,
      0.5573933,       0.4778427,       0.2054080,
 -23000.0000000, -106031.0000000,
      0.5136039,       0.4953584,       0.2076786,
 -23000.0000000, -105847.0000000,
      0.5004671,       0.5354986,       0.2070299,
 -23000.0000000, -105561.0000000,
      0.4829514,       0.4720041,       0.2067055,
 -23000.0000000, -105403.5000000,
      0.4698146,       0.5019268,       0.2080030,
 -23000.0000000, -105141.5000000,
      0.4705444,       0.4968180,       0.2076786,
 -23000.0000000, -104855.5000000,
      0.4982777,       0.4844111,       0.2076786,
 -23000.0000000, -104671.5000000,
      0.4639760,       0.5230916,       0.2080030,
 -23000.0000000, -104385.5000000,
      0.4318639,       0.5267407,       0.2070299,
 -23000.0000000, -104228.0000000,
      0.4522989,       0.5442565,       0.2076786,
 -23000.0000000, -103915.0000000,
      0.4194569,       0.5471757,       0.2086517,
 -23000.0000000, -103757.5000000,
      0.4136183,       0.5318495,       0.2089761,
 -23000.0000000, -103522.5000000,
      0.4150780,       0.5128741,       0.2096248,
 -23000.0000000, -103210.5000000,
      0.4055903,       0.5019268,       0.2102735,
 -23000.0000000, -103026.5000000,
      0.4333235,       0.5260109,       0.2109223,
 -23000.0000000, -102740.5000000,
      0.4121587,       0.5486354,       0.2109223,
 -23000.0000000, -102583.0000000,
      0.3749377,       0.5216320,       0.2122197,
 -23000.0000000, -102270.0000000,
      0.4070499,       0.5895054,       0.2115710,
 -23000.0000000, -102113.0000000,
      0.3749377,       0.5566634,       0.2118954,
 -23000.0000000, -101799.5000000,
      0.3815061,       0.5479056,       0.2125441,
 -23000.0000000, -101642.5000000,
      0.4260253,       0.5763686,       0.2125441,
 -23000.0000000, -101329.5000000,
      0.3917237,       0.5493652,       0.2118954,
 -23000.0000000, -101158.5000000,
      0.3654501,       0.5822072,       0.2135172,
 -23000.0000000, -100937.0000000,
      0.3895342,       0.5887756,       0.2144903,
 -23000.0000000, -100624.0000000,
      0.3807763,       0.5705301,       0.2154634,
 -23000.0000000, -100450.5000000,
      0.3815061,       0.5946142,       0.2161121,
 -23000.0000000, -100178.0000000,
      0.3793167,       0.5668809,       0.2164365,
 -23000.0000000,  -99994.0000000,
      0.3771272,       0.5895054,       0.2161121,
 -23000.0000000,  -99694.0000000,
      0.4055903,       0.6070212,       0.2170852,
 -23000.0000000,  -99511.0000000,
      0.3654501,       0.5989931,       0.2174096,
 -23000.0000000,  -99212.0000000,
      0.3749377,       0.5997229,       0.2174096,
 -23000.0000000,  -99040.5000000,
      0.3858851,       0.6398631,       0.2170852,
 -23000.0000000,  -98819.5000000,
      0.3457449,       0.6238071,       0.2177339,
 -23000.0000000,  -98533.5000000,
      0.3720185,       0.6245369,       0.2183827,
 -23000.0000000,  -98335.5000000,
      0.3618010,       0.6624876,       0.2187070,
 -23000.0000000,  -98114.0000000,
      0.3457449,       0.6150492,       0.2187070,
 -23000.0000000,  -97865.0000000,
      0.3340677,       0.6135896,       0.2183827,
 -23000.0000000,  -97630.0000000,
      0.3515834,       0.6551894,       0.2187070,
 -23000.0000000,  -97408.5000000,
      0.3260397,       0.5836668,       0.2183827,
 -23000.0000000,  -97122.0000000,
      0.3420958,       0.6186983,       0.2177339,
 -23000.0000000,  -96924.5000000,
      0.3508536,       0.6566490,       0.2164365,
 -23000.0000000,  -96625.0000000,
      0.3304186,       0.6332947,       0.2161121,
 -23000.0000000,  -96454.0000000,
      0.3340677,       0.6391333,       0.2164365,
 -23000.0000000,  -96181.0000000,
      0.2873591,       0.6405930,       0.2157877,
 -23000.0000000,  -95997.5000000,
      0.3442852,       0.6668666,       0.2144903,
 -23000.0000000,  -95710.5000000,
      0.2990363,       0.6238071,       0.2128685,
 -23000.0000000,  -95514.0000000,
      0.2983064,       0.6486210,       0.2141659,
 -23000.0000000,  -95293.0000000,
      0.3209309,       0.6332947,       0.2138415,
 -23000.0000000,  -95006.5000000,
      0.2552469,       0.6646771,       0.2135172,
 -23000.0000000,  -94822.5000000,
      0.3048748,       0.6457017,       0.2128685,
 -23000.0000000,  -94510.0000000,
      0.2961170,       0.6610280,       0.2125441,
 -23000.0000000,  -94339.0000000,
      0.2413803,       0.6464315,       0.2118954,
 -23000.0000000,  -94066.0000000,
      0.2880889,       0.6675964,       0.2115710,
 -23000.0000000,  -93868.5000000,
      0.2764118,       0.6646771,       0.2115710,
 -23000.0000000,  -93595.5000000,
      0.2508680,       0.6982489,       0.2112466,
 -23000.0000000,  -93360.5000000,
      0.2515978,       0.6953296,       0.2109223,
 -23000.0000000,  -93125.5000000,
      0.2413803,       0.6617578,       0.2112466,
 -23000.0000000,  -92876.5000000,
      0.2297032,       0.6953296,       0.2105979,
 -23000.0000000,  -92693.0000000,
      0.2486785,       0.7026278,       0.2112466,
 -23000.0000000,  -92420.5000000,
      0.1727770,       0.6836525,       0.2115710,
 -23000.0000000,  -92222.5000000,
      0.2172962,       0.6851121,       0.2112466,
 -23000.0000000,  -91922.5000000,
      0.2143769,       0.6887612,       0.2118954,
 -23000.0000000,  -91751.5000000,
      0.1501526,       0.6967893,       0.2118954,
 -23000.0000000,  -91517.5000000,
      0.1691279,       0.7369295,       0.2118954,
 -23000.0000000,  -91245.0000000,
      0.1735069,       0.7128453,       0.2105979,
 -23000.0000000,  -91009.5000000,
      0.1479631,       0.6690560,       0.2125441,
 -23000.0000000,  -90812.0000000,
      0.1304474,       0.7434979,       0.2128685,
 -23000.0000000,  -90577.0000000,
      0.1421245,       0.6800034,       0.2135172,
 -23000.0000000,  -90342.0000000,
      0.1362859,       0.7106559,       0.2125441,
 -23000.0000000,  -90107.0000000,
      0.1406649,       0.7135752,       0.2141659,
 -23000.0000000,  -89807.5000000,
      0.1457736,       0.7507961,       0.2154634,
 -23000.0000000,  -89650.0000000,
      0.1355561,       0.7208734,       0.2154634,
 -23000.0000000,  -89336.5000000,
      0.0800896,       0.7551750,       0.2157877,
 -23000.0000000,  -89165.5000000,
      0.1100124,       0.7340102,       0.2161121,
 -23000.0000000,  -88866.5000000,
      0.1282579,       0.7507961,       0.2170852,
 -23000.0000000,  -88709.5000000,
      0.0990650,       0.7391189,       0.2180583,
 -23000.0000000,  -88460.5000000,
      0.1362859,       0.7427680,       0.2196801,
 -23000.0000000,  -88174.0000000,
      0.1070931,       0.7456873,       0.2193558,
 -23000.0000000,  -87990.0000000,
      0.1027141,       0.7602838,       0.2196801,
 -23000.0000000,  -87754.5000000,
      0.0800896,       0.7573645,       0.2206532,
 -23000.0000000,  -87456.5000000,
      0.0983352,       0.7573645,       0.2216263,
 -23000.0000000,  -87299.5000000,
      0.0297319,       0.7588241,       0.2219507,
 -23000.0000000,  -87050.5000000,
      0.0742511,       0.7566347,       0.2213020,
 -23000.0000000,  -86778.0000000,
      0.0465178,       0.7617434,       0.2222750,
 -23000.0000000,  -86580.5000000,
      0.0479775,       0.7639329,       0.2225994,
 -23000.0000000,  -86268.5000000,
      0.0282723,       0.7719609,       0.2235725,
 -23000.0000000,  -86110.0000000,
      0.0341109,       0.7471470,       0.2245456,
 -23000.0000000,  -85875.0000000,
      0.0603845,       0.7880170,       0.2238969,
 -23000.0000000,  -85602.0000000,
      0.0706020,       0.7624732,       0.2235725,
 -23000.0000000,  -85367.0000000,
      0.0100267,       0.7770697,       0.2242212,
 -23000.0000000,  -85169.5000000,
      0.0530862,       0.7960451,       0.2235725,
 -23000.0000000,  -84896.5000000,
      0.0209741,       0.7602838,       0.2245456,
 -23000.0000000,  -84699.5000000,
      0.0326512,       0.7595540,       0.2238969,
 -23000.0000000,  -84464.5000000,
      0.0516266,       0.7894767,       0.2238969,
 -23000.0000000,  -84191.5000000,
      0.0516266,       0.7763399,       0.2235725,
 -23000.0000000,  -83942.5000000,
      0.0355705,       0.7661224,       0.2232481,
 -23000.0000000,  -83758.5000000,
      0.0406793,       0.7945854,       0.2235725,
 -23000.0000000,  -83473.5000000,
      0.0195144,       0.7770697,       0.2229238,
 -23000.0000000,  -83289.5000000,
      0.0275425,       0.7916661,       0.2222750,
 -23000.0000000,  -83054.5000000,
      0.0574652,       0.8142906,       0.2219507,
 -23000.0000000,  -82729.5000000,
      0.0114864,       0.7675820,       0.2216263,
 -23000.0000000,  -82584.5000000,
      0.0246232,       0.7843679,       0.2209776,
 -23000.0000000,  -82349.0000000,
      0.0129460,       0.8026135,       0.2209776,
 -23000.0000000,  -82062.5000000,
     -0.0155170,       0.7726908,       0.2200045,
 -23000.0000000,  -81878.5000000,
     -0.0235451,       0.8157503,       0.2196801,
 -23000.0000000,  -81643.5000000,
      0.0129460,       0.7843679,       0.2193558,
 -23000.0000000,  -81371.0000000,
     -0.0045697,       0.7836381,       0.2187070,
 -23000.0000000,  -81160.5000000,
      0.0078373,       0.7763399,       0.2177339,
 -23000.0000000,  -80938.0000000,
     -0.0052995,       0.7646627,       0.2170852,
 -23000.0000000,  -80703.0000000,
     -0.0177065,       0.7975047,       0.2167608,
 -23000.0000000,  -80083.0000000,
      0.0151355,       0.7712311,       0.2161121,
 -23000.0000000,  -79887.5000000,
     -0.0279240,       0.7690416,       0.2151390,
 -23000.0000000,  -79715.0000000,
     -0.0366819,       0.7653925,       0.2148146,
 -23000.0000000,  -79620.5000000,
     -0.0461696,       0.8062626,       0.2144903,
 -23000.0000000,  -79527.5000000,
     -0.0578467,       0.7996942,       0.2151390,
 -23000.0000000,  -79306.5000000,
     -0.0366819,       0.7595540,       0.2141659,
 -23000.0000000,  -78993.5000000,
     -0.0666046,       0.8084520,       0.2141659,
 -23000.0000000,  -78822.5000000,
     -0.0600362,       0.7865574,       0.2131928,
 -23000.0000000,  -78601.0000000,
     -0.0892291,       0.7872872,       0.2131928,
 -23000.0000000,  -78314.5000000,
     -0.0687940,       0.8011538,       0.2118954,
 -23000.0000000,  -78131.0000000,
     -0.0753624,       0.8318063,       0.2125441,
 -23000.0000000,  -77830.5000000,
     -0.0914185,       0.7982345,       0.2102735,
 -23000.0000000,  -77660.5000000,
     -0.0833905,       0.8018836,       0.2115710,
 -23000.0000000,  -77374.0000000,
     -0.1096641,       0.8033433,       0.2112466,
 -23000.0000000,  -77190.0000000,
     -0.1045553,       0.7887468,       0.2118954,
 -23000.0000000,  -76903.5000000,
     -0.0877694,       0.7909363,       0.2115710,
 -23000.0000000,  -76655.0000000,
     -0.1045553,       0.8048029,       0.2125441,
 -23000.0000000,  -76471.0000000,
     -0.0972571,       0.8332660,       0.2115710,
 -23000.0000000,  -76236.0000000,
     -0.1030957,       0.8296169,       0.2125441,
 -23000.0000000,  -76000.5000000,
     -0.1439657,       0.8318063,       0.2122197,
 -23000.0000000,  -75779.5000000,
     -0.1461552,       0.7982345,       0.2115710,
 -23000.0000000,  -75480.0000000,
     -0.1651306,       0.8245081,       0.2128685,
 -23000.0000000,  -75310.0000000,
     -0.1403166,       0.8201292,       0.2125441,
 -23000.0000000,  -75061.0000000,
     -0.1359377,       0.7916661,       0.2118954,
 -23000.0000000,  -74775.0000000,
     -0.1308289,       0.8055327,       0.2122197,
 -23000.0000000,  -74591.0000000,
     -0.1352078,       0.8697571,       0.2118954,
 -23000.0000000,  -74356.0000000,
     -0.2154883,       0.8208590,       0.2125441,
 -23000.0000000,  -74069.5000000,
     -0.1746182,       0.8609992,       0.2135172,
 -23000.0000000,  -73848.0000000,
     -0.1811866,       0.8456730,       0.2157877,
 -23000.0000000,  -73599.0000000,
     -0.2213268,       0.8383747,       0.2154634,
 -23000.0000000,  -73429.0000000,
     -0.2140286,       0.8763255,       0.2164365,
 -23000.0000000,  -73167.5000000,
     -0.2052708,       0.8347256,       0.2167608,
 -23000.0000000,  -72920.0000000,
     -0.2702249,       0.8164801,       0.2164365,
 -23000.0000000,  -72658.5000000,
     -0.2213268,       0.8573501,       0.2174096,
 -23000.0000000,  -72475.0000000,
     -0.2563583,       0.8135608,       0.2174096,
 -23000.0000000,  -72239.5000000,
     -0.2709547,       0.8471326,       0.2177339,
 -23000.0000000,  -72004.5000000,
     -0.2592776,       0.8609992,       0.2187070,
 -23000.0000000,  -71744.5000000,
     -0.2388426,       0.8631887,       0.2193558,
 -23000.0000000,  -71535.5000000,
     -0.2833617,       0.8770553,       0.2203289,
 -23000.0000000,  -71300.0000000,
     -0.2541688,       0.8719465,       0.2209776,
 -23000.0000000,  -71065.0000000,
     -0.2906599,       0.8252379,       0.2213020,
 -23000.0000000,  -70830.0000000,
     -0.2789828,       0.8646483,       0.2222750,
 -23000.0000000,  -70543.5000000,
     -0.2833617,       0.8755957,       0.2216263,
 -23000.0000000,  -70360.0000000,
     -0.3271510,       0.8617290,       0.2222750,
 -23000.0000000,  -70073.0000000,
     -0.2819021,       0.8573501,       0.2190314,
 -23000.0000000,  -69889.5000000,
     -0.3001476,       0.8631887,       0.2225994,
 -23000.0000000,  -69603.0000000,
     -0.3220423,       0.8799746,       0.2225994,
 -23000.0000000,  -69419.0000000,
     -0.2870108,       0.8507817,       0.2238969,
 -23000.0000000,  -69184.0000000,
     -0.3337194,       0.8697571,       0.2238969,
 -23000.0000000,  -68897.5000000,
     -0.3651018,       0.8785149,       0.2242212,
 -23000.0000000,  -68714.0000000,
     -0.3169335,       0.8631887,       0.2248700,
 -23000.0000000,  -68427.5000000,
     -0.3191230,       0.8734062,       0.2248700,
 -23000.0000000,  -68243.5000000,
     -0.3453966,       0.8675676,       0.2245456,
 -23000.0000000,  -68008.5000000,
     -0.3278809,       0.8668378,       0.2258431,
 -23000.0000000,  -67709.0000000,
     -0.3490457,       0.8398344,       0.2238969,
 -23000.0000000,  -67539.0000000,
     -0.3614527,       0.8785149,       0.2245456,
 -23000.0000000,  -67266.5000000,
     -0.3081757,       0.8880026,       0.2248700,
 -23000.0000000,  -67069.0000000,
     -0.3213125,       0.8807044,       0.2245456,
 -23000.0000000,  -66834.0000000,
     -0.3548843,       0.8909219,       0.2245456,
 -23000.0000000,  -66599.0000000,
     -0.3037967,       0.9215744,       0.2245456,
 -23000.0000000,  -66363.5000000,
     -0.3775088,       0.9150060,       0.2174096,
 -23000.0000000,  -66077.0000000,
     -0.3147441,       0.9179253,       0.2245456,
 -23000.0000000,  -65893.0000000,
     -0.3162037,       0.9077078,       0.2242212,
 -23000.0000000,  -65658.0000000,
     -0.3760491,       0.9259534,       0.2242212,
 -23000.0000000,  -65371.5000000,
     -0.3446668,       0.9150060,       0.2251943,
 -23000.0000000,  -65188.0000000,
     -0.3906456,       0.8887325,       0.2242212,
 -23000.0000000,  -64901.5000000,
     -0.4468418,       0.8836237,       0.2235725,
 -23000.0000000,  -64717.5000000,
     -0.3818877,       0.8967605,       0.2232481,
 -23000.0000000,  -64431.0000000,
     -0.4212981,       0.9091675,       0.2235725,
 -23000.0000000,  -64196.0000000,
     -0.4154595,       0.9171955,       0.2222750,
 -23000.0000000,  -64012.0000000,
     -0.3760491,       0.9215744,       0.2229238,
 -23000.0000000,  -63777.0000000,
     -0.4074315,       0.9347112,       0.2235725,
 -23000.0000000,  -63504.5000000,
     -0.4161893,       0.9252236,       0.2229238,
 -23000.0000000,  -63308.0000000,
     -0.3811579,       0.9201148,       0.2242212,
 -23000.0000000,  -63021.5000000,
     -0.4373542,       0.9347112,       0.2222750,
 -23000.0000000,  -62837.5000000,
     -0.4037823,       0.9296025,       0.2229238,
 -23000.0000000,  -62602.5000000,
     -0.3760491,       0.9529568,       0.2245456,
 -23000.0000000,  -62342.5000000,
     -0.4322454,       0.8967605,       0.2245456,
 -23000.0000000,  -62132.5000000,
     -0.4191086,       0.9369007,       0.2248700,
 -23000.0000000,  -61897.0000000,
     -0.4030525,       0.9405498,       0.2255187,
 -23000.0000000,  -61662.0000000,
     -0.4212981,       0.9427393,       0.2245456,
 -23000.0000000,  -61402.0000000,
     -0.4300559,       0.9609848,       0.2251943,
 -23000.0000000,  -61191.5000000,
     -0.4081613,       0.9434691,       0.2245456,
 -23000.0000000,  -60918.0000000,
     -0.4643576,       0.9332516,       0.2232481,
 -23000.0000000,  -60735.0000000,
     -0.4088911,       0.9500375,       0.2229238,
 -23000.0000000,  -60486.5000000,
     -0.4497611,       0.9463884,       0.2235725,
 -23000.0000000,  -60200.0000000,
     -0.4818733,       0.9288727,       0.2229238,
 -23000.0000000,  -60016.0000000,
     -0.4694663,       0.9529568,       0.2229238,
 -23000.0000000,  -59781.0000000,
     -0.4585190,       0.9500375,       0.2229238,
 -23000.0000000,  -59508.0000000,
     -0.4782242,       0.9288727,       0.2225994,
 -23000.0000000,  -59260.5000000,
     -0.4285963,       0.9573357,       0.2232481,
 -23000.0000000,  -59052.0000000,
     -0.4906312,       0.9836093,       0.2203289,
 -23000.0000000,  -58841.5000000,
     -0.4979294,       0.9624445,       0.2206532,
 -23000.0000000,  -58555.0000000,
     -0.4592488,       0.9872584,       0.2216263,
 -23000.0000000,  -58371.5000000,
     -0.5285819,       1.0018549,       0.2209776,
 -23000.0000000,  -58085.0000000,
     -0.5147153,       0.9558761,       0.2216263,
 -23000.0000000,  -57901.0000000,
     -0.4628979,       0.9609848,       0.2222750,
 -23000.0000000,  -57641.0000000,
     -0.4855224,       1.0047742,       0.2213020,
 -23000.0000000,  -57430.5000000,
     -0.5103364,       0.9887181,       0.2222750,
 -23000.0000000,  -57144.0000000,
     -0.4957399,       0.9741216,       0.2216263,
 -23000.0000000,  -56960.5000000,
     -0.5373398,       1.0018549,       0.2209776,
 -23000.0000000,  -56674.0000000,
     -0.4913610,       0.9806900,       0.2216263,
 -23000.0000000,  -56490.5000000,
     -0.5271223,       0.9828795,       0.2209776,
 -23000.0000000,  -56204.0000000,
     -0.5490169,       0.9617147,       0.2193558,
 -23000.0000000,  -56020.0000000,
     -0.4971996,       0.9996654,       0.2209776,
 -23000.0000000,  -55733.5000000,
     -0.5606941,       0.9865286,       0.2200045,
 -23000.0000000,  -55550.5000000,
     -0.5920764,       0.9814199,       0.2203289,
 -23000.0000000,  -55264.0000000,
     -0.5256626,       0.9785006,       0.2206532,
 -23000.0000000,  -55029.0000000,
     -0.5592344,       0.9843391,       0.2190314,
 -23000.0000000,  -54845.5000000,
     -0.5614239,       1.0040443,       0.2206532,
 -23000.0000000,  -54585.5000000,
     -0.5044978,       1.0047742,       0.2206532,
 -23000.0000000,  -54375.0000000,
     -0.5643432,       1.0098829,       0.2200045,
 -23000.0000000,  -54088.5000000,
     -0.5336907,       0.9967461,       0.2196801,
 -23000.0000000,  -53905.0000000,
     -0.5402591,       1.0339670,       0.2203289,
 -23000.0000000,  -53618.0000000,
     -0.5650730,       1.0456442,       0.2193558,
 -23000.0000000,  -53461.0000000,
     -0.5687221,       0.9792304,       0.2187070,
 -23000.0000000,  -53148.0000000,
     -0.5687221,       1.0609705,       0.2196801,
 -23000.0000000,  -52978.0000000,
     -0.6322166,       1.0514828,       0.2190314,
 -23000.0000000,  -52678.0000000,
     -0.5716414,       0.9960163,       0.2190314,
 -23000.0000000,  -52494.0000000,
     -0.5906168,       1.0551319,       0.2190314,
 -23000.0000000,  -52207.5000000,
     -0.6468131,       1.0339670,       0.2183827,
 -23000.0000000,  -52024.0000000,
     -0.6241886,       1.0354267,       0.2190314,
 -23000.0000000,  -51737.0000000,
     -0.6205395,       1.0449144,       0.2177339,
 -23000.0000000,  -51554.5000000,
     -0.6752761,       1.0492933,       0.2167608,
 -23000.0000000,  -51268.0000000,
     -0.6161606,       1.0441845,       0.2170852,
 -23000.0000000,  -51033.0000000,
     -0.6643288,       1.0405354,       0.2167608,
 -23000.0000000,  -50849.0000000,
     -0.6745463,       1.0273986,       0.2154634,
 -23000.0000000,  -50563.0000000,
     -0.6533815,       1.0624301,       0.2164365,
 -23000.0000000,  -50379.0000000,
     -0.6884129,       1.0405354,       0.2157877,
 -23000.0000000,  -50092.5000000,
     -0.6833042,       1.0544021,       0.2167608,
 -23000.0000000,  -49870.0000000,
     -0.6387850,       1.0741073,       0.2170852,
 -23000.0000000,  -49622.0000000,
     -0.7197953,       1.0879739,       0.2164365,
 -23000.0000000,  -49438.0000000,
     -0.6803849,       1.0573213,       0.2164365,
 -23000.0000000,  -49152.0000000,
     -0.6541113,       1.0821353,       0.2170852,
 -23000.0000000,  -48968.0000000,
     -0.7139567,       1.0587810,       0.2164365,
 -23000.0000000,  -48681.5000000,
     -0.6154307,       1.0419951,       0.2161121,
 -23000.0000000,  -48497.5000000,
     -0.6606797,       1.0916230,       0.2154634,
 -23000.0000000,  -48223.5000000,
     -0.7285531,       1.0872440,       0.2161121,
 -23000.0000000,  -48027.0000000,
     -0.6891428,       1.0624301,       0.2157877,
 -23000.0000000,  -47740.5000000,
     -0.7234444,       1.0916230,       0.2161121,
 -23000.0000000,  -47557.5000000,
     -0.7300128,       1.0770265,       0.2157877,
 -23000.0000000,  -47270.5000000,
     -0.7329321,       1.0580512,       0.2167608,
 -23000.0000000,  -47087.0000000,
     -0.7212549,       1.0514828,       0.2161121,
 -23000.0000000,  -46800.5000000,
     -0.7270935,       1.0682687,       0.2161121,
 -23000.0000000,  -46617.0000000,
     -0.7278233,       1.0835949,       0.2161121,
 -23000.0000000,  -46330.5000000,
     -0.7482583,       1.0587810,       0.2151390,
 -23000.0000000,  -46146.0000000,
     -0.7504478,       1.0675389,       0.2154634,
 -23000.0000000,  -45872.0000000,
     -0.7431496,       1.0916230,       0.2157877,
 -23000.0000000,  -45675.5000000,
     -0.7373110,       1.0857844,       0.2151390,
 -23000.0000000,  -45389.0000000,
     -0.7891284,       1.0850546,       0.2154634,
 -23000.0000000,  -45205.0000000,
     -0.7694232,       1.1237352,       0.2157877,
 -23000.0000000,  -44918.5000000,
     -0.7562864,       1.0850546,       0.2148146,
 -23000.0000000,  -44734.5000000,
     -0.7613951,       1.0901633,       0.2131928,
 -23000.0000000,  -44474.5000000,
     -0.7584758,       1.0828651,       0.2148146,
 -23000.0000000,  -44264.5000000,
     -0.7745319,       1.0974616,       0.2144903,
 -23000.0000000,  -43977.5000000,
     -0.8205107,       1.0711880,       0.2105979,
 -23000.0000000,  -43820.5000000,
     -0.8570018,       1.0799458,       0.2141659,
 -23000.0000000,  -43508.5000000,
     -0.7956968,       1.1033001,       0.2135172,
 -23000.0000000,  -43324.5000000,
     -0.7927775,       1.0784862,       0.2141659,
 -23000.0000000,  -43038.0000000,
     -0.8168616,       1.0478337,       0.2144903,
 -23000.0000000,  -42867.0000000,
     -0.8299984,       1.0843248,       0.2144903,
 -23000.0000000,  -42619.5000000,
     -0.8234300,       1.0857844,       0.2148146,
 -23000.0000000,  -42333.0000000,
     -0.8190511,       1.0923528,       0.2138415,
 -23000.0000000,  -42097.5000000,
     -0.8380264,       1.0748371,       0.2135172,
 -23000.0000000,  -41914.0000000,
     -0.8504334,       1.1149773,       0.2135172,
 -23000.0000000,  -41627.5000000,
     -0.8358370,       1.0901633,       0.2131928,
 -23000.0000000,  -41470.0000000,
     -0.8467843,       1.0923528,       0.2125441,
 -23000.0000000,  -41157.0000000,
     -0.8861947,       1.1171668,       0.2128685,
 -23000.0000000,  -40973.0000000,
     -0.8475141,       1.1011107,       0.2125441,
 -23000.0000000,  -40713.5000000,
     -0.8905736,       1.0762967,       0.2128685,
 -23000.0000000,  -40529.5000000,
     -0.8745175,       1.1332228,       0.2135172,
 -23000.0000000,  -40243.5000000,
     -0.8847351,       1.0748371,       0.2131928,
 -23000.0000000,  -40032.0000000,
     -0.9080894,       1.1244650,       0.2131928,
 -23000.0000000,  -39772.5000000,
     -0.8635702,       1.1164369,       0.2128685,
 -23000.0000000,  -39563.0000000,
     -0.8730579,       1.1062194,       0.2125441,
 -23000.0000000,  -39276.5000000,
     -0.8847351,       1.0668090,       0.2122197,
 -23000.0000000,  -39119.0000000,
     -0.9029806,       1.0835949,       0.2128685,
 -23000.0000000,  -38819.0000000,
     -0.9197665,       1.1033001,       0.2118954,
 -23000.0000000,  -38622.5000000,
     -0.9153876,       1.1062194,       0.2109223,
 -23000.0000000,  -38363.0000000,
     -0.9606365,       1.1033001,       0.2105979,
 -23000.0000000,  -38126.5000000,
     -0.9226858,       1.0412653,       0.2105979,
 -23000.0000000,  -37865.5000000,
     -0.9124683,       1.1003808,       0.2096248,
 -23000.0000000,  -37656.0000000,
     -0.8927631,       1.1018405,       0.2086517,
 -23000.0000000,  -37395.5000000,
     -0.9256051,       1.0777564,       0.2070299,
 -23000.0000000,  -37212.5000000,
     -0.9460401,       1.0368863,       0.2067055,
 -23000.0000000,  -36925.0000000,
     -0.9007911,       1.0332372,       0.2057324,
 -23000.0000000,  -36741.5000000,
     -0.9650155,       1.0850546,       0.2057324,
 -23000.0000000,  -36468.0000000,
     -0.9474997,       1.0726476,       0.2041106,
 -23000.0000000,  -36271.5000000,
     -0.9197665,       1.0879739,       0.2047593,
 -23000.0000000,  -35985.5000000,
     -0.9540681,       1.0806757,       0.2028131,
 -23000.0000000,  -35800.5000000,
     -0.9110086,       1.0762967,       0.2037862,
 -23000.0000000,  -35502.5000000,
     -0.9584471,       1.0777564,       0.2034619,
 -23000.0000000,  -35331.5000000,
     -0.9971276,       1.0894335,       0.2021644,
 -23000.0000000,  -35046.0000000,
     -0.9620962,       1.0704581,       0.2018400,
 -23000.0000000,  -34861.5000000,
     -0.9752330,       1.0828651,       0.2021644,
 -23000.0000000,  -34575.0000000,
     -1.0190223,       1.0784862,       0.2005426,
 -23000.0000000,  -34418.0000000,
     -1.0606222,       1.0945423,       0.2002182,
 -23000.0000000,  -34117.5000000,
     -0.9971276,       1.0908932,       0.2002182,
 -23000.0000000,  -33895.5000000,
     -1.0234012,       1.0770265,       0.1992451,
 -23000.0000000,  -33634.5000000,
     -1.0379977,       1.1135176,       0.1998938,
 -23000.0000000,  -33437.5000000,
     -1.0642713,       1.0668090,       0.2002182,
 -23000.0000000,  -33164.0000000,
     -1.0752186,       1.0668090,       0.1982720,
 -23000.0000000,  -32981.0000000,
     -1.0628116,       1.0638897,       0.2005426,
 -23000.0000000,  -32694.0000000,
     -1.0993027,       1.0989212,       0.2002182,
 -23000.0000000,  -32497.5000000,
     -1.1635271,       1.1113282,       0.1998938,
 -23000.0000000,  -32223.5000000,
     -1.0795975,       1.1025703,       0.2008669,
 -23000.0000000,  -32040.0000000,
     -1.1197377,       1.0908932,       0.2011913,
 -23000.0000000,  -31766.0000000,
     -1.1146290,       1.0646196,       0.2011913,
 -23000.0000000,  -31596.0000000,
     -1.1117097,       1.0865142,       0.2024888,
 -23000.0000000,  -31271.5000000,
     -1.1430920,       1.0930826,       0.2011913,
 -23000.0000000,  -31100.5000000,
     -1.1211974,       1.0551319,       0.2008669,
 -23000.0000000,  -30801.0000000,
     -1.1117097,       1.0273986,       0.1995695,
 -23000.0000000,  -30630.0000000,
     -1.1642569,       1.0638897,       0.1982720,
 -23000.0000000,  -30331.0000000,
     -1.1292254,       1.0398056,       0.1969746,
 -23000.0000000,  -30172.5000000,
     -1.0941940,       1.0171811,       0.1940553,
 -23000.0000000,  -29924.5000000,
     -1.1204676,       1.0916230,       0.1934065,
 -23000.0000000,  -29638.0000000,
     -1.0890852,       1.0033145,       0.1927578,
 -23000.0000000,  -29454.5000000,
     -1.1102501,       1.0325074,       0.1908116,
 -23000.0000000,  -29155.0000000,
     -1.0847063,       1.0595108,       0.1901629,
 -23000.0000000,  -28998.0000000,
     -1.1029518,       1.0456442,       0.1898385,
 -23000.0000000,  -28672.0000000,
     -1.0971133,       1.0821353,       0.1891898,
 -23000.0000000,  -28514.0000000,
     -1.0898150,       1.0821353,       0.1885411,
 -23000.0000000,  -28202.0000000,
     -1.0715695,       1.0507529,       0.1891898,
 -23000.0000000,  -28056.5000000,
     -1.0577029,       1.0631599,       0.1882167,
 -23000.0000000,  -27784.0000000,
     -1.0409170,       1.1208159,       0.1891898,
 -23000.0000000,  -27574.5000000,
     -1.0460257,       1.1324930,       0.1908116,
 -23000.0000000,  -27288.0000000,
     -1.0868958,       1.1105984,       0.1924334,
 -23000.0000000,  -27078.5000000,
     -1.1372535,       1.1383316,       0.1956771,
 -23000.0000000,  -26818.0000000,
     -1.1890708,       1.1288439,       0.1992451,
 -23000.0000000,  -26634.0000000,
     -1.2109655,       1.0930826,       0.1992451,
 -23000.0000000,  -26309.5000000,
     -1.2197234,       1.1127878,       0.2031375,
 -23000.0000000,  -26139.0000000,
     -1.1927199,       1.0945423,       0.2037862,
 -23000.0000000,  -25955.0000000,
     -1.2073164,       1.0485635,       0.2028131,
 -23000.0000000,  -25642.0000000,
     -1.2335900,       1.0660792,       0.2057324,
 -23000.0000000,  -25458.0000000,
     -1.2299409,       1.0733774,       0.2057324,
 -23000.0000000,  -25172.0000000,
     -1.3379545,       1.0558617,       0.2047593,
 -23000.0000000,  -24988.0000000,
     -1.2737302,       1.0792160,       0.2063811,
 -23000.0000000,  -24728.5000000,
     -1.2905161,       1.0967317,       0.2070299,
 -23000.0000000,  -24544.5000000,
     -1.3124108,       1.0580512,       0.2031375,
 -23000.0000000,  -24258.0000000,
     -1.2664320,       1.0565915,       0.2073542,
 -23000.0000000,  -24047.5000000,
     -1.2744600,       1.0522126,       0.2067055,
 -23000.0000000,  -23787.5000000,
     -1.3240879,       1.0471038,       0.2063811,
 -23000.0000000,  -23578.0000000,
     -1.2649723,       1.0609705,       0.2073542,
 -23000.0000000,  -23318.5000000,
     -1.3503615,       1.0682687,       0.2063811,
 -23000.0000000,  -23121.0000000,
     -1.3379545,       1.0689985,       0.2076786,
 -23000.0000000,  -22873.5000000,
     -1.3021932,       1.0799458,       0.2093004,
 -23000.0000000,  -22617.5000000,
     -1.3094915,       1.0850546,       0.2080030,
 -23000.0000000,  -22424.5000000,
     -1.3131406,       1.0719178,       0.2093004,
 -23000.0000000,  -22184.5000000,
     -1.3007336,       1.0609705,       0.2099492,
 -23000.0000000,  -21936.5000000,
     -1.3897719,       1.0989212,       0.2086517,
 -23000.0000000,  -21725.5000000,
     -1.3262774,       1.0974616,       0.2109223,
 -23000.0000000,  -21470.0000000,
     -1.3503615,       1.0989212,       0.2109223,
 -23000.0000000,  -21300.5000000,
     -1.3802842,       1.0485635,       0.2093004,
 -23000.0000000,  -21039.0000000,
     -1.3474422,       1.0828651,       0.2096248,
 -23000.0000000,  -20873.5000000,
     -1.3926912,       1.0339670,       0.2024888,
 -23000.0000000,  -20618.0000000,
     -1.3912315,       1.0573213,       0.2102735,
 -23000.0000000,  -20479.5000000,
     -1.3912315,       1.0514828,       0.2118954,
 -23000.0000000,  -20218.5000000,
     -1.3905017,       1.0660792,       0.2109223,
 -23000.0000000,  -20050.5000000,
     -1.3744456,       1.0704581,       0.2112466,
 -23000.0000000,  -19829.5000000,
     -1.3656878,       1.0865142,       0.2118954,
 -23000.0000000,  -19643.5000000,
     -1.4342910,       1.0573213,       0.2102735,
 -23000.0000000,  -19439.5000000,
     -1.3795544,       1.0587810,       0.2118954,
 -23000.0000000,  -19268.0000000,
     -1.4153157,       1.0602406,       0.2112466,
 -23000.0000000,  -19058.5000000,
     -1.4065578,       1.0222899,       0.2041106,
 -23000.0000000,  -18891.5000000,
     -1.4248033,       1.0522126,       0.2109223,
 -23000.0000000,  -18657.5000000,
     -1.3875824,       1.0653494,       0.2109223,
 -23000.0000000,  -18525.5000000,
     -1.3890421,       0.9821497,       0.2083273,
 -23000.0000000,  -18316.5000000,
     -1.3766351,       1.0317776,       0.2086517,
 -23000.0000000,  -18150.5000000,
     -1.3707965,       1.0142618,       0.2073542,
 -23000.0000000,  -17966.0000000,
     -1.4029087,       0.9821497,       0.2034619,
 -23000.0000000,  -17822.0000000,
     -1.3642281,       0.9529568,       0.2008669,
 -23000.0000000,  -17635.0000000,
     -1.4306419,       0.8836237,       0.1930822,
 -23000.0000000,  -17504.5000000,
     -1.4306419,       0.8799746,       0.1856218,
 -23000.0000000,  -17304.0000000,
     -1.4043683,       0.8281572,       0.1807563,
 -23000.0000000,  -17159.0000000,
     -1.4423191,       0.8172099,       0.1710253,
 -23000.0000000,  -16982.5000000,
     -1.4072876,       0.8785149,       0.1616187,
 -23000.0000000,  -16834.5000000,
     -1.3999894,       0.8566203,       0.1599969,
 -23000.0000000,  -16663.5000000,
     -1.5255188,       0.9084377,       0.1599969,
 -23000.0000000,  -16554.0000000,
     -1.5539818,       0.9741216,       0.1625918,
 -23000.0000000,  -16372.0000000,
     -1.5466836,       1.0266688,       0.1658355,
 -23000.0000000,  -16257.0000000,
     -1.6619955,       1.0485635,       0.1700522,
 -23000.0000000,  -16057.0000000,
     -1.6182062,       1.0201004,       0.1742690,
 -23000.0000000,  -15954.0000000,
     -1.6306131,       0.9930970,       0.1752421,
 -23000.0000000,  -15762.0000000,
     -1.6284237,       0.9529568,       0.1755664,
 -23000.0000000,  -15693.0000000,
     -1.6444798,       0.9536866,       0.1762152,
 -23000.0000000,  -15529.0000000,
     -1.6430201,       0.9719322,       0.1762152,
 -23000.0000000,  -15411.0000000,
     -1.6831603,       0.9668234,       0.1758908,
 -23000.0000000,  -15261.0000000,
     -1.6328026,       0.9872584,       0.1775126,
 -23000.0000000,  -15155.0000000,
     -1.6795112,       1.0157215,       0.1784857,
 -23000.0000000,  -15004.0000000,
     -1.6817007,       1.0580512,       0.1810806,
 -23000.0000000,  -14908.5000000,
     -1.6911884,       1.0587810,       0.1846487,
 -23000.0000000,  -14770.0000000,
     -1.7459250,       1.0544021,       0.1882167,
 -23000.0000000,  -14679.0000000,
     -1.7692793,       1.0945423,       0.1924334,
 -23000.0000000,  -14540.5000000,
     -1.7517636,       1.1259246,       0.1979476,
 -23000.0000000,  -14459.5000000,
     -1.7948231,       1.1025703,       0.2021644,
 -23000.0000000,  -14320.0000000,
     -1.7641706,       1.1186264,       0.2063811,
 -23000.0000000,  -14242.5000000,
     -1.7451952,       1.1332228,       0.2112466,
 -23000.0000000,  -14126.0000000,
     -1.7386268,       1.1295737,       0.2135172,
 -23000.0000000,  -14019.0000000,
     -1.7181918,       1.1310334,       0.2167608,
 -23000.0000000,  -13930.0000000,
     -1.7364373,       1.1251948,       0.2200045,
 -23000.0000000,  -13838.5000000,
     -1.7174620,       1.0996510,       0.2209776,
 -23000.0000000,  -13744.0000000,
     -1.6583464,       1.1427105,       0.2235725,
 -23000.0000000,  -13627.0000000,
     -1.6539674,       1.1536579,       0.2264918,
 -23000.0000000,  -13562.0000000,
     -1.6627253,       1.1427105,       0.2277893,
 -23000.0000000,  -13475.0000000,
     -1.6649148,       1.1478193,       0.2316816,
 -23000.0000000,  -13377.0000000,
     -1.6459394,       1.1310334,       0.2329791,
 -23000.0000000,  -13308.0000000,
     -1.6729428,       1.1142475,       0.2346009,
 -23000.0000000,  -13228.5000000,
     -1.6444798,       1.1230053,       0.2371959,
 -23000.0000000,  -13130.5000000,
     -1.6211255,       1.1653350,       0.2388177,
 -23000.0000000,  -13077.0000000,
     -1.6532376,       1.1215457,       0.2404395,
 -23000.0000000,  -12993.0000000,
     -1.6072588,       1.1551175,       0.2436832,
 -23000.0000000,  -12916.5000000,
     -1.6306131,       1.1675245,       0.2433588,
 -23000.0000000,  -12868.0000000,
     -1.6087185,       1.1762823,       0.2453050,
 -23000.0000000,  -12786.0000000,
     -1.5912028,       1.1594964,       0.2482243,
 -23000.0000000,  -12741.5000000,
     -1.5992308,       1.1806613,       0.2475755,
 -23000.0000000,  -12666.0000000,
     -1.6240447,       1.1463596,       0.2495217,
 -23000.0000000,  -12625.0000000,
     -1.5860940,       1.1441702,       0.2517923,
 -23000.0000000,  -12570.5000000,
     -1.6014203,       1.1303035,       0.2508192,
 -23000.0000000,  -12518.0000000,
     -1.6043396,       1.1383316,       0.2537385,
 -23000.0000000,  -12465.5000000,
     -1.5926624,       1.1434403,       0.2550359,
 -23000.0000000,  -12414.0000000,
     -1.5977712,       1.1288439,       0.2543872,
 -23000.0000000,  -12377.0000000,
     -1.5912028,       1.1288439,       0.2566578,
 -23000.0000000,  -12332.5000000,
     -1.5970413,       1.1565771,       0.2569821,
 -23000.0000000,  -12284.5000000,
     -1.6138272,       1.1638754,       0.2566578,
 -23000.0000000,  -12258.0000000,
     -1.5729572,       1.1478193,       0.2582796,
 -23000.0000000,  -12214.0000000,
     -1.5985010,       1.1521982,       0.2569821,
 -23000.0000000,  -12189.0000000,
     -1.6262342,       1.1594964,       0.2566578,
 -23000.0000000,  -12160.0000000,
     -1.5714976,       1.1492789,       0.2599014,
 -23000.0000000,  -12129.0000000,
     -1.5977712,       1.1251948,       0.2579552,
 -23000.0000000,  -12108.5000000,
     -1.6043396,       1.1383316,       0.2586040,
 -23000.0000000,  -12084.5000000,
     -1.5882835,       1.1273843,       0.2605502,
 -23000.0000000,  -12068.0000000,
     -1.5970413,       1.1193562,       0.2569821,
 -23000.0000000,  -12051.0000000,
     -1.5897431,       1.1441702,       0.2582796,
 -23000.0000000,  -12033.0000000,
     -1.6050694,       1.1405211,       0.2576309,
 -23000.0000000,  -12023.5000000,
     -1.5802554,       1.1441702,       0.2586040,
 -23000.0000000,  -12012.5000000,
     -1.6109080,       1.1259246,       0.2589283,
 -23000.0000000,  -12005.5000000,
     -1.5693081,       1.1587666,       0.2608745,
 -23000.0000000,  -12003.0000000,
     -1.5678485,       1.1244650,       0.2573065,
 -23000.0000000,  -12000.5000000,
     -1.5977712,       1.1310334,       0.2579552,
 -23000.0000000,  -12000.5000000,
     -1.5868238,       1.1091387,       0.2586040,
 -23000.0000000,  -12000.5000000,
     -1.5948519,       1.1222755,       0.2576309,
 -23000.0000000,  -12000.5000000,
     -1.5933922,       1.1237352,       0.2595771,
 -23000.0000000,  -12000.5000000,
     -1.6057992,       1.1244650,       0.2586040,
 -23000.0000000,  -12000.5000000,
     -1.6050694,       1.1514684,       0.2582796,
 -23000.0000000,  -12000.5000000,
     -1.5751467,       1.1157071,       0.2592527,
 -23000.0000000,  -12000.5000000,
     -1.6094483,       1.1361421,       0.2573065,
 -23000.0000000,  -12000.5000000,
     -1.6203956,       1.1266544,       0.2586040,
 -23000.0000000,  -12000.5000000,
     -1.5525222,       1.0989212,       0.2592527,
 -23000.0000000,  -12000.5000000,
     -1.5795256,       1.1543877,       0.2576309,
 -23000.0000000,  -12000.0000000,
     -1.5795256,       1.1018405,       0.2586040,
 -23000.0000000,  -12000.0000000,
     -1.5773361,       1.1427105,       0.2589283,
 -23000.0000000,  -12000.0000000,
     -1.6065290,       1.1178966,       0.2579552,
 -23000.0000000,  -12000.0000000,
     -1.5904729,       1.1113282,       0.2589283,
 -23000.0000000,  -12000.0000000,
     -1.6145571,       1.1361421,       0.2579552,
 -23000.0000000,  -12000.0000000,
     -1.5663888,       1.1354123,       0.2579552,
 -23000.0000000,  -12000.0000000,
     -1.5795256,       1.1324930,       0.2589283,
 -23000.0000000,  -12000.0000000,
     -1.5904729,       1.1441702,       0.2586040,
 -23000.0000000,  -12000.0000000,
     -1.5780660,       1.0887037,       0.2582796,
 -23000.0000000,  -12000.0000000,
     -1.5882835,       1.1251948,       0.2592527,
 -23000.0000000,  -12000.0000000,
     -1.5948519,       1.1208159,       0.2579552,
 -23000.0000000,  -12000.0000000,
     -1.5766063,       1.1266544,       0.2586040,
 -23000.0000000,  -12000.0000000,
     -1.5941220,       1.0930826,       0.2589283,
 -23000.0000000,  -12000.0000000,
     -1.6101781,       1.1230053,       0.2576309,
 -23000.0000000,  -12000.0000000,
     -1.5948519,       1.1492789,       0.2582796,
 -23000.0000000,  -12000.0000000,
     -1.5634695,       1.1470895,       0.2592527,
 -23000.0000000,  -12000.0000000,
     -1.5744169,       1.1434403,       0.2573065,
 -23000.0000000,  -12000.0000000,
     -1.6072588,       1.1208159,       0.2589283,
 -23000.0000000,  -12000.0000000,
     -1.5751467,       1.1186264,       0.2589283,
 -23000.0000000,  -12000.0000000,
     -1.5926624,       1.1164369,       0.2579552,
 -23000.0000000,  -12000.0000000,
     -1.5955817,       1.1376018,       0.2592527,
 -23000.0000000,  -12000.0000000,
     -1.5941220,       1.1361421,       0.2582796,
 -23000.0000000,  -12000.0000000,
     -1.5817151,       1.1259246,       0.2582796,
 -23000.0000000,  -12000.0000000,
     -1.6050694,       1.1434403,       0.2589283,
 -23000.0000000,  -12000.0000000,
     -1.6152869,       1.1237352,       0.2582796,
 -23000.0000000,  -12000.0000000,
     -1.5868238,       1.1500087,       0.2579552,
 -23000.0000000,  -12000.0000000,
     -1.5970413,       1.1259246,       0.2586040,
 -23000.0000000,  -12000.0000000,
     -1.5985010,       1.1361421,       0.2582796,
 -23000.0000000,  -12000.0000000,
     -1.5955817,       1.1332228,       0.2582796,
 -23000.0000000,  -12000.0000000,
     -1.5882835,       1.1084089,       0.2586040,
 -23000.0000000,  -12000.0000000,
     -1.5685783,       1.1237352,       0.2576309,
 -23000.0000000,  -12000.0000000,
     -1.5860940,       1.1157071,       0.2592527,
 -23000.0000000,  -12000.0000000,
     -1.5977712,       1.1215457,       0.2589283,
 -23000.0000000,  -12000.0000000,
     -1.5853642,       1.1463596,       0.2579552,
 -23000.0000000,  -12000.0000000,
     -1.5955817,       1.1288439,       0.2589283,
 -23000.0000000,  -12000.0000000,
     -1.5758765,       1.1310334,       0.2586040,
 -23000.0000000,  -12000.0000000,
     -1.5598204,       1.1303035,       0.2582796,
 -23000.0000000,  -12000.0000000,
     -1.5707677,       1.1646052,       0.2586040,
 -23000.0000000,  -12000.0000000,
     -1.6014203,       1.1339527,       0.2586040,
 -23000.0000000,  -12000.0000000,
     -1.6036097,       1.1434403,       0.2582796,
 -23000.0000000,  -12000.0000000,
     -1.5926624,       1.1193562,       0.2579552,
 -23000.0000000,  -12000.0000000,
     -1.6079887,       1.1091387,       0.2582796,
 -23000.0000000,  -12000.0000000,
     -1.6233149,       1.1222755,       0.2586040,
 -23000.0000000,  -12000.0000000,
     -1.5671186,       1.1193562,       0.2589283,
 -23000.0000000,  -12000.0000000,
     -1.6050694,       1.1230053,       0.2579552,
 -23000.0000000,  -12000.0000000,
     -1.6072588,       1.1230053,       0.2586040,
 -23000.0000000,  -12000.0000000,
     -1.6014203,       1.1157071,       0.2582796,
 -23000.0000000,  -12000.0000000,
     -1.5963115,       1.1397912,       0.2582796,
 -23000.0000000,  -12000.0000000,
     -1.5926624,       1.1178966,       0.2592527,
 -23000.0000000,  -12000.0000000,
     -1.5860940,       1.1383316,       0.2582796,
 -23000.0000000,  -12000.0000000,
     -1.5955817,       1.1222755,       0.2582796,
 -23000.0000000,  -12000.0000000,
     -1.5736870,       1.1354123,       0.2592527,
 -23000.0000000,  -12000.0000000,
     -1.5904729,       1.1186264,       0.2592527,
 -23000.0000000,  -12000.0000000,
     -1.6028799,       1.1171668,       0.2586040,
 -23000.0000000,  -12000.0000000,
     -1.5985010,       1.1222755,       0.2582796,
 -23000.0000000,  -12000.0000000,
     -1.5985010,       1.1215457,       0.2579552,
 -23000.0000000,  -12000.0000000,
     -1.5860940,       1.1478193,       0.2579552,
 -23000.0000000,  -12000.0000000,
     -1.5802554,       1.1573070,       0.2589283,
 -23000.0000000,  -12000.0000000,
     -1.5963115,       1.1157071,       0.2582796,
 -23000.0000000,  -12000.0000000,
     -1.6087185,       1.1427105,       0.2586040,
 -23000.0000000,  -12000.0000000,
     -1.5882835,       1.1244650,       0.2586040,
 -23000.0000000,  -12000.0000000,
     -1.5933922,       1.1113282,       0.2582796,
 -23000.0000000,  -12000.0000000,
     -1.5853642,       1.1040300,       0.2592527,
 -23000.0000000,  -12000.0000000,
     -1.5744169,       1.1324930,       0.2589283,
 -23000.0000000,  -12000.0000000,
     -1.5977712,       1.1390614,       0.2582796,
 -23000.0000000,  -12000.0000000,
     -1.5963115,       1.1149773,       0.2582796,
 -23000.0000000,  -12000.0000000,
     -1.5933922,       1.1288439,       0.2579552,
 -23000.0000000,  -12000.0000000,
     -1.6057992,       1.1310334,       0.2576309,
 -23000.0000000,  -12000.0000000,
     -1.6021501,       1.1397912,       0.2586040,
 -23000.0000000,  -12000.0000000,
     -1.5890133,       1.1653350,       0.2582796,
 -23000.0000000,  -12000.0000000,
     -1.5846344,       1.1288439,       0.2582796,
 -23000.0000000,  -12000.0000000,
     -1.6145571,       1.1142475,       0.2589283,
 -23000.0000000,  -12000.0000000,
     -1.5839045,       1.1171668,       0.2579552,
 -23000.0000000,  -12000.0000000,
     -1.5890133,       1.1397912,       0.2582796,
 -23000.0000000,  -12000.0000000,
     -1.5780660,       1.1354123,       0.2589283,
 -23000.0000000,  -12000.0000000,
     -1.6021501,       1.1186264,       0.2582796,
 -23000.0000000,  -12000.0000000,
     -1.6050694,       1.1441702,       0.2579552,
 -23000.0000000,  -12000.0000000,
     -1.5685783,       1.1397912,       0.2586040,
 -23000.0000000,  -12000.0000000,
     -1.5839045,       1.1368719,       0.2582796,
 -23000.0000000,  -12000.0000000,
     -1.5948519,       1.1361421,       0.2582796,
 -23000.0000000,  -12000.0000000,
     -1.5685783,       1.1346825,       0.2582796,
 -23000.0000000,  -12000.0000000,
     -1.5722274,       1.1157071,       0.2589283,
 -23000.0000000,  -12000.0000000,
