      0.2990363,       0.9325218,       0.2125441,
 -25000.0000000, -118000.0000000,
      0.3311484,       0.9325218,       0.2122197,
 -25000.0000000, -118000.0000000,
      0.3420958,       0.9084377,       0.2125441,
 -25000.0000000, -118000.0000000,
      0.2946573,       0.9317920,       0.2122197,
 -25000.0000000, -118000.0000000,
      0.3180116,       0.9347112,       0.2125441,
 -25000.0000000, -117999.0000000,
      0.3077941,       0.9281428,       0.2115710,
 -25000.0000000, -117994.5000000,
      0.3450150,       0.9018693,       0.2109223,
 -25000.0000000, -117985.5000000,
      0.2888187,       0.9201148,       0.2118954,
 -25000.0000000, -117978.5000000,
      0.3165520,       0.9128166,       0.2125441,
 -25000.0000000, -117963.0000000,
      0.2910082,       0.9274130,       0.2131928,
 -25000.0000000, -117950.5000000,
      0.3063345,       0.9084377,       0.2125441,
 -25000.0000000, -117936.5000000,
      0.3369870,       0.8953009,       0.2125441,
 -25000.0000000, -117910.5000000,
      0.2983064,       0.9522270,       0.2128685,
 -25000.0000000, -117896.0000000,
      0.3245800,       0.9098973,       0.2128685,
 -25000.0000000, -117863.0000000,
      0.3501238,       0.9369007,       0.2128685,
 -25000.0000000, -117845.0000000,
      0.2851696,       0.9252236,       0.2125441,
 -25000.0000000, -117805.5000000,
      0.3202011,       0.9456586,       0.2118954,
 -25000.0000000, -117782.0000000,
      0.3406361,       0.9266832,       0.2131928,
 -25000.0000000, -117747.5000000,
      0.3194713,       0.9317920,       0.2122197,
 -25000.0000000, -117711.0000000,
      0.3377168,       0.9303323,       0.2135172,
 -25000.0000000, -117669.5000000,
      0.3552326,       0.9252236,       0.2131928,
 -25000.0000000, -117618.0000000,
      0.3245800,       0.8872728,       0.2128685,
 -25000.0000000, -117583.0000000,
      0.3194713,       0.8989500,       0.2131928,
 -25000.0000000, -117531.0000000,
      0.3428256,       0.9471182,       0.2138415,
 -25000.0000000, -117489.0000000,
      0.3442852,       0.9011394,       0.2135172,
 -25000.0000000, -117437.5000000,
      0.2917380,       0.9361709,       0.2131928,
 -25000.0000000, -117386.0000000,
      0.3807763,       0.9332516,       0.2122197,
 -25000.0000000, -117307.0000000,
      0.3399063,       0.9237639,       0.2128685,
 -25000.0000000, -117266.5000000,
      0.3180116,       0.9668234,       0.2138415,
 -25000.0000000, -117208.5000000,
      0.3253098,       0.9266832,       0.2135172,
 -25000.0000000, -117144.0000000,
      0.3143625,       0.9252236,       0.2135172,
 -25000.0000000, -117062.5000000,
      0.3085239,       0.8894623,       0.2131928,
 -25000.0000000, -117000.0000000,
      0.3428256,       0.9230341,       0.2135172,
 -25000.0000000, -116916.5000000,
      0.3041450,       0.9157359,       0.2141659,
 -25000.0000000, -116845.5000000,
      0.3216607,       0.9150060,       0.2135172,
 -25000.0000000, -116785.5000000,
      0.3048748,       0.9098973,       0.2135172,
 -25000.0000000, -116688.5000000,
      0.2756820,       0.9040587,       0.2128685,
 -25000.0000000, -116620.0000000,
      0.3077941,       0.9164657,       0.2099492,
 -25000.0000000, -116531.0000000,
      0.3318782,       0.9055184,       0.2011913,
 -25000.0000000, -116425.0000000,
      0.2778714,       0.9558761,       0.2028131,
 -25000.0000000, -116354.5000000,
      0.3180116,       0.9288727,       0.2109223,
 -25000.0000000, -116242.0000000,
      0.3129029,       0.9128166,       0.2118954,
 -25000.0000000, -116173.0000000,
      0.2866293,       0.9266832,       0.2109223,
 -25000.0000000, -116076.0000000,
      0.3180116,       0.9463884,       0.2115710,
 -25000.0000000, -115949.0000000,
      0.2771416,       0.9478480,       0.2115710,
 -25000.0000000, -115874.5000000,
      0.2880889,       0.9493077,       0.2109223,
 -25000.0000000, -115770.0000000,
      0.3187415,       0.9609848,       0.2112466,
 -25000.0000000, -115646.0000000,
      0.2654644,       0.9471182,       0.2118954,
 -25000.0000000, -115553.5000000,
      0.2851696,       0.9259534,       0.2118954,
 -25000.0000000, -115441.5000000,
      0.3012257,       0.9507673,       0.2115710,
 -25000.0000000, -115321.0000000,
      0.3289590,       0.9456586,       0.2115710,
 -25000.0000000, -115191.5000000,
      0.2990363,       0.9193850,       0.2115710,
 -25000.0000000, -115071.5000000,
      0.2786012,       0.9376305,       0.2122197,
 -25000.0000000, -114976.0000000,
      0.2902784,       0.9558761,       0.2115710,
 -25000.0000000, -114810.5000000,
      0.2691136,       0.9682831,       0.2112466,
 -25000.0000000, -114718.0000000,
      0.2837100,       0.9485779,       0.2118954,
 -25000.0000000, -114596.5000000,
      0.2588960,       0.9602550,       0.2118954,
 -25000.0000000, -114427.5000000,
      0.2895486,       0.9566059,       0.2118954,
 -25000.0000000, -114322.0000000,
      0.2895486,       0.9872584,       0.2115710,
 -25000.0000000, -114147.0000000,
      0.2333523,       0.9296025,       0.2118954,
 -25000.0000000, -114053.5000000,
      0.2333523,       0.9726620,       0.2125441,
 -25000.0000000, -113880.5000000,
      0.2603557,       0.9369007,       0.2125441,
 -25000.0000000, -113758.5000000,
      0.1859138,       0.9208446,       0.2122197,
 -25000.0000000, -113571.0000000,
      0.2837100,       0.9573357,       0.2125441,
 -25000.0000000, -113429.0000000,
      0.2486785,       0.9602550,       0.2122197,
 -25000.0000000, -113319.0000000,
      0.2165664,       0.9091675,       0.2115710,
 -25000.0000000, -113121.5000000,
      0.2326225,       0.9244937,       0.2112466,
 -25000.0000000, -112998.5000000,
      0.2370014,       0.9558761,       0.2109223,
 -25000.0000000, -112839.5000000,
      0.2026997,       0.9390902,       0.2109223,
 -25000.0000000, -112652.0000000,
      0.2253242,       0.9493077,       0.2086517,
 -25000.0000000, -112514.5000000,
      0.1654788,       0.9456586,       0.2099492,
 -25000.0000000, -112347.5000000,
      0.2114576,       0.9303323,       0.2096248,
 -25000.0000000, -112141.0000000,
      0.2019699,       0.9485779,       0.2096248,
 -25000.0000000, -112006.0000000,
      0.1610999,       0.9077078,       0.2093004,
 -25000.0000000, -111793.0000000,
      0.1662086,       0.9639041,       0.2096248,
 -25000.0000000, -111654.0000000,
      0.1574508,       0.9449288,       0.2086517,
 -25000.0000000, -111474.5000000,
      0.1581806,       0.9157359,       0.2086517,
 -25000.0000000, -111242.0000000,
      0.1523420,       0.9339814,       0.2080030,
 -25000.0000000, -111108.0000000,
      0.0567353,       0.9865286,       0.2076786,
 -25000.0000000, -110920.5000000,
      0.1151211,       0.9697427,       0.2073542,
 -25000.0000000, -110721.0000000,
      0.1238790,       0.9427393,       0.2073542,
 -25000.0000000, -110497.0000000,
      0.0924966,       0.9982058,       0.2080030,
 -25000.0000000, -110334.0000000,
      0.1297175,       0.9660936,       0.2080030,
 -25000.0000000, -110147.5000000,
      0.1348263,       0.9646339,       0.2086517,
 -25000.0000000, -109904.0000000,
      0.0793598,       0.9529568,       0.2080030,
 -25000.0000000, -109746.0000000,
      0.0830089,       0.9544164,       0.2096248,
 -25000.0000000, -109553.5000000,
      0.0873879,       0.9412796,       0.2093004,
 -25000.0000000, -109290.5000000,
      0.0647634,       0.9712023,       0.2099492,
 -25000.0000000, -109126.5000000,
      0.0494371,       1.0011250,       0.2105979,
 -25000.0000000, -108915.0000000,
      0.0742511,       0.9799602,       0.2105979,
 -25000.0000000, -108701.0000000,
      0.0253530,       0.9879883,       0.2122197,
 -25000.0000000, -108484.5000000,
      0.0129460,       0.9989356,       0.2096248,
 -25000.0000000, -108278.0000000,
      0.0465178,       0.9857988,       0.2131928,
 -25000.0000000, -108043.0000000,
      0.0144057,       0.9887181,       0.2141659,
 -25000.0000000, -107832.0000000,
      0.0085671,       0.9887181,       0.2144903,
 -25000.0000000, -107555.5000000,
      0.0217039,       0.9573357,       0.2151390,
 -25000.0000000, -107326.0000000,
     -0.0323029,       0.9785006,       0.2151390,
 -25000.0000000, -107144.5000000,
     -0.0038399,       1.0317776,       0.2167608,
 -25000.0000000, -106859.0000000,
      0.0019987,       0.9930970,       0.2170852,
 -25000.0000000, -106661.5000000,
     -0.0505485,       1.0091531,       0.2164365,
 -25000.0000000, -106413.5000000,
     -0.0009206,       1.0580512,       0.2174096,
 -25000.0000000, -106191.0000000,
     -0.0396012,       1.0346969,       0.2174096,
 -25000.0000000, -105956.0000000,
     -0.0388713,       1.0069636,       0.2187070,
 -25000.0000000, -105669.5000000,
     -0.0410608,       0.9901777,       0.2193558,
 -25000.0000000, -105499.5000000,
     -0.0498187,       1.0120724,       0.2193558,
 -25000.0000000, -105214.0000000,
     -0.0673344,       1.0456442,       0.2209776,
 -25000.0000000, -105016.5000000,
     -0.0549274,       1.0281285,       0.2213020,
 -25000.0000000, -104744.0000000,
     -0.0884992,       1.0449144,       0.2216263,
 -25000.0000000, -104509.0000000,
     -0.1074746,       1.0295881,       0.2209776,
 -25000.0000000, -104273.5000000,
     -0.0863098,       1.0252092,       0.2200045,
 -25000.0000000, -104038.5000000,
     -0.1242605,       1.0106127,       0.2196801,
 -25000.0000000, -103789.5000000,
     -0.0987167,       1.0492933,       0.2190314,
 -25000.0000000, -103605.5000000,
     -0.0585765,       1.0492933,       0.2213020,
 -25000.0000000, -103384.0000000,
     -0.1162325,       1.0230197,       0.2203289,
 -25000.0000000, -103084.0000000,
     -0.1198816,       1.0529424,       0.2203289,
 -25000.0000000, -102900.5000000,
     -0.0841203,       1.0427249,       0.2216263,
 -25000.0000000, -102665.5000000,
     -0.1286394,       1.0186408,       0.2203289,
 -25000.0000000, -102430.0000000,
     -0.0936080,       1.0551319,       0.2200045,
 -25000.0000000, -102195.0000000,
     -0.1089343,       1.0646196,       0.2183827,
 -25000.0000000, -101960.0000000,
     -0.1140430,       1.0675389,       0.2177339,
 -25000.0000000, -101724.5000000,
     -0.1125834,       1.0821353,       0.2174096,
 -25000.0000000, -101452.0000000,
     -0.1395868,       1.0522126,       0.2164365,
 -25000.0000000, -101218.0000000,
     -0.1578323,       1.0755669,       0.2148146,
 -25000.0000000, -100969.0000000,
     -0.1308289,       1.0726476,       0.2144903,
 -25000.0000000, -100734.0000000,
     -0.1279096,       1.0193706,       0.2157877,
 -25000.0000000, -100550.5000000,
     -0.1461552,       1.0843248,       0.2154634,
 -25000.0000000, -100329.0000000,
     -0.1271798,       1.0741073,       0.2141659,
 -25000.0000000, -100080.0000000,
     -0.1512639,       1.0441845,       0.2141659,
 -25000.0000000,  -99858.5000000,
     -0.1987024,       1.0617003,       0.2125441,
 -25000.0000000,  -99609.5000000,
     -0.1709691,       1.0733774,       0.2128685,
 -25000.0000000,  -99388.0000000,
     -0.2220567,       1.1076791,       0.2118954,
 -25000.0000000,  -99139.5000000,
     -0.1928638,       1.0865142,       0.2115710,
 -25000.0000000,  -98904.0000000,
     -0.1914041,       1.0821353,       0.2112466,
 -25000.0000000,  -98669.0000000,
     -0.2388426,       1.0938124,       0.2102735,
 -25000.0000000,  -98382.5000000,
     -0.2198672,       1.0930826,       0.2115710,
 -25000.0000000,  -98147.5000000,
     -0.2359233,       1.0850546,       0.2109223,
 -25000.0000000,  -97963.5000000,
     -0.2417619,       1.0850546,       0.2105979,
 -25000.0000000,  -97728.5000000,
     -0.2089199,       1.0930826,       0.2109223,
 -25000.0000000,  -97443.0000000,
     -0.2636565,       1.1332228,       0.2105979,
 -25000.0000000,  -97234.5000000,
     -0.2578179,       1.0865142,       0.2105979,
 -25000.0000000,  -97024.0000000,
     -0.2673056,       1.1485491,       0.2112466,
 -25000.0000000,  -96789.0000000,
     -0.2505197,       1.1047598,       0.2109223,
 -25000.0000000,  -96503.0000000,
     -0.2957687,       1.1105984,       0.2099492,
 -25000.0000000,  -96332.5000000,
     -0.3147441,       1.1091387,       0.2118954,
 -25000.0000000,  -96007.0000000,
     -0.3402878,       1.1259246,       0.2125441,
 -25000.0000000,  -95848.5000000,
     -0.3271510,       1.1412509,       0.2131928,
 -25000.0000000,  -95536.5000000,
     -0.3782386,       1.0996510,       0.2089761,
 -25000.0000000,  -95378.0000000,
     -0.3578036,       1.1500087,       0.2128685,
 -25000.0000000,  -95066.0000000,
     -0.3760491,       1.1295737,       0.2141659,
 -25000.0000000,  -94908.0000000,
     -0.3913754,       1.1543877,       0.2148146,
 -25000.0000000,  -94648.0000000,
     -0.3862666,       1.1762823,       0.2151390,
 -25000.0000000,  -94438.0000000,
     -0.3621825,       1.1624157,       0.2167608,
 -25000.0000000,  -94151.5000000,
     -0.3869964,       1.1675245,       0.2157877,
 -25000.0000000,  -93967.5000000,
     -0.4344349,       1.1755525,       0.2161121,
 -25000.0000000,  -93681.0000000,
     -0.4264068,       1.1529280,       0.2180583,
 -25000.0000000,  -93498.0000000,
     -0.4154595,       1.1828507,       0.2187070,
 -25000.0000000,  -93186.0000000,
     -0.4191086,       1.1675245,       0.2193558,
 -25000.0000000,  -93028.0000000,
     -0.3818877,       1.1492789,       0.2196801,
 -25000.0000000,  -92716.0000000,
     -0.4242174,       1.1449000,       0.2196801,
 -25000.0000000,  -92571.5000000,
     -0.4410033,       1.1952577,       0.2200045,
 -25000.0000000,  -92323.0000000,
     -0.4220279,       1.1704438,       0.2209776,
 -25000.0000000,  -92036.0000000,
     -0.4570594,       1.1916086,       0.2200045,
 -25000.0000000,  -91852.5000000,
     -0.4132700,       1.1835806,       0.2200045,
 -25000.0000000,  -91553.0000000,
     -0.4526804,       1.1835806,       0.2203289,
 -25000.0000000,  -91382.0000000,
     -0.4716558,       1.1974472,       0.2222750,
 -25000.0000000,  -91095.5000000,
     -0.4607085,       1.1339527,       0.2219507,
 -25000.0000000,  -90912.0000000,
     -0.4869821,       1.1777420,       0.2216263,
 -25000.0000000,  -90625.5000000,
     -0.4811435,       1.1616859,       0.2222750,
 -25000.0000000,  -90442.5000000,
     -0.5132557,       1.1638754,       0.2219507,
 -25000.0000000,  -90155.0000000,
     -0.4862522,       1.1916086,       0.2213020,
 -25000.0000000,  -89945.5000000,
     -0.5198241,       1.2193418,       0.2219507,
 -25000.0000000,  -89684.5000000,
     -0.4774944,       1.2514540,       0.2219507,
 -25000.0000000,  -89502.0000000,
     -0.5351503,       1.2025559,       0.2216263,
 -25000.0000000,  -89229.5000000,
     -0.5402591,       1.2310190,       0.2213020,
 -25000.0000000,  -89032.0000000,
     -0.5139855,       1.1879595,       0.2219507,
 -25000.0000000,  -88796.5000000,
     -0.5103364,       1.1937981,       0.2222750,
 -25000.0000000,  -88510.5000000,
     -0.4884417,       1.2127734,       0.2219507,
 -25000.0000000,  -88326.5000000,
     -0.5220135,       1.1792016,       0.2225994,
 -25000.0000000,  -88040.0000000,
     -0.5548555,       1.2156927,       0.2219507,
 -25000.0000000,  -87856.0000000,
     -0.4971996,       1.2193418,       0.2216263,
 -25000.0000000,  -87596.0000000,
     -0.5351503,       1.2186120,       0.2216263,
 -25000.0000000,  -87386.0000000,
     -0.5665327,       1.1959875,       0.2213020,
 -25000.0000000,  -87150.5000000,
     -0.5300416,       1.2280997,       0.2209776,
 -25000.0000000,  -86851.5000000,
     -0.5533959,       1.2229909,       0.2203289,
 -25000.0000000,  -86680.5000000,
     -0.5811291,       1.2280997,       0.2193558,
 -25000.0000000,  -86395.0000000,
     -0.5694519,       1.2091243,       0.2200045,
 -25000.0000000,  -86210.5000000,
     -0.5278521,       1.2135033,       0.2193558,
 -25000.0000000,  -85923.5000000,
     -0.5351503,       1.1726332,       0.2190314,
 -25000.0000000,  -85740.0000000,
     -0.5358801,       1.2222611,       0.2193558,
 -25000.0000000,  -85454.5000000,
     -0.6066729,       1.1748227,       0.2183827,
 -25000.0000000,  -85245.0000000,
     -0.5840484,       1.2156927,       0.2164365,
 -25000.0000000,  -84984.0000000,
     -0.5541257,       1.2280997,       0.2174096,
 -25000.0000000,  -84775.0000000,
     -0.6168904,       1.2215313,       0.2161121,
 -25000.0000000,  -84528.0000000,
     -0.5928063,       1.2025559,       0.2151390,
 -25000.0000000,  -84330.5000000,
     -0.5760203,       1.2105840,       0.2151390,
 -25000.0000000,  -84095.0000000,
     -0.6365956,       1.2441558,       0.2138415,
 -25000.0000000,  -83808.5000000,
     -0.6147009,       1.2047454,       0.2138415,
 -25000.0000000,  -83624.5000000,
     -0.5687221,       1.1967174,       0.2148146,
 -25000.0000000,  -83338.5000000,
     -0.6249184,       1.1908788,       0.2138415,
 -25000.0000000,  -83154.5000000,
     -0.6351359,       1.1740929,       0.2135172,
 -25000.0000000,  -82894.5000000,
     -0.5964554,       1.2003665,       0.2138415,
 -25000.0000000,  -82684.5000000,
     -0.6971708,       1.2171524,       0.2122197,
 -25000.0000000,  -82398.0000000,
     -0.6387850,       1.2229909,       0.2115710,
 -25000.0000000,  -82215.0000000,
     -0.6701674,       1.2332085,       0.2115710,
 -25000.0000000,  -81927.5000000,
     -0.6570306,       1.2222611,       0.2109223,
 -25000.0000000,  -81770.0000000,
     -0.6329465,       1.2135033,       0.2105979,
 -25000.0000000,  -81458.5000000,
     -0.7008199,       1.2178822,       0.2105979,
 -25000.0000000,  -81274.5000000,
     -0.7030094,       1.1784718,       0.2105979,
 -25000.0000000,  -80988.0000000,
     -0.6606797,       1.1930682,       0.2115710,
 -25000.0000000,  -80804.5000000,
     -0.7059287,       1.2098542,       0.2105979,
 -25000.0000000,  -80544.5000000,
     -0.7008199,       1.2156927,       0.2102735,
 -25000.0000000,  -80335.0000000,
     -0.6774656,       1.2383172,       0.2105979,
 -25000.0000000,  -80047.5000000,
     -0.7241742,       1.1959875,       0.2099492,
 -25000.0000000,  -79864.0000000,
     -0.7139567,       1.2156927,       0.2105979,
 -25000.0000000,  -79577.5000000,
     -0.6913322,       1.2251804,       0.2099492,
 -25000.0000000,  -79393.5000000,
     -0.7584758,       1.2156927,       0.2089761,
 -25000.0000000,  -79108.0000000,
     -0.7526373,       1.1981770,       0.2096248,
 -25000.0000000,  -78923.5000000,
     -0.7876687,       1.2040156,       0.2093004,
 -25000.0000000,  -78637.0000000,
     -0.8037248,       1.2244506,       0.2093004,
 -25000.0000000,  -78453.5000000,
     -0.7395005,       1.1952577,       0.2099492,
 -25000.0000000,  -78193.5000000,
     -0.7701530,       1.1762823,       0.2099492,
 -25000.0000000,  -77983.5000000,
     -0.8285388,       1.2178822,       0.2093004,
 -25000.0000000,  -77696.0000000,
     -0.7599355,       1.1967174,       0.2099492,
 -25000.0000000,  -77539.0000000,
     -0.7935073,       1.2142331,       0.2083273,
 -25000.0000000,  -77227.0000000,
     -0.8073739,       1.2266401,       0.2096248,
 -25000.0000000,  -77043.0000000,
     -0.8489738,       1.1857700,       0.2076786,
 -25000.0000000,  -76731.5000000,
     -0.8431352,       1.2419663,       0.2086517,
 -25000.0000000,  -76483.5000000,
     -0.8088336,       1.2251804,       0.2102735,
 -25000.0000000,  -76287.0000000,
     -0.7832898,       1.2587522,       0.2109223,
 -25000.0000000,  -76103.0000000,
     -0.8234300,       1.2062050,       0.2102735,
 -25000.0000000,  -75816.0000000,
     -0.8438650,       1.2324786,       0.2102735,
 -25000.0000000,  -75594.0000000,
     -0.8497036,       1.2229909,       0.2105979,
 -25000.0000000,  -75397.5000000,
     -0.8796263,       1.1704438,       0.2093004,
 -25000.0000000,  -75137.5000000,
     -0.8679492,       1.2478049,       0.2115710,
 -25000.0000000,  -74927.0000000,
     -0.8577316,       1.2353979,       0.2118954,
 -25000.0000000,  -74640.5000000,
     -0.8285388,       1.2580224,       0.2118954,
 -25000.0000000,  -74457.0000000,
     -0.8241598,       1.2010963,       0.2115710,
 -25000.0000000,  -74222.0000000,
     -0.8978719,       1.2390470,       0.2118954,
 -25000.0000000,  -73948.0000000,
     -0.8942227,       1.2186120,       0.2086517,
 -25000.0000000,  -73751.5000000,
     -0.9022508,       1.2149629,       0.2118954,
 -25000.0000000,  -73466.0000000,
     -0.9423910,       1.2054752,       0.2109223,
 -25000.0000000,  -73282.0000000,
     -0.9299840,       1.2149629,       0.2109223,
 -25000.0000000,  -72995.5000000,
     -0.9394717,       1.2426961,       0.2112466,
 -25000.0000000,  -72838.5000000,
     -0.9285244,       1.2149629,       0.2109223,
 -25000.0000000,  -72525.5000000,
     -0.9131981,       1.2164225,       0.2109223,
 -25000.0000000,  -72342.0000000,
     -0.9380121,       1.2529137,       0.2105979,
 -25000.0000000,  -72055.5000000,
     -0.9394717,       1.2346681,       0.2109223,
 -25000.0000000,  -71898.0000000,
     -0.9453103,       1.2682399,       0.2125441,
 -25000.0000000,  -71585.0000000,
     -0.9781523,       1.2273699,       0.2122197,
 -25000.0000000,  -71401.0000000,
     -0.9774225,       1.2638610,       0.2128685,
 -25000.0000000,  -71166.0000000,
     -0.9380121,       1.2572926,       0.2141659,
 -25000.0000000,  -70879.5000000,
     -0.9613664,       1.2208015,       0.2131928,
 -25000.0000000,  -70644.5000000,
     -0.9832610,       1.2244506,       0.2141659,
 -25000.0000000,  -70461.0000000,
     -0.9701242,       1.2237208,       0.2148146,
 -25000.0000000,  -70187.0000000,
     -0.9956680,       1.2266401,       0.2138415,
 -25000.0000000,  -69990.5000000,
     -0.9818014,       1.2295593,       0.2096248,
 -25000.0000000,  -69703.5000000,
     -1.0007768,       1.2894048,       0.2131928,
 -25000.0000000,  -69521.0000000,
     -1.0394573,       1.2368576,       0.2135172,
 -25000.0000000,  -69234.5000000,
     -1.0080750,       1.2624013,       0.2148146,
 -25000.0000000,  -69051.0000000,
     -1.0182925,       1.2937837,       0.2141659,
 -25000.0000000,  -68764.5000000,
     -1.0401871,       1.2426961,       0.2138415,
 -25000.0000000,  -68607.0000000,
     -1.0263205,       1.2353979,       0.2144903,
 -25000.0000000,  -68294.5000000,
     -1.0577029,       1.2171524,       0.2144903,
 -25000.0000000,  -68110.5000000,
     -1.0715695,       1.2492645,       0.2148146,
 -25000.0000000,  -67875.0000000,
     -1.0372679,       1.2529137,       0.2154634,
 -25000.0000000,  -67640.0000000,
     -1.0861659,       1.2426961,       0.2131928,
 -25000.0000000,  -67366.5000000,
     -1.0737590,       1.2572926,       0.2141659,
 -25000.0000000,  -67118.5000000,
     -1.0540538,       1.2828364,       0.2151390,
 -25000.0000000,  -66883.0000000,
     -1.0708397,       1.2594820,       0.2138415,
 -25000.0000000,  -66699.5000000,
     -1.0452959,       1.2748083,       0.2138415,
 -25000.0000000,  -66413.0000000,
     -1.0569731,       1.2456154,       0.2144903,
 -25000.0000000,  -66256.0000000,
     -1.0868958,       1.2740785,       0.2131928,
 -25000.0000000,  -65969.5000000,
     -1.0781379,       1.2660504,       0.2128685,
 -25000.0000000,  -65785.5000000,
     -1.0715695,       1.2864855,       0.2144903,
 -25000.0000000,  -65499.0000000,
     -1.1277658,       1.2901346,       0.2141659,
 -25000.0000000,  -65289.0000000,
     -1.0912747,       1.2981626,       0.2151390,
 -25000.0000000,  -65029.5000000,
     -1.0963834,       1.2813767,       0.2138415,
 -25000.0000000,  -64845.5000000,
     -1.1299553,       1.2616715,       0.2122197,
 -25000.0000000,  -64532.5000000,
     -1.1270360,       1.2740785,       0.2135172,
 -25000.0000000,  -64375.5000000,
     -1.1263061,       1.2813767,       0.2122197,
 -25000.0000000,  -64075.0000000,
     -1.1503903,       1.2879451,       0.2115710,
 -25000.0000000,  -63905.0000000,
     -1.1401728,       1.2660504,       0.2125441,
 -25000.0000000,  -63618.5000000,
     -1.1343342,       1.2857556,       0.2118954,
 -25000.0000000,  -63407.5000000,
     -1.1409026,       1.2959732,       0.2115710,
 -25000.0000000,  -63148.0000000,
     -1.1445517,       1.3112994,       0.2122197,
 -25000.0000000,  -62963.5000000,
     -1.1606078,       1.3076503,       0.2115710,
 -25000.0000000,  -62677.5000000,
     -1.1314149,       1.3207871,       0.2118954,
 -25000.0000000,  -62493.5000000,
     -1.1387131,       1.3317344,       0.2128685,
 -25000.0000000,  -62180.0000000,
     -1.1759340,       1.3054608,       0.2122197,
 -25000.0000000,  -62009.0000000,
     -1.1409026,       1.3156783,       0.2131928,
 -25000.0000000,  -61787.5000000,
     -1.1467412,       1.3339239,       0.2141659,
 -25000.0000000,  -61552.5000000,
     -1.1730147,       1.3200573,       0.2131928,
 -25000.0000000,  -61318.5000000,
     -1.1905305,       1.3258959,       0.2135172,
 -25000.0000000,  -61082.0000000,
     -1.1817726,       1.3353835,       0.2131928,
 -25000.0000000,  -60848.0000000,
     -1.2102357,       1.3003521,       0.2122197,
 -25000.0000000,  -60549.0000000,
     -1.1927199,       1.3193275,       0.2141659,
 -25000.0000000,  -60378.0000000,
     -1.1941796,       1.3434116,       0.2128685,
 -25000.0000000,  -60052.0000000,
     -1.2328602,       1.3543589,       0.2122197,
 -25000.0000000,  -59907.5000000,
     -1.1963691,       1.3273555,       0.2131928,
 -25000.0000000,  -59594.5000000,
     -1.1919901,       1.3631168,       0.2125441,
 -25000.0000000,  -59423.5000000,
     -1.1992883,       1.3616571,       0.2122197,
 -25000.0000000,  -59188.5000000,
     -1.2408882,       1.3528993,       0.2128685,
 -25000.0000000,  -58927.5000000,
     -1.2131550,       1.3448712,       0.2115710,
 -25000.0000000,  -58654.0000000,
     -1.2189935,       1.3251660,       0.2115710,
 -25000.0000000,  -58497.0000000,
     -1.2306707,       1.3514396,       0.2125441,
 -25000.0000000,  -58210.5000000,
     -1.2445373,       1.3346537,       0.2112466,
 -25000.0000000,  -58013.0000000,
     -1.1883410,       1.3872009,       0.2115710,
 -25000.0000000,  -57700.5000000,
     -1.2153444,       1.3653062,       0.2125441,
 -25000.0000000,  -57543.5000000,
     -1.2416180,       1.3952289,       0.2102735,
 -25000.0000000,  -57322.0000000,
     -1.2459969,       1.4215025,       0.2122197,
 -25000.0000000,  -57022.0000000,
     -1.2511057,       1.3915798,       0.2112466,
 -25000.0000000,  -56838.0000000,
     -1.2905161,       1.3718746,       0.2109223,
 -25000.0000000,  -56617.0000000,
     -1.2576741,       1.3842816,       0.2122197,
 -25000.0000000,  -56304.0000000,
     -1.3000038,       1.4017973,       0.2105979,
 -25000.0000000,  -56146.5000000,
     -1.3291967,       1.3915798,       0.2105979,
 -25000.0000000,  -55847.5000000,
     -1.3109511,       1.4054465,       0.2105979,
 -25000.0000000,  -55662.5000000,
     -1.2795688,       1.4047166,       0.2089761,
 -25000.0000000,  -55363.0000000,
     -1.2883266,       1.3901202,       0.2102735,
 -25000.0000000,  -55128.0000000,
     -1.2802986,       1.4222324,       0.2109223,
 -25000.0000000,  -54919.5000000,
     -1.2751898,       1.4309902,       0.2089761,
 -25000.0000000,  -54671.0000000,
     -1.2671618,       1.4360990,       0.2093004,
 -25000.0000000,  -54487.0000000,
     -1.2868670,       1.4339095,       0.2083273,
 -25000.0000000,  -54252.0000000,
     -1.3073020,       1.4010675,       0.2076786,
 -25000.0000000,  -54016.5000000,
     -1.2642425,       1.4258815,       0.2089761,
 -25000.0000000,  -53781.5000000,
     -1.3065722,       1.4003377,       0.2070299,
 -25000.0000000,  -53547.5000000,
     -1.3218984,       1.4032570,       0.2050837,
 -25000.0000000,  -53312.0000000,
     -1.2722705,       1.4521551,       0.2060568,
 -25000.0000000,  -53077.0000000,
     -1.3116809,       1.4215025,       0.2054080,
 -25000.0000000,  -52855.5000000,
     -1.2832179,       1.4382884,       0.2037862,
 -25000.0000000,  -52556.0000000,
     -1.2781091,       1.4536147,       0.2037862,
 -25000.0000000,  -52385.5000000,
     -1.2846775,       1.4638322,       0.2015157,
 -25000.0000000,  -52085.5000000,
     -1.2890564,       1.4492358,       0.2008669,
 -25000.0000000,  -51850.0000000,
     -1.3087616,       1.4236920,       0.1995695,
 -25000.0000000,  -51666.0000000,
     -1.2919757,       1.4178534,       0.1969746,
 -25000.0000000,  -51431.0000000,
     -1.2730004,       1.4565340,       0.1972989,
 -25000.0000000,  -51196.0000000,
     -1.3248177,       1.4485060,       0.1989207,
 -25000.0000000,  -50961.0000000,
     -1.3795544,       1.4871865,       0.1982720,
 -25000.0000000,  -50725.5000000,
     -1.3124108,       1.4704006,       0.2021644,
 -25000.0000000,  -50491.0000000,
     -1.3649579,       1.4871865,       0.2024888,
 -25000.0000000,  -50255.5000000,
     -1.3890421,       1.5068917,       0.2028131,
 -25000.0000000,  -49969.0000000,
     -1.3401440,       1.5244074,       0.2047593,
 -25000.0000000,  -49799.0000000,
     -1.3700667,       1.4857269,       0.2037862,
 -25000.0000000,  -49551.0000000,
     -1.3649579,       1.4995935,       0.2041106,
 -25000.0000000,  -49316.0000000,
     -1.3401440,       1.5134601,       0.2057324,
 -25000.0000000,  -49081.0000000,
     -1.4182349,       1.4776988,       0.2041106,
 -25000.0000000,  -48845.5000000,
     -1.3839333,       1.5017830,       0.2047593,
 -25000.0000000,  -48611.0000000,
     -1.3824737,       1.4908356,       0.2054080,
 -25000.0000000,  -48338.5000000,
     -1.4620243,       1.4952146,       0.2034619,
 -25000.0000000,  -48089.5000000,
     -1.3926912,       1.5120005,       0.2044350,
 -25000.0000000,  -47905.0000000,
     -1.3919614,       1.5302460,       0.2047593,
 -25000.0000000,  -47684.0000000,
     -1.4138560,       1.5171092,       0.2031375,
 -25000.0000000,  -47435.0000000,
     -1.3817438,       1.5149198,       0.2050837,
 -25000.0000000,  -47200.0000000,
     -1.4211542,       1.5630880,       0.2041106,
 -25000.0000000,  -46964.5000000,
     -1.4664032,       1.5419232,       0.2018400,
 -25000.0000000,  -46678.5000000,
     -1.4233437,       1.4944847,       0.2047593,
 -25000.0000000,  -46494.5000000,
     -1.4131262,       1.5404635,       0.2034619,
 -25000.0000000,  -46259.5000000,
     -1.4737014,       1.5127303,       0.2018400,
 -25000.0000000,  -46024.0000000,
     -1.4160455,       1.5346250,       0.2034619,
 -25000.0000000,  -45738.0000000,
     -1.4050981,       1.5280566,       0.2028131,
 -25000.0000000,  -45504.0000000,
     -1.4386700,       1.5368144,       0.2021644,
 -25000.0000000,  -45333.5000000,
     -1.4598348,       1.5886318,       0.2034619,
 -25000.0000000,  -45084.5000000,
     -1.4664032,       1.5368144,       0.2008669,
 -25000.0000000,  -44849.5000000,
     -1.4561857,       1.5798739,       0.2021644,
 -25000.0000000,  -44628.5000000,
     -1.4379401,       1.5506810,       0.2015157,
 -25000.0000000,  -44379.5000000,
     -1.3832035,       1.5214882,       0.1953527,
 -25000.0000000,  -44144.5000000,
     -1.4160455,       1.5652775,       0.2005426,
 -25000.0000000,  -43909.0000000,
     -1.4671330,       1.5390039,       0.1995695,
 -25000.0000000,  -43674.0000000,
     -1.4926768,       1.5178391,       0.1934065,
 -25000.0000000,  -43438.5000000,
     -1.4445085,       1.5652775,       0.2005426,
 -25000.0000000,  -43152.5000000,
     -1.4678628,       1.5346250,       0.1992451,
 -25000.0000000,  -42982.5000000,
     -1.5028943,       1.5346250,       0.1976233,
 -25000.0000000,  -42682.5000000,
     -1.5021645,       1.5769546,       0.1995695,
 -25000.0000000,  -42498.5000000,
     -1.4955961,       1.5733055,       0.1979476,
 -25000.0000000,  -42212.0000000,
     -1.4977855,       1.5557898,       0.1969746,
 -25000.0000000,  -42028.0000000,
     -1.4948663,       1.5616284,       0.1989207,
 -25000.0000000,  -41741.5000000,
     -1.4875680,       1.5404635,       0.1963258,
 -25000.0000000,  -41559.0000000,
     -1.5109223,       1.5338951,       0.1979476,
 -25000.0000000,  -41272.5000000,
     -1.4992452,       1.5463021,       0.1982720,
 -25000.0000000,  -41088.5000000,
     -1.5277082,       1.5382741,       0.1966502,
 -25000.0000000,  -40802.5000000,
     -1.5240591,       1.5776845,       0.1976233,
 -25000.0000000,  -40632.0000000,
     -1.5028943,       1.5689266,       0.1982720,
 -25000.0000000,  -40332.0000000,
     -1.5444941,       1.5616284,       0.1963258,
 -25000.0000000,  -40148.0000000,
     -1.5204100,       1.5601687,       0.1982720,
 -25000.0000000,  -39913.0000000,
     -1.4955961,       1.5652775,       0.1963258,
 -25000.0000000,  -39626.0000000,
     -1.5123820,       1.5353548,       0.1927578,
 -25000.0000000,  -39442.0000000,
     -1.4904873,       1.5324355,       0.1934065,
 -25000.0000000,  -39207.0000000,
     -1.4831891,       1.5382741,       0.1898385,
 -25000.0000000,  -38947.0000000,
     -1.4481576,       1.5163794,       0.1875680,
 -25000.0000000,  -38736.5000000,
     -1.4481576,       1.5769546,       0.1891898,
 -25000.0000000,  -38450.0000000,
     -1.5386556,       1.5711161,       0.1888654,
 -25000.0000000,  -38266.0000000,
     -1.4809996,       1.5674669,       0.1904872,
 -25000.0000000,  -37979.5000000,
     -1.4737014,       1.5879020,       0.1927578,
 -25000.0000000,  -37770.0000000,
     -1.5554415,       1.5784143,       0.1911360,
 -25000.0000000,  -37523.0000000,
     -1.5488731,       1.5922809,       0.1911360,
 -25000.0000000,  -37300.5000000,
     -1.5306275,       1.5900914,       0.1921091,
 -25000.0000000,  -37040.0000000,
     -1.5795256,       1.5784143,       0.1901629,
 -25000.0000000,  -36856.0000000,
     -1.5503327,       1.5492214,       0.1914603,
 -25000.0000000,  -36570.0000000,
     -1.5386556,       1.5477618,       0.1914603,
 -25000.0000000,  -36386.0000000,
     -1.5415749,       1.5353548,       0.1891898,
 -25000.0000000,  -36074.0000000,
     -1.5240591,       1.5565196,       0.1908116,
 -25000.0000000,  -35915.5000000,
     -1.5496029,       1.6010388,       0.1891898,
 -25000.0000000,  -35603.5000000,
     -1.5780660,       1.5463021,       0.1878923,
 -25000.0000000,  -35445.5000000,
     -1.5415749,       1.5908213,       0.1885411,
 -25000.0000000,  -35133.5000000,
     -1.5641993,       1.5594389,       0.1869192,
 -25000.0000000,  -34975.0000000,
     -1.5860940,       1.4974040,       0.1856218,
 -25000.0000000,  -34663.0000000,
     -1.5503327,       1.5806037,       0.1872436,
 -25000.0000000,  -34505.0000000,
     -1.5328170,       1.5258671,       0.1846487,
 -25000.0000000,  -34219.5000000,
     -1.5306275,       1.5390039,       0.1846487,
 -25000.0000000,  -34034.5000000,
     -1.5371959,       1.5492214,       0.1843243,
 -25000.0000000,  -33722.5000000,
     -1.5853642,       1.5083514,       0.1817294,
 -25000.0000000,  -33565.5000000,
     -1.5379258,       1.5455723,       0.1814050,
 -25000.0000000,  -33279.0000000,
     -1.5554415,       1.5338951,       0.1801076,
 -25000.0000000,  -33095.0000000,
     -1.5386556,       1.5484916,       0.1784857,
 -25000.0000000,  -32796.0000000,
     -1.5641993,       1.5630880,       0.1788101,
 -25000.0000000,  -32599.5000000,
     -1.5963115,       1.5222180,       0.1791345,
 -25000.0000000,  -32339.0000000,
     -1.5795256,       1.5652775,       0.1778370,
 -25000.0000000,  -32154.5000000,
     -1.6152869,       1.5244074,       0.1791345,
 -25000.0000000,  -31868.0000000,
     -1.6116378,       1.5083514,       0.1775126,
 -25000.0000000,  -31684.5000000,
     -1.5948519,       1.5251373,       0.1775126,
 -25000.0000000,  -31398.0000000,
     -1.5970413,       1.5681968,       0.1788101,
 -25000.0000000,  -31214.0000000,
     -1.6678341,       1.5484916,       0.1778370,
 -25000.0000000,  -30927.5000000,
     -1.5423047,       1.5346250,       0.1775126,
 -25000.0000000,  -30744.0000000,
     -1.6145571,       1.5134601,       0.1778370,
 -25000.0000000,  -30509.0000000,
     -1.5904729,       1.5375442,       0.1758908,
 -25000.0000000,  -30222.5000000,
     -1.5860940,       1.5338951,       0.1758908,
 -25000.0000000,  -30038.5000000,
     -1.6043396,       1.5433828,       0.1749177,
 -25000.0000000,  -29752.0000000,
     -1.5634695,       1.5302460,       0.1719984,
 -25000.0000000,  -29479.5000000,
     -1.6028799,       1.5258671,       0.1739446,
 -25000.0000000,  -29284.0000000,
     -1.5787958,       1.5017830,       0.1726472,
 -25000.0000000,  -29099.0000000,
     -1.5714976,       1.4901058,       0.1723228,
 -25000.0000000,  -28800.0000000,
     -1.5598204,       1.5047023,       0.1726472,
 -25000.0000000,  -28629.0000000,
     -1.5875536,       1.4704006,       0.1723228,
 -25000.0000000,  -28343.5000000,
     -1.6152869,       1.4981339,       0.1732959,
 -25000.0000000,  -28158.5000000,
     -1.6255044,       1.5404635,       0.1729715,
 -25000.0000000,  -27872.0000000,
     -1.5963115,       1.5068917,       0.1723228,
 -25000.0000000,  -27688.0000000,
     -1.6050694,       1.5353548,       0.1723228,
 -25000.0000000,  -27402.0000000,
     -1.6371815,       1.5470319,       0.1723228,
 -25000.0000000,  -27218.0000000,
     -1.6262342,       1.4871865,       0.1707010,
 -25000.0000000,  -26931.5000000,
     -1.6182062,       1.5054321,       0.1719984,
 -25000.0000000,  -26748.0000000,
     -1.6481289,       1.4937549,       0.1723228,
 -25000.0000000,  -26474.5000000,
     -1.6503183,       1.5141899,       0.1713497,
 -25000.0000000,  -26277.5000000,
     -1.6430201,       1.4966742,       0.1729715,
 -25000.0000000,  -25991.0000000,
     -1.6495885,       1.5287864,       0.1729715,
 -25000.0000000,  -25449.0000000,
     -1.6714832,       1.5309758,       0.1713497,
 -25000.0000000,  -25365.5000000,
     -1.6678341,       1.5309758,       0.1739446,
 -25000.0000000,  -25285.0000000,
     -1.6744025,       1.5061619,       0.1719984,
 -25000.0000000,  -25101.5000000,
     -1.6838902,       1.4776988,       0.1716741,
 -25000.0000000,  -24815.0000000,
     -1.6962971,       1.5295162,       0.1726472,
 -25000.0000000,  -24658.0000000,
     -1.6853498,       1.4966742,       0.1716741,
 -25000.0000000,  -24357.5000000,
     -1.7262198,       1.5185689,       0.1707010,
 -25000.0000000,  -24122.5000000,
     -1.7101637,       1.5120005,       0.1726472,
 -25000.0000000,  -23901.0000000,
     -1.6714832,       1.5076215,       0.1710253,
 -25000.0000000,  -23690.5000000,
     -1.6919182,       1.5076215,       0.1713497,
 -25000.0000000,  -23417.0000000,
     -1.6780516,       1.4937549,       0.1726472,
 -25000.0000000,  -23247.0000000,
     -1.6656446,       1.4682112,       0.1710253,
 -25000.0000000,  -22934.0000000,
     -1.7342479,       1.5017830,       0.1729715,
 -25000.0000000,  -22701.5000000,
     -1.7269496,       1.5280566,       0.1749177,
 -25000.0000000,  -22521.0000000,
     -1.7116234,       1.5010531,       0.1703766,
 -25000.0000000,  -22255.5000000,
     -1.7167321,       1.5047023,       0.1742690,
 -25000.0000000,  -22066.5000000,
     -1.7284093,       1.5112707,       0.1739446,
 -25000.0000000,  -21794.5000000,
     -1.7298689,       1.4609129,       0.1719984,
 -25000.0000000,  -21622.0000000,
     -1.7167321,       1.5127303,       0.1758908,
 -25000.0000000,  -21381.0000000,
     -1.7262198,       1.4908356,       0.1719984,
 -25000.0000000,  -21153.5000000,
     -1.7765775,       1.5200285,       0.1710253,
 -25000.0000000,  -20929.0000000,
     -1.7218409,       1.4820778,       0.1749177,
 -25000.0000000,  -20764.0000000,
     -1.7415461,       1.4616428,       0.1645380,
 -25000.0000000,  -20555.5000000,
     -1.7094339,       1.4193131,       0.1697279,
 -25000.0000000,  -20305.0000000,
     -1.7233005,       1.5200285,       0.1742690,
 -25000.0000000,  -20146.5000000,
     -1.7014059,       1.4711304,       0.1697279,
 -25000.0000000,  -19924.5000000,
     -1.7305988,       1.4689410,       0.1707010,
 -25000.0000000,  -19704.5000000,
     -1.6671042,       1.4995935,       0.1732959,
 -25000.0000000,  -19574.0000000,
     -1.6919182,       1.4776988,       0.1684304,
 -25000.0000000,  -19339.0000000,
     -1.7138129,       1.4601831,       0.1713497,
 -25000.0000000,  -19137.5000000,
     -1.7415461,       1.4908356,       0.1723228,
 -25000.0000000,  -18960.5000000,
     -1.7218409,       1.4441270,       0.1661598,
 -25000.0000000,  -18794.5000000,
     -1.6685639,       1.4820778,       0.1694035,
 -25000.0000000,  -18592.5000000,
     -1.6941077,       1.4718603,       0.1690791,
 -25000.0000000,  -18451.5000000,
     -1.7006761,       1.4601831,       0.1677817,
 -25000.0000000,  -18234.0000000,
     -1.7284093,       1.4740497,       0.1703766,
 -25000.0000000,  -18059.0000000,
     -1.6868094,       1.4725901,       0.1681060,
 -25000.0000000,  -17867.0000000,
     -1.6860796,       1.4499656,       0.1658355,
 -25000.0000000,  -17734.0000000,
     -1.6787814,       1.4952146,       0.1703766,
 -25000.0000000,  -17548.0000000,
     -1.7305988,       1.4660217,       0.1651867,
 -25000.0000000,  -17400.0000000,
     -1.6831603,       1.4441270,       0.1651867,
 -25000.0000000,  -17201.5000000,
     -1.7087041,       1.4842672,       0.1687548,
 -25000.0000000,  -17075.5000000,
     -1.7079743,       1.4492358,       0.1632406,
 -25000.0000000,  -16901.0000000,
     -1.6627253,       1.4733199,       0.1632406,
 -25000.0000000,  -16779.0000000,
     -1.6992164,       1.4849971,       0.1642137,
 -25000.0000000,  -16609.0000000,
     -1.6510482,       1.3893904,       0.1616187,
 -25000.0000000,  -16442.5000000,
     -1.7072445,       1.4616428,       0.1655111,
 -25000.0000000,  -16286.0000000,
     -1.7035953,       1.4660217,       0.1661598,
 -25000.0000000,  -16181.0000000,
     -1.6795112,       1.4156640,       0.1619431,
 -25000.0000000,  -16006.5000000,
     -1.7430057,       1.4441270,       0.1658355,
 -25000.0000000,  -15858.0000000,
     -1.6700235,       1.4521551,       0.1629162,
 -25000.0000000,  -15758.0000000,
     -1.6780516,       1.4594533,       0.1619431,
 -25000.0000000,  -15592.5000000,
     -1.6671042,       1.4244218,       0.1642137,
 -25000.0000000,  -15460.0000000,
     -1.6780516,       1.4149341,       0.1612944,
 -25000.0000000,  -15358.5000000,
     -1.6357219,       1.4652919,       0.1612944,
 -25000.0000000,  -15202.5000000,
     -1.6977568,       1.4572638,       0.1642137,
 -25000.0000000,  -15104.0000000,
     -1.7152725,       1.4207727,       0.1596725,
 -25000.0000000,  -14947.0000000,
     -1.7298689,       1.4375586,       0.1606456,
 -25000.0000000,  -14860.0000000,
     -1.6678341,       1.4331797,       0.1632406,
 -25000.0000000,  -14716.0000000,
     -1.7181918,       1.4375586,       0.1603213,
 -25000.0000000,  -14613.0000000,
     -1.7415461,       1.4893760,       0.1635649,
 -25000.0000000,  -14512.5000000,
     -1.7451952,       1.4871865,       0.1658355,
 -25000.0000000,  -14378.0000000,
     -1.7838758,       1.5244074,       0.1664842,
 -25000.0000000,  -14270.0000000,
     -1.8247458,       1.6192843,       0.1732959,
 -25000.0000000,  -14170.0000000,
     -1.8721842,       1.6638035,       0.1791345,
 -25000.0000000,  -14061.5000000,
     -1.9137841,       1.6937262,       0.1833512,
 -25000.0000000,  -13983.0000000,
     -1.9327595,       1.6981051,       0.1914603,
 -25000.0000000,  -13884.5000000,
     -1.9750891,       1.7192699,       0.1966502,
 -25000.0000000,  -13768.0000000,
     -1.9904154,       1.7280278,       0.2018400,
 -25000.0000000,  -13670.0000000,
     -2.0400433,       1.7192699,       0.2135172,
 -25000.0000000,  -13604.5000000,
     -2.0444222,       1.7075928,       0.2203289,
 -25000.0000000,  -13497.5000000,
     -2.0940501,       1.7272980,       0.2284380,
 -25000.0000000,  -13430.5000000,
     -2.0801835,       1.7017542,       0.2371959,
 -25000.0000000,  -13320.0000000,
     -2.0495310,       1.6791297,       0.2362228,
 -25000.0000000,  -13266.5000000,
     -2.0750747,       1.6805894,       0.2430344,
 -25000.0000000,  -13171.5000000,
     -2.0706958,       1.6652631,       0.2466024,
 -25000.0000000,  -13107.5000000,
     -2.0174188,       1.6353404,       0.2427101,
 -25000.0000000,  -13018.5000000,
     -2.0079311,       1.6506667,       0.2469268,
 -25000.0000000,  -12963.5000000,
     -2.0042820,       1.6273124,       0.2482243,
 -25000.0000000,  -12895.5000000,
     -2.0641274,       1.6404492,       0.2456294,
 -25000.0000000,  -12826.5000000,
     -2.0407731,       1.6805894,       0.2501705,
 -25000.0000000,  -12763.5000000,
     -2.0356644,       1.6601543,       0.2504948,
 -25000.0000000,  -12696.5000000,
     -2.0553695,       1.6586947,       0.2475755,
 -25000.0000000,  -12645.0000000,
     -2.0648572,       1.6652631,       0.2504948,
 -25000.0000000,  -12589.5000000,
     -2.0064715,       1.6827788,       0.2459537,
 -25000.0000000,  -12525.0000000,
     -2.0590187,       1.6922665,       0.2443319,
 -25000.0000000,  -12486.0000000,
     -2.0261767,       1.6871578,       0.2472512,
 -25000.0000000,  -12438.0000000,
     -2.0327451,       1.6623438,       0.2443319,
 -25000.0000000,  -12385.5000000,
     -2.0225276,       1.6783999,       0.2449806,
 -25000.0000000,  -12349.5000000,
     -2.0517204,       1.6769403,       0.2488730,
 -25000.0000000,  -12302.5000000,
     -2.0685063,       1.6316913,       0.2449806,
 -25000.0000000,  -12263.0000000,
     -2.0721555,       1.6054177,       0.2472512,
 -25000.0000000,  -12235.5000000,
     -2.0736151,       1.6127159,       0.2485486,
 -25000.0000000,  -12195.5000000,
     -2.0633976,       1.6105264,       0.2462781,
 -25000.0000000,  -12172.0000000,
     -2.0706958,       1.6149054,       0.2485486,
 -25000.0000000,  -12138.0000000,
     -2.0663169,       1.5915511,       0.2462781,
 -25000.0000000,  -12118.5000000,
     -2.0816431,       1.5579793,       0.2417370,
 -25000.0000000,  -12092.0000000,
     -2.0984290,       1.5448425,       0.2462781,
 -25000.0000000,  -12070.5000000,
     -2.0655871,       1.5433828,       0.2427101,
 -25000.0000000,  -12057.0000000,
     -2.0787238,       1.5463021,       0.2397908,
 -25000.0000000,  -12041.0000000,
     -2.0984290,       1.5360846,       0.2420613,
 -25000.0000000,  -12028.5000000,
     -2.0743449,       1.5214882,       0.2388177,
 -25000.0000000,  -12016.0000000,
     -2.0874817,       1.5273267,       0.2397908,
 -25000.0000000,  -12010.0000000,
     -2.0670467,       1.5098110,       0.2404395,
 -25000.0000000,  -12004.0000000,
     -2.0582888,       1.5134601,       0.2391420,
 -25000.0000000,  -12001.0000000,
     -2.0502608,       1.5025128,       0.2333035,
 -25000.0000000,  -12000.5000000,
     -2.0728853,       1.5149198,       0.2430344,
 -25000.0000000,  -12000.5000000,
     -2.0626678,       1.4806181,       0.2349253,
 -25000.0000000,  -12000.5000000,
     -2.0750747,       1.4813479,       0.2362228,
 -25000.0000000,  -12000.5000000,
     -2.0663169,       1.5149198,       0.2417370,
 -25000.0000000,  -12000.5000000,
     -2.0371240,       1.4784287,       0.2333035,
 -25000.0000000,  -12000.5000000,
     -2.0882115,       1.5010531,       0.2391420,
 -25000.0000000,  -12000.5000000,
     -2.0706958,       1.5185689,       0.2404395,
 -25000.0000000,  -12000.5000000,
     -2.0597485,       1.5061619,       0.2346009,
 -25000.0000000,  -12000.5000000,
     -2.0604783,       1.4966742,       0.2407639,
 -25000.0000000,  -12000.5000000,
     -2.0546397,       1.5112707,       0.2391420,
 -25000.0000000,  -12000.5000000,
     -2.0495310,       1.5068917,       0.2355740,
 -25000.0000000,  -12000.0000000,
     -2.0539099,       1.4901058,       0.2401151,
 -25000.0000000,  -12000.0000000,
     -2.0305556,       1.5244074,       0.2365471,
 -25000.0000000,  -12000.0000000,
     -2.0743449,       1.4886462,       0.2368715,
 -25000.0000000,  -12000.0000000,
     -2.0852922,       1.5265969,       0.2394664,
 -25000.0000000,  -12000.0000000,
     -2.0736151,       1.4842672,       0.2378446,
 -25000.0000000,  -12000.0000000,
     -2.0779940,       1.5061619,       0.2375202,
 -25000.0000000,  -12000.0000000,
     -2.0831028,       1.4952146,       0.2404395,
 -25000.0000000,  -12000.0000000,
     -2.0765344,       1.4937549,       0.2371959,
 -25000.0000000,  -12000.0000000,
     -2.0575590,       1.5229478,       0.2368715,
 -25000.0000000,  -12000.0000000,
     -2.0750747,       1.5054321,       0.2397908,
 -25000.0000000,  -12000.0000000,
     -2.0546397,       1.4966742,       0.2352497,
 -25000.0000000,  -12000.0000000,
     -2.0582888,       1.4798883,       0.2375202,
 -25000.0000000,  -12000.0000000,
     -2.0794537,       1.5025128,       0.2394664,
 -25000.0000000,  -12000.0000000,
     -2.0539099,       1.4974040,       0.2358984,
 -25000.0000000,  -12000.0000000,
     -2.0692362,       1.4871865,       0.2394664,
 -25000.0000000,  -12000.0000000,
     -2.0480713,       1.4995935,       0.2388177,
 -25000.0000000,  -12000.0000000,
     -2.0816431,       1.4558042,       0.2368715,
 -25000.0000000,  -12000.0000000,
     -2.0845624,       1.4908356,       0.2391420,
 -25000.0000000,  -12000.0000000,
     -2.0801835,       1.5338951,       0.2391420,
 -25000.0000000,  -12000.0000000,
     -2.0458819,       1.5083514,       0.2358984,
 -25000.0000000,  -12000.0000000,
     -2.0758046,       1.5185689,       0.2388177,
 -25000.0000000,  -12000.0000000,
     -2.0787238,       1.4908356,       0.2371959,
 -25000.0000000,  -12000.0000000,
     -2.0685063,       1.5076215,       0.2355740,
 -25000.0000000,  -12000.0000000,
     -2.0867519,       1.4952146,       0.2397908,
 -25000.0000000,  -12000.0000000,
     -2.0546397,       1.4711304,       0.2368715,
 -25000.0000000,  -12000.0000000,
     -2.0473415,       1.5076215,       0.2375202,
 -25000.0000000,  -12000.0000000,
     -2.0736151,       1.4930251,       0.2404395,
 -25000.0000000,  -12000.0000000,
     -2.0706958,       1.4769690,       0.2365471,
 -25000.0000000,  -12000.0000000,
     -2.0706958,       1.5076215,       0.2384933,
 -25000.0000000,  -12000.0000000,
     -2.0794537,       1.4667515,       0.2391420,
 -25000.0000000,  -12000.0000000,
     -2.0444222,       1.5003233,       0.2362228,
 -25000.0000000,  -12000.0000000,
     -2.0560994,       1.4879163,       0.2381689,
 -25000.0000000,  -12000.0000000,
     -2.0728853,       1.4981339,       0.2378446,
 -25000.0000000,  -12000.0000000,
     -2.0582888,       1.5120005,       0.2365471,
 -25000.0000000,  -12000.0000000,
     -2.0736151,       1.4901058,       0.2388177,
 -25000.0000000,  -12000.0000000,
     -2.0502608,       1.4886462,       0.2384933,
 -25000.0000000,  -12000.0000000,
     -2.0648572,       1.4901058,       0.2368715,
 -25000.0000000,  -12000.0000000,
     -2.0641274,       1.5098110,       0.2397908,
 -25000.0000000,  -12000.0000000,
     -2.0831028,       1.4696708,       0.2384933,
 -25000.0000000,  -12000.0000000,
     -2.0641274,       1.4995935,       0.2368715,
 -25000.0000000,  -12000.0000000,
     -2.0612081,       1.5222180,       0.2394664,
 -25000.0000000,  -12000.0000000,
     -2.0458819,       1.5171092,       0.2368715,
 -25000.0000000,  -12000.0000000,
     -2.0692362,       1.5171092,       0.2368715,
 -25000.0000000,  -12000.0000000,
     -2.0889414,       1.4981339,       0.2388177,
 -25000.0000000,  -12000.0000000,
     -2.0517204,       1.4952146,       0.2371959,
 -25000.0000000,  -12000.0000000,
     -2.0466117,       1.5032426,       0.2381689,
 -25000.0000000,  -12000.0000000,
     -2.0568292,       1.4959444,       0.2391420,
 -25000.0000000,  -12000.0000000,
     -2.0728853,       1.5047023,       0.2378446,
 -25000.0000000,  -12000.0000000,
     -2.0444222,       1.5200285,       0.2391420,
 -25000.0000000,  -12000.0000000,
     -2.0641274,       1.4908356,       0.2391420,
 -25000.0000000,  -12000.0000000,
     -2.0546397,       1.5032426,       0.2368715,
 -25000.0000000,  -12000.0000000,
     -2.0889414,       1.5244074,       0.2381689,
 -25000.0000000,  -12000.0000000,
     -2.0626678,       1.4995935,       0.2371959,
 -25000.0000000,  -12000.0000000,
     -2.0604783,       1.4908356,       0.2358984,
 -25000.0000000,  -12000.0000000,
     -2.0619379,       1.5178391,       0.2381689,
 -25000.0000000,  -12000.0000000,
     -2.0721555,       1.5280566,       0.2378446,
 -25000.0000000,  -12000.0000000,
     -2.0495310,       1.4944847,       0.2371959,
 -25000.0000000,  -12000.0000000,
     -2.0517204,       1.5076215,       0.2397908,
 -25000.0000000,  -12000.0000000,
     -2.0320152,       1.4915655,       0.2381689,
 -25000.0000000,  -12000.0000000,
     -2.0612081,       1.5185689,       0.2381689,
 -25000.0000000,  -12000.0000000,
     -2.0517204,       1.4864567,       0.2394664,
 -25000.0000000,  -12000.0000000,
     -2.0787238,       1.4915655,       0.2371959,
 -25000.0000000,  -12000.0000000,
     -2.0655871,       1.4835374,       0.2375202,
 -25000.0000000,  -12000.0000000,
     -2.0509906,       1.5178391,       0.2381689,
 -25000.0000000,  -12000.0000000,
     -2.0524503,       1.5061619,       0.2362228,
 -25000.0000000,  -12000.0000000,
     -2.0590187,       1.4864567,       0.2371959,
 -25000.0000000,  -12000.0000000,
     -2.0801835,       1.4988637,       0.2378446,
 -25000.0000000,  -12000.0000000,
     -2.0210679,       1.4835374,       0.2375202,
 -25000.0000000,  -12000.0000000,
     -2.0495310,       1.4776988,       0.2394664,
 -25000.0000000,  -12000.0000000,
     -2.0502608,       1.5258671,       0.2388177,
 -25000.0000000,  -12000.0000000,
     -2.0473415,       1.4922953,       0.2375202,
 -25000.0000000,  -12000.0000000,
     -2.0517204,       1.4937549,       0.2394664,
 -25000.0000000,  -12000.0000000,
     -2.0604783,       1.4915655,       0.2371959,
 -25000.0000000,  -12000.0000000,
     -2.0779940,       1.5083514,       0.2368715,
 -25000.0000000,  -12000.0000000,
     -2.0860221,       1.5054321,       0.2378446,
 -25000.0000000,  -12000.0000000,
     -2.0612081,       1.5083514,       0.2365471,
 -25000.0000000,  -12000.0000000,
     -2.0451520,       1.5090812,       0.2375202,
 -25000.0000000,  -12000.0000000,
     -2.0860221,       1.5010531,       0.2384933,
 -25000.0000000,  -12000.0000000,
     -2.0597485,       1.5017830,       0.2371959,
 -25000.0000000,  -12000.0000000,
     -2.0655871,       1.5244074,       0.2388177,
 -25000.0000000,  -12000.0000000,
