     -0.4541401,       1.6324211,       0.2089761,
 -27000.0000000, -118000.0000000,
     -0.4512208,       1.6265825,       0.2089761,
 -27000.0000000, -118000.0000000,
     -0.4344349,       1.6039581,       0.2086517,
 -27000.0000000, -118000.0000000,
     -0.4512208,       1.6521263,       0.2089761,
 -27000.0000000, -117999.0000000,
     -0.4643576,       1.6090668,       0.2086517,
 -27000.0000000, -117994.5000000,
     -0.4621681,       1.5959300,       0.2093004,
 -27000.0000000, -117988.5000000,
     -0.4862522,       1.6134457,       0.2089761,
 -27000.0000000, -117977.5000000,
     -0.4490313,       1.6207440,       0.2093004,
 -27000.0000000, -117969.5000000,
     -0.4811435,       1.6010388,       0.2089761,
 -27000.0000000, -117954.0000000,
     -0.4789540,       1.6054177,       0.2089761,
 -27000.0000000, -117933.0000000,
     -0.4687365,       1.6236632,       0.2099492,
 -27000.0000000, -117918.0000000,
     -0.4519506,       1.6097966,       0.2093004,
 -27000.0000000, -117896.5000000,
     -0.4424629,       1.5944704,       0.2093004,
 -27000.0000000, -117868.0000000,
     -0.4621681,       1.6521263,       0.2089761,
 -27000.0000000, -117842.5000000,
     -0.4592488,       1.6214738,       0.2086517,
 -27000.0000000, -117816.5000000,
     -0.4271367,       1.6032282,       0.2093004,
 -27000.0000000, -117777.5000000,
     -0.4534102,       1.6295018,       0.2086517,
 -27000.0000000, -117750.5000000,
     -0.4650874,       1.5900914,       0.2089761,
 -27000.0000000, -117710.0000000,
     -0.4701962,       1.5944704,       0.2083273,
 -27000.0000000, -117674.5000000,
     -0.4643576,       1.6368000,       0.2086517,
 -27000.0000000, -117623.5000000,
     -0.4373542,       1.5849827,       0.2096248,
 -27000.0000000, -117589.0000000,
     -0.4826031,       1.6506667,       0.2083273,
 -27000.0000000, -117532.0000000,
     -0.4373542,       1.6083370,       0.2089761,
 -27000.0000000, -117493.0000000,
     -0.4468418,       1.6076072,       0.2083273,
 -27000.0000000, -117432.5000000,
     -0.4950101,       1.6178247,       0.2073542,
 -27000.0000000, -117384.0000000,
     -0.4789540,       1.6236632,       0.2086517,
 -27000.0000000, -117330.5000000,
     -0.4760347,       1.6105264,       0.2080030,
 -27000.0000000, -117278.0000000,
     -0.4366243,       1.6105264,       0.2073542,
 -27000.0000000, -117209.0000000,
     -0.4585190,       1.6375299,       0.2070299,
 -27000.0000000, -117138.0000000,
     -0.4840628,       1.5995791,       0.2070299,
 -27000.0000000, -117066.5000000,
     -0.4687365,       1.6039581,       0.2073542,
 -27000.0000000, -117009.0000000,
     -0.4643576,       1.6090668,       0.2067055,
 -27000.0000000, -116929.5000000,
     -0.4920908,       1.5973897,       0.2060568,
 -27000.0000000, -116855.0000000,
     -0.5015785,       1.6156352,       0.2057324,
 -27000.0000000, -116778.5000000,
     -0.4534102,       1.6331509,       0.2050837,
 -27000.0000000, -116689.5000000,
     -0.4804137,       1.6054177,       0.2054080,
 -27000.0000000, -116625.5000000,
     -0.4928206,       1.5981195,       0.2037862,
 -27000.0000000, -116522.5000000,
     -0.4636278,       1.5966598,       0.1953527,
 -27000.0000000, -116464.5000000,
     -0.5154451,       1.5703862,       0.1934065,
 -27000.0000000, -116350.5000000,
     -0.4979294,       1.6200141,       0.2015157,
 -27000.0000000, -116284.0000000,
     -0.5096065,       1.6273124,       0.2034619,
 -27000.0000000, -116163.5000000,
     -0.4993890,       1.5827932,       0.2024888,
 -27000.0000000, -116093.5000000,
     -0.5344205,       1.6243931,       0.2018400,
 -27000.0000000, -115966.5000000,
     -0.4957399,       1.6251229,       0.2015157,
 -27000.0000000, -115893.0000000,
     -0.5409889,       1.6032282,       0.2005426,
 -27000.0000000, -115782.5000000,
     -0.5395292,       1.6243931,       0.2018400,
 -27000.0000000, -115658.5000000,
     -0.5336907,       1.5820634,       0.2018400,
 -27000.0000000, -115549.0000000,
     -0.5723712,       1.6097966,       0.2018400,
 -27000.0000000, -115455.5000000,
     -0.5190942,       1.6156352,       0.2015157,
 -27000.0000000, -115335.5000000,
     -0.5920764,       1.6214738,       0.2018400,
 -27000.0000000, -115199.0000000,
     -0.5519362,       1.6200141,       0.2021644,
 -27000.0000000, -115099.5000000,
     -0.5424485,       1.6214738,       0.2031375,
 -27000.0000000, -114984.0000000,
     -0.5979150,       1.6440983,       0.2024888,
 -27000.0000000, -114832.5000000,
     -0.5906168,       1.6192843,       0.2024888,
 -27000.0000000, -114733.5000000,
     -0.6001045,       1.6287720,       0.2034619,
 -27000.0000000, -114604.5000000,
     -0.6081325,       1.6725613,       0.2044350,
 -27000.0000000, -114480.5000000,
     -0.5825887,       1.6433684,       0.2050837,
 -27000.0000000, -114347.0000000,
     -0.6110518,       1.6280422,       0.2057324,
 -27000.0000000, -114187.5000000,
     -0.6395149,       1.6557754,       0.2050837,
 -27000.0000000, -114048.0000000,
     -0.5942659,       1.6397193,       0.2067055,
 -27000.0000000, -113913.5000000,
     -0.6125114,       1.6316913,       0.2073542,
 -27000.0000000, -113785.5000000,
     -0.6373254,       1.6550456,       0.2073542,
 -27000.0000000, -113598.0000000,
     -0.6504622,       1.6499368,       0.2086517,
 -27000.0000000, -113490.0000000,
     -0.6679779,       1.6368000,       0.2089761,
 -27000.0000000, -113296.0000000,
     -0.6417043,       1.6236632,       0.2080030,
 -27000.0000000, -113176.0000000,
     -0.6796551,       1.6346106,       0.2099492,
 -27000.0000000, -113028.5000000,
     -0.6811147,       1.6324211,       0.2102735,
 -27000.0000000, -112852.0000000,
     -0.7103076,       1.6127159,       0.2099492,
 -27000.0000000, -112664.0000000,
     -0.6679779,       1.6280422,       0.2086517,
 -27000.0000000, -112545.0000000,
     -0.7263637,       1.6046879,       0.2099492,
 -27000.0000000, -112351.0000000,
     -0.7460689,       1.6528561,       0.2112466,
 -27000.0000000, -112209.5000000,
     -0.7292830,       1.6433684,       0.2115710,
 -27000.0000000, -111990.5000000,
     -0.7387707,       1.6170948,       0.2109223,
 -27000.0000000, -111815.5000000,
     -0.7723425,       1.6265825,       0.2122197,
 -27000.0000000, -111687.5000000,
     -0.7592057,       1.6506667,       0.2118954,
 -27000.0000000, -111498.0000000,
     -0.7949669,       1.6302316,       0.2131928,
 -27000.0000000, -111327.0000000,
     -0.7497180,       1.6506667,       0.2131928,
 -27000.0000000, -111112.5000000,
     -0.7789109,       1.6477474,       0.2131928,
 -27000.0000000, -110956.5000000,
     -0.7519075,       1.6419088,       0.2135172,
 -27000.0000000, -110714.5000000,
     -0.7913178,       1.6375299,       0.2141659,
 -27000.0000000, -110576.0000000,
     -0.8044546,       1.6528561,       0.2148146,
 -27000.0000000, -110382.0000000,
     -0.7723425,       1.6579649,       0.2148146,
 -27000.0000000, -110131.5000000,
     -0.7949669,       1.6638035,       0.2157877,
 -27000.0000000, -109987.0000000,
     -0.7956968,       1.6302316,       0.2154634,
 -27000.0000000, -109729.0000000,
     -0.8358370,       1.6324211,       0.2154634,
 -27000.0000000, -109569.5000000,
     -0.8015353,       1.6338808,       0.2164365,
 -27000.0000000, -109375.0000000,
     -0.8241598,       1.6696420,       0.2161121,
 -27000.0000000, -109166.5000000,
     -0.8504334,       1.6754806,       0.2164365,
 -27000.0000000, -108955.0000000,
     -0.8321879,       1.6331509,       0.2154634,
 -27000.0000000, -108682.0000000,
     -0.8343773,       1.6747508,       0.2161121,
 -27000.0000000, -108525.5000000,
     -0.8453247,       1.6528561,       0.2138415,
 -27000.0000000, -108307.0000000,
     -0.8715983,       1.6535860,       0.2151390,
 -27000.0000000, -108024.0000000,
     -0.8898438,       1.6316913,       0.2148146,
 -27000.0000000, -107861.5000000,
     -0.8482440,       1.6579649,       0.2144903,
 -27000.0000000, -107635.0000000,
     -0.8409457,       1.6368000,       0.2135172,
 -27000.0000000, -107368.5000000,
     -0.8445948,       1.6068773,       0.2135172,
 -27000.0000000, -107161.5000000,
     -0.8708684,       1.6295018,       0.2131928,
 -27000.0000000, -106876.0000000,
     -0.9168472,       1.6214738,       0.2122197,
 -27000.0000000, -106667.5000000,
     -0.9000613,       1.6258527,       0.2105979,
 -27000.0000000, -106458.0000000,
     -0.9007911,       1.6265825,       0.2099492,
 -27000.0000000, -106172.0000000,
     -0.9058999,       1.6565052,       0.2093004,
 -27000.0000000, -106001.5000000,
     -0.8774368,       1.6565052,       0.2080030,
 -27000.0000000, -105701.5000000,
     -0.8708684,       1.6156352,       0.2093004,
 -27000.0000000, -105517.5000000,
     -0.9204963,       1.5973897,       0.2073542,
 -27000.0000000, -105231.0000000,
     -0.8810859,       1.6528561,       0.2070299,
 -27000.0000000, -105046.5000000,
     -0.8672193,       1.6251229,       0.2070299,
 -27000.0000000, -104760.5000000,
     -0.9409314,       1.6112563,       0.2060568,
 -27000.0000000, -104576.5000000,
     -0.9110086,       1.6455579,       0.2044350,
 -27000.0000000, -104290.0000000,
     -0.9161174,       1.6214738,       0.2034619,
 -27000.0000000, -104106.5000000,
     -0.9343630,       1.6149054,       0.2015157,
 -27000.0000000, -103819.0000000,
     -0.9664751,       1.6163650,       0.2008669,
 -27000.0000000, -103635.0000000,
     -0.9577173,       1.6419088,       0.2015157,
 -27000.0000000, -103349.0000000,
     -0.9715839,       1.6251229,       0.2005426,
 -27000.0000000, -103165.0000000,
     -0.9482296,       1.6178247,       0.2005426,
 -27000.0000000, -102878.5000000,
     -1.0095346,       1.6032282,       0.2005426,
 -27000.0000000, -102694.0000000,
     -0.9927487,       1.6039581,       0.1995695,
 -27000.0000000, -102409.0000000,
     -0.9993171,       1.6229334,       0.2002182,
 -27000.0000000, -102225.0000000,
     -1.0292398,       1.5820634,       0.1985964,
 -27000.0000000, -101965.0000000,
     -1.0365380,       1.6017686,       0.1982720,
 -27000.0000000, -101754.5000000,
     -1.0460257,       1.6528561,       0.1979476,
 -27000.0000000, -101468.0000000,
     -1.0562432,       1.6608842,       0.1976233,
 -27000.0000000, -101284.5000000,
     -1.0759484,       1.6287720,       0.1969746,
 -27000.0000000, -100998.0000000,
     -1.0445661,       1.6470176,       0.1976233,
 -27000.0000000, -100813.5000000,
     -1.0934642,       1.6003089,       0.1976233,
 -27000.0000000, -100527.5000000,
     -1.0971133,       1.6360702,       0.1982720,
 -27000.0000000, -100343.5000000,
     -1.0847063,       1.6134457,       0.1989207,
 -27000.0000000, -100057.0000000,
     -1.1058711,       1.6448281,       0.1982720,
 -27000.0000000,  -99873.0000000,
     -1.1168185,       1.6382597,       0.1982720,
 -27000.0000000,  -99637.5000000,
     -1.1540394,       1.6353404,       0.1985964,
 -27000.0000000,  -99351.5000000,
     -1.1350640,       1.6331509,       0.1989207,
 -27000.0000000,  -99167.5000000,
     -1.1482008,       1.6492070,       0.1995695,
 -27000.0000000,  -98855.5000000,
     -1.1328745,       1.6411790,       0.1992451,
 -27000.0000000,  -98697.5000000,
     -1.1854217,       1.6353404,       0.1998938,
 -27000.0000000,  -98412.5000000,
     -1.1540394,       1.6565052,       0.2011913,
 -27000.0000000,  -98228.5000000,
     -1.1927199,       1.6433684,       0.2002182,
 -27000.0000000,  -97941.5000000,
     -1.1773937,       1.6711017,       0.2015157,
 -27000.0000000,  -97784.5000000,
     -1.1949094,       1.6667227,       0.2024888,
 -27000.0000000,  -97471.5000000,
     -1.2489162,       1.6696420,       0.2018400,
 -27000.0000000,  -97287.5000000,
     -1.1978287,       1.6703719,       0.2018400,
 -27000.0000000,  -97001.0000000,
     -1.2014778,       1.6674526,       0.2031375,
 -27000.0000000,  -96817.5000000,
     -1.2219128,       1.6652631,       0.2018400,
 -27000.0000000,  -96531.0000000,
     -1.1941796,       1.6711017,       0.2031375,
 -27000.0000000,  -96347.5000000,
     -1.2350496,       1.6769403,       0.2028131,
 -27000.0000000,  -96073.5000000,
     -1.2686214,       1.7002946,       0.2031375,
 -27000.0000000,  -95851.0000000,
     -1.2781091,       1.7141612,       0.2037862,
 -27000.0000000,  -95603.0000000,
     -1.2540250,       1.6732911,       0.2002182,
 -27000.0000000,  -95406.5000000,
     -1.2459969,       1.6470176,       0.2037862,
 -27000.0000000,  -95120.0000000,
     -1.2554846,       1.6856981,       0.2041106,
 -27000.0000000,  -94936.0000000,
     -1.2992740,       1.6944560,       0.2037862,
 -27000.0000000,  -94637.0000000,
     -1.2824880,       1.6638035,       0.2041106,
 -27000.0000000,  -94467.5000000,
     -1.2678916,       1.6747508,       0.2044350,
 -27000.0000000,  -94168.0000000,
     -1.3102213,       1.6732911,       0.2041106,
 -27000.0000000,  -93933.5000000,
     -1.3124108,       1.6718315,       0.2041106,
 -27000.0000000,  -93737.0000000,
     -1.3029231,       1.7112419,       0.2050837,
 -27000.0000000,  -93526.5000000,
     -1.2905161,       1.6944560,       0.2047593,
 -27000.0000000,  -93253.0000000,
     -1.2890564,       1.6878876,       0.2050837,
 -27000.0000000,  -93056.0000000,
     -1.3000038,       1.6842385,       0.2050837,
 -27000.0000000,  -92770.0000000,
     -1.2927056,       1.6557754,       0.2041106,
 -27000.0000000,  -92586.0000000,
     -1.3408738,       1.7199998,       0.2047593,
 -27000.0000000,  -92287.0000000,
     -1.3189792,       1.6543158,       0.2041106,
 -27000.0000000,  -92115.5000000,
     -1.3211686,       1.7185401,       0.2031375,
 -27000.0000000,  -91816.5000000,
     -1.3372247,       1.6667227,       0.2034619,
 -27000.0000000,  -91645.5000000,
     -1.3109511,       1.6820490,       0.2024888,
 -27000.0000000,  -91346.0000000,
     -1.3153300,       1.6783999,       0.2031375,
 -27000.0000000,  -91175.0000000,
     -1.3211686,       1.6732911,       0.2018400,
 -27000.0000000,  -90915.5000000,
     -1.3226283,       1.7039437,       0.2008669,
 -27000.0000000,  -90705.0000000,
     -1.3116809,       1.6623438,       0.2028131,
 -27000.0000000,  -90407.0000000,
     -1.3423335,       1.6601543,       0.2021644,
 -27000.0000000,  -90236.0000000,
     -1.3481720,       1.6565052,       0.2011913,
 -27000.0000000,  -89936.5000000,
     -1.3627685,       1.6827788,       0.2018400,
 -27000.0000000,  -89765.5000000,
     -1.3532808,       1.7083226,       0.2011913,
 -27000.0000000,  -89505.5000000,
     -1.3189792,       1.6594245,       0.2002182,
 -27000.0000000,  -89295.0000000,
     -1.3656878,       1.6732911,       0.2005426,
 -27000.0000000,  -89035.5000000,
     -1.3197090,       1.6791297,       0.1992451,
 -27000.0000000,  -88826.0000000,
     -1.3445229,       1.7002946,       0.1989207,
 -27000.0000000,  -88551.5000000,
     -1.3620386,       1.7127015,       0.1989207,
 -27000.0000000,  -88355.0000000,
     -1.3751754,       1.6638035,       0.1979476,
 -27000.0000000,  -88068.5000000,
     -1.3693369,       1.6404492,       0.1976233,
 -27000.0000000,  -87884.5000000,
     -1.3357651,       1.6543158,       0.1969746,
 -27000.0000000,  -87585.0000000,
     -1.3707965,       1.6353404,       0.1950284,
 -27000.0000000,  -87414.0000000,
     -1.3802842,       1.6484772,       0.1963258,
 -27000.0000000,  -87102.0000000,
     -1.3744456,       1.6601543,       0.1953527,
 -27000.0000000,  -86970.5000000,
     -1.3948806,       1.6433684,       0.1937309,
 -27000.0000000,  -86684.0000000,
     -1.3817438,       1.6535860,       0.1943796,
 -27000.0000000,  -86475.0000000,
     -1.3664176,       1.6681824,       0.1927578,
 -27000.0000000,  -86201.5000000,
     -1.4189648,       1.6492070,       0.1917847,
 -27000.0000000,  -86004.5000000,
     -1.3634983,       1.6251229,       0.1934065,
 -27000.0000000,  -85718.0000000,
     -1.3963403,       1.6112563,       0.1911360,
 -27000.0000000,  -85534.0000000,
     -1.4029087,       1.6506667,       0.1904872,
 -27000.0000000,  -85235.0000000,
     -1.3634983,       1.6506667,       0.1914603,
 -27000.0000000,  -85064.0000000,
     -1.4102069,       1.6090668,       0.1895141,
 -27000.0000000,  -84804.0000000,
     -1.4240735,       1.6594245,       0.1891898,
 -27000.0000000,  -84593.5000000,
     -1.3700667,       1.6594245,       0.1901629,
 -27000.0000000,  -84334.0000000,
     -1.4277226,       1.6448281,       0.1872436,
 -27000.0000000,  -84110.5000000,
     -1.4445085,       1.6404492,       0.1875680,
 -27000.0000000,  -83850.0000000,
     -1.4291823,       1.6594245,       0.1882167,
 -27000.0000000,  -83653.0000000,
     -1.4569155,       1.6565052,       0.1865949,
 -27000.0000000,  -83379.5000000,
     -1.4248033,       1.6243931,       0.1865949,
 -27000.0000000,  -83183.0000000,
     -1.4299121,       1.6178247,       0.1872436,
 -27000.0000000,  -82883.5000000,
     -1.4474278,       1.6440983,       0.1852974,
 -27000.0000000,  -82739.5000000,
     -1.4094771,       1.6360702,       0.1862705,
 -27000.0000000,  -82478.5000000,
     -1.4598348,       1.6331509,       0.1849730,
 -27000.0000000,  -82219.0000000,
     -1.4627541,       1.6338808,       0.1836756,
 -27000.0000000,  -81983.5000000,
     -1.3919614,       1.6513965,       0.1862705,
 -27000.0000000,  -81773.0000000,
     -1.4372103,       1.6185545,       0.1839999,
 -27000.0000000,  -81499.5000000,
     -1.4583752,       1.6076072,       0.1827025,
 -27000.0000000,  -81303.0000000,
     -1.4109367,       1.6156352,       0.1843243,
 -27000.0000000,  -81043.0000000,
     -1.4430489,       1.5842529,       0.1827025,
 -27000.0000000,  -80832.5000000,
     -1.4977855,       1.6258527,       0.1823781,
 -27000.0000000,  -80573.0000000,
     -1.4408594,       1.6207440,       0.1839999,
 -27000.0000000,  -80375.5000000,
     -1.4744312,       1.5835230,       0.1820537,
 -27000.0000000,  -80127.5000000,
     -1.4766207,       1.6134457,       0.1810806,
 -27000.0000000,  -79944.5000000,
     -1.4729716,       1.5981195,       0.1830268,
 -27000.0000000,  -79618.5000000,
     -1.4722418,       1.5769546,       0.1804319,
 -27000.0000000,  -79448.5000000,
     -1.4685927,       1.6127159,       0.1797832,
 -27000.0000000,  -79186.5000000,
     -1.5145714,       1.6076072,       0.1817294,
 -27000.0000000,  -78913.0000000,
     -1.4780803,       1.5915511,       0.1801076,
 -27000.0000000,  -78743.0000000,
     -1.4999750,       1.5827932,       0.1797832,
 -27000.0000000,  -78457.0000000,
     -1.4802698,       1.5368144,       0.1807563,
 -27000.0000000,  -78247.5000000,
     -1.5058136,       1.6492070,       0.1788101,
 -27000.0000000,  -77987.5000000,
     -1.5342766,       1.6010388,       0.1791345,
 -27000.0000000,  -77803.5000000,
     -1.4941364,       1.5900914,       0.1797832,
 -27000.0000000,  -77517.0000000,
     -1.5072732,       1.5696564,       0.1762152,
 -27000.0000000,  -77268.5000000,
     -1.5393854,       1.5784143,       0.1781614,
 -27000.0000000,  -77071.5000000,
     -1.5452240,       1.6039581,       0.1749177,
 -27000.0000000,  -76798.0000000,
     -1.4941364,       1.5952002,       0.1758908,
 -27000.0000000,  -76628.0000000,
     -1.5437643,       1.5835230,       0.1784857,
 -27000.0000000,  -76328.0000000,
     -1.5269784,       1.5988493,       0.1771883,
 -27000.0000000,  -76092.5000000,
     -1.5423047,       1.5733055,       0.1755664,
 -27000.0000000,  -75935.5000000,
     -1.5320872,       1.6207440,       0.1768639,
 -27000.0000000,  -75623.5000000,
     -1.5459538,       1.5908213,       0.1752421,
 -27000.0000000,  -75465.0000000,
     -1.5065434,       1.5499512,       0.1736202,
 -27000.0000000,  -75230.0000000,
     -1.5415749,       1.5879020,       0.1768639,
 -27000.0000000,  -74917.0000000,
     -1.5313574,       1.6105264,       0.1755664,
 -27000.0000000,  -74760.0000000,
     -1.5466836,       1.5879020,       0.1749177,
 -27000.0000000,  -74461.0000000,
     -1.4948663,       1.5572494,       0.1739446,
 -27000.0000000,  -74277.0000000,
     -1.5415749,       1.5886318,       0.1729715,
 -27000.0000000,  -74055.5000000,
     -1.5138416,       1.5733055,       0.1700522,
 -27000.0000000,  -73716.5000000,
     -1.5488731,       1.5718459,       0.1723228,
 -27000.0000000,  -73571.5000000,
     -1.5452240,       1.5667371,       0.1713497,
 -27000.0000000,  -73350.0000000,
     -1.5189504,       1.5645477,       0.1700522,
 -27000.0000000,  -73101.0000000,
     -1.5050838,       1.5514109,       0.1684304,
 -27000.0000000,  -72802.0000000,
     -1.5401152,       1.6054177,       0.1681060,
 -27000.0000000,  -72645.0000000,
     -1.4985154,       1.5681968,       0.1674573,
 -27000.0000000,  -72332.0000000,
     -1.5189504,       1.6010388,       0.1674573,
 -27000.0000000,  -72174.5000000,
     -1.5459538,       1.6003089,       0.1684304,
 -27000.0000000,  -71848.5000000,
     -1.5481433,       1.5820634,       0.1687548,
 -27000.0000000,  -71690.5000000,
     -1.6036097,       1.6061475,       0.1690791,
 -27000.0000000,  -71469.0000000,
     -1.6057992,       1.6076072,       0.1694035,
 -27000.0000000,  -71182.5000000,
     -1.6065290,       1.5645477,       0.1687548,
 -27000.0000000,  -70985.0000000,
     -1.6101781,       1.6046879,       0.1694035,
 -27000.0000000,  -70750.0000000,
     -1.5875536,       1.5346250,       0.1687548,
 -27000.0000000,  -70477.5000000,
     -1.5576309,       1.5886318,       0.1687548,
 -27000.0000000,  -70243.5000000,
     -1.5817151,       1.5973897,       0.1684304,
 -27000.0000000,  -70045.5000000,
     -1.5912028,       1.5433828,       0.1664842,
 -27000.0000000,  -69797.5000000,
     -1.6028799,       1.6010388,       0.1664842,
 -27000.0000000,  -69537.5000000,
     -1.6145571,       1.5915511,       0.1668086,
 -27000.0000000,  -69302.5000000,
     -1.5780660,       1.6003089,       0.1671329,
 -27000.0000000,  -69119.0000000,
     -1.6532376,       1.5973897,       0.1668086,
 -27000.0000000,  -68793.0000000,
     -1.6517780,       1.5842529,       0.1671329,
 -27000.0000000,  -68635.0000000,
     -1.5955817,       1.5565196,       0.1671329,
 -27000.0000000,  -68400.0000000,
     -1.6408307,       1.6134457,       0.1661598,
 -27000.0000000,  -68127.0000000,
     -1.6050694,       1.5703862,       0.1668086,
 -27000.0000000,  -67929.5000000,
     -1.6189360,       1.5900914,       0.1661598,
 -27000.0000000,  -67694.0000000,
     -1.6641850,       1.5988493,       0.1655111,
 -27000.0000000,  -67473.0000000,
     -1.6196658,       1.5995791,       0.1661598,
 -27000.0000000,  -67186.5000000,
     -1.5758765,       1.5900914,       0.1638893,
 -27000.0000000,  -66937.5000000,
     -1.6072588,       1.5827932,       0.1616187,
 -27000.0000000,  -66754.0000000,
     -1.5262486,       1.5572494,       0.1586994,
 -27000.0000000,  -66468.5000000,
     -1.4882979,       1.5660073,       0.1574020,
 -27000.0000000,  -66284.5000000,
     -1.4386700,       1.5820634,       0.1544827,
 -27000.0000000,  -66063.0000000,
     -1.4591050,       1.6112563,       0.1531852,
 -27000.0000000,  -65776.5000000,
     -1.5671186,       1.6433684,       0.1590238,
 -27000.0000000,  -65541.5000000,
     -1.6101781,       1.6470176,       0.1616187,
 -27000.0000000,  -65344.0000000,
     -1.6036097,       1.6419088,       0.1616187,
 -27000.0000000,  -65122.5000000,
     -1.6590762,       1.6280422,       0.1616187,
 -27000.0000000,  -64836.0000000,
     -1.5744169,       1.6324211,       0.1612944,
 -27000.0000000,  -64639.0000000,
     -1.6517780,       1.5915511,       0.1609700,
 -27000.0000000,  -64339.5000000,
     -1.6138272,       1.5733055,       0.1596725,
 -27000.0000000,  -64131.0000000,
     -1.6525078,       1.6375299,       0.1596725,
 -27000.0000000,  -63933.0000000,
     -1.6298833,       1.6309615,       0.1599969,
 -27000.0000000,  -63698.0000000,
     -1.6364517,       1.6068773,       0.1599969,
 -27000.0000000,  -63425.5000000,
     -1.6809709,       1.6010388,       0.1590238,
 -27000.0000000,  -63151.0000000,
     -1.6481289,       1.6499368,       0.1593482,
 -27000.0000000,  -62992.5000000,
     -1.6510482,       1.6382597,       0.1580507,
 -27000.0000000,  -62771.5000000,
     -1.6415605,       1.6528561,       0.1574020,
 -27000.0000000,  -62459.5000000,
     -1.6313430,       1.6397193,       0.1577263,
 -27000.0000000,  -62288.5000000,
     -1.6889989,       1.6506667,       0.1583751,
 -27000.0000000,  -62053.5000000,
     -1.6401008,       1.6908069,       0.1574020,
 -27000.0000000,  -61780.5000000,
     -1.6780516,       1.6280422,       0.1574020,
 -27000.0000000,  -61583.0000000,
     -1.6503183,       1.6287720,       0.1570776,
 -27000.0000000,  -61348.0000000,
     -1.6138272,       1.6024984,       0.1564289,
 -27000.0000000,  -61075.0000000,
     -1.6503183,       1.5988493,       0.1564289,
 -27000.0000000,  -60877.5000000,
     -1.6466692,       1.6141756,       0.1564289,
 -27000.0000000,  -60642.5000000,
     -1.6795112,       1.6674526,       0.1561045,
 -27000.0000000,  -60407.5000000,
     -1.6510482,       1.6404492,       0.1541583,
 -27000.0000000,  -60172.5000000,
     -1.6641850,       1.6273124,       0.1548071,
 -27000.0000000,  -59911.5000000,
     -1.6452096,       1.6295018,       0.1538340,
 -27000.0000000,  -59625.0000000,
     -1.6291535,       1.6908069,       0.1531852,
 -27000.0000000,  -59467.0000000,
     -1.7035953,       1.6557754,       0.1541583,
 -27000.0000000,  -59194.0000000,
     -1.6765919,       1.6426386,       0.1531852,
 -27000.0000000,  -58945.0000000,
     -1.6627253,       1.6477474,       0.1535096,
 -27000.0000000,  -58748.5000000,
     -1.6495885,       1.6484772,       0.1528609,
 -27000.0000000,  -58476.0000000,
     -1.7123532,       1.6470176,       0.1522121,
 -27000.0000000,  -58292.5000000,
     -1.7094339,       1.6878876,       0.1531852,
 -27000.0000000,  -58057.0000000,
     -1.6955673,       1.6689122,       0.1518878,
 -27000.0000000,  -57784.5000000,
     -1.6817007,       1.6659929,       0.1518878,
 -27000.0000000,  -57535.5000000,
     -1.7342479,       1.6805894,       0.1512390,
 -27000.0000000,  -57351.5000000,
     -1.6722130,       1.6740210,       0.1512390,
 -27000.0000000,  -57065.0000000,
     -1.7072445,       1.6783999,       0.1489685,
 -27000.0000000,  -56881.5000000,
     -1.6809709,       1.6747508,       0.1486441,
 -27000.0000000,  -56646.5000000,
     -1.7057848,       1.6711017,       0.1476710,
 -27000.0000000,  -56360.0000000,
     -1.6744025,       1.6630736,       0.1460492,
 -27000.0000000,  -56176.0000000,
     -1.6488587,       1.6601543,       0.1457248,
 -27000.0000000,  -55941.0000000,
     -1.6795112,       1.6995647,       0.1428055,
 -27000.0000000,  -55719.5000000,
     -1.7050550,       1.6893472,       0.1431299,
 -27000.0000000,  -55419.0000000,
     -1.6941077,       1.6820490,       0.1447517,
 -27000.0000000,  -55223.5000000,
     -1.7101637,       1.6959156,       0.1450761,
 -27000.0000000,  -54936.0000000,
     -1.7152725,       1.7090524,       0.1447517,
 -27000.0000000,  -54688.5000000,
     -1.7254900,       1.6878876,       0.1441030,
 -27000.0000000,  -54531.5000000,
     -1.7539531,       1.7083226,       0.1441030,
 -27000.0000000,  -54296.5000000,
     -1.7882547,       1.7141612,       0.1441030,
 -27000.0000000,  -54009.5000000,
     -1.7430057,       1.7272980,       0.1441030,
 -27000.0000000,  -53826.0000000,
     -1.7422759,       1.7440839,       0.1437786,
 -27000.0000000,  -53513.5000000,
     -1.7736583,       1.7178103,       0.1431299,
 -27000.0000000,  -53355.5000000,
     -1.7247602,       1.6915367,       0.1441030,
 -27000.0000000,  -53043.5000000,
     -1.7787670,       1.7112419,       0.1431299,
 -27000.0000000,  -52885.0000000,
     -1.7824161,       1.7243787,       0.1437786,
 -27000.0000000,  -52586.0000000,
     -1.7612513,       1.7842241,       0.1434543,
 -27000.0000000,  -52415.5000000,
     -1.7656302,       1.7258383,       0.1431299,
 -27000.0000000,  -52180.0000000,
     -1.7247602,       1.7608698,       0.1431299,
 -27000.0000000,  -51880.5000000,
     -1.7590618,       1.7411646,       0.1424812,
 -27000.0000000,  -51684.0000000,
     -1.7035953,       1.7630593,       0.1428055,
 -27000.0000000,  -51424.0000000,
     -1.7123532,       1.7265682,       0.1421568,
 -27000.0000000,  -51189.0000000,
     -1.6992164,       1.7032138,       0.1424812,
 -27000.0000000,  -50953.5000000,
     -1.7247602,       1.8031995,       0.1428055,
 -27000.0000000,  -50718.5000000,
     -1.6977568,       1.7608698,       0.1415081,
 -27000.0000000,  -50509.5000000,
     -1.7196514,       1.7805750,       0.1418324,
 -27000.0000000,  -50236.0000000,
     -1.7787670,       1.7856837,       0.1415081,
 -27000.0000000,  -50039.0000000,
     -1.7116234,       1.8002802,       0.1415081,
 -27000.0000000,  -49779.0000000,
     -1.6817007,       1.7433541,       0.1408593,
 -27000.0000000,  -49544.0000000,
     -1.7590618,       1.7710873,       0.1411837,
 -27000.0000000,  -49333.5000000,
     -1.6948375,       1.7805750,       0.1405350,
 -27000.0000000,  -49098.5000000,
     -1.7641706,       1.7462733,       0.1405350,
 -27000.0000000,  -48825.0000000,
     -1.6926480,       1.7345962,       0.1398863,
 -27000.0000000,  -48603.5000000,
     -1.6941077,       1.8112275,       0.1395619,
 -27000.0000000,  -48355.0000000,
     -1.7481145,       1.7637891,       0.1398863,
 -27000.0000000,  -48158.0000000,
     -1.6999462,       1.7674382,       0.1395619,
 -27000.0000000,  -47884.5000000,
     -1.7495741,       1.8331222,       0.1382644,
 -27000.0000000,  -47663.0000000,
     -1.7539531,       1.8024696,       0.1392375,
 -27000.0000000,  -47414.0000000,
     -1.7240304,       1.7528417,       0.1376157,
 -27000.0000000,  -47192.5000000,
     -1.7233005,       1.8564765,       0.1372913,
 -27000.0000000,  -46982.5000000,
     -1.7393566,       1.8528274,       0.1376157,
 -27000.0000000,  -46747.5000000,
     -1.7408163,       1.7973609,       0.1369670,
 -27000.0000000,  -46475.0000000,
     -1.6714832,       1.7601400,       0.1369670,
 -27000.0000000,  -46316.5000000,
     -1.6941077,       1.7659785,       0.1363182,
 -27000.0000000,  -46069.5000000,
     -1.6598060,       1.8134170,       0.1353451,
 -27000.0000000,  -45807.5000000,
     -1.6992164,       1.7302173,       0.1353451,
 -27000.0000000,  -45560.5000000,
     -1.6970269,       1.7572207,       0.1343720,
 -27000.0000000,  -45364.0000000,
     -1.6941077,       1.7783855,       0.1330746,
 -27000.0000000,  -45077.5000000,
     -1.7189216,       1.8192556,       0.1340477,
 -27000.0000000,  -44828.5000000,
     -1.6809709,       1.8068486,       0.1337233,
 -27000.0000000,  -44593.5000000,
     -1.7072445,       1.8353116,       0.1333989,
 -27000.0000000,  -44423.5000000,
     -1.6590762,       1.8287432,       0.1317771,
 -27000.0000000,  -44123.5000000,
     -1.7167321,       1.8177959,       0.1346964,
 -27000.0000000,  -43914.5000000,
     -1.7269496,       1.7820346,       0.1330746,
 -27000.0000000,  -43718.0000000,
     -1.7218409,       1.7287576,       0.1304797,
 -27000.0000000,  -43483.0000000,
     -1.7371672,       1.7820346,       0.1337233,
 -27000.0000000,  -43248.0000000,
     -1.7043252,       1.7740066,       0.1321015,
 -27000.0000000,  -42947.5000000,
     -1.7495741,       1.8586659,       0.1330746,
 -27000.0000000,  -42777.5000000,
     -1.6911884,       1.7951714,       0.1317771,
 -27000.0000000,  -42542.5000000,
     -1.6809709,       1.8294731,       0.1308040,
 -27000.0000000,  -42230.5000000,
     -1.6897287,       1.8396906,       0.1317771,
 -27000.0000000,  -42073.5000000,
     -1.6503183,       1.7900627,       0.1298309,
 -27000.0000000,  -41759.5000000,
     -1.7327882,       1.8302029,       0.1304797,
 -27000.0000000,  -41588.5000000,
     -1.6809709,       1.7820346,       0.1314528,
 -27000.0000000,  -41302.0000000,
     -1.6926480,       1.8243643,       0.1301553,
 -27000.0000000,  -41118.5000000,
     -1.6795112,       1.7798452,       0.1308040,
 -27000.0000000,  -40832.0000000,
     -1.7174620,       1.8418800,       0.1304797,
 -27000.0000000,  -40648.5000000,
     -1.7298689,       1.8104977,       0.1295066,
 -27000.0000000,  -40427.0000000,
     -1.6692937,       1.7637891,       0.1298309,
 -27000.0000000,  -40192.0000000,
     -1.6320728,       1.7937118,       0.1288578,
 -27000.0000000,  -39891.5000000,
     -1.6911884,       1.8345818,       0.1282091,
 -27000.0000000,  -39694.5000000,
     -1.6503183,       1.8323924,       0.1301553,
 -27000.0000000,  -39408.0000000,
     -1.7284093,       1.8221748,       0.1285335,
 -27000.0000000,  -39173.0000000,
     -1.7262198,       1.8484484,       0.1282091,
 -27000.0000000,  -39027.5000000,
     -1.6612657,       1.8104977,       0.1291822,
 -27000.0000000,  -38754.0000000,
     -1.6970269,       1.8659642,       0.1278847,
 -27000.0000000,  -38507.5000000,
     -1.6817007,       1.8557467,       0.1285335,
 -27000.0000000,  -38323.5000000,
     -1.6933778,       1.8579361,       0.1288578,
 -27000.0000000,  -38037.0000000,
     -1.7378970,       1.8389607,       0.1275604,
 -27000.0000000,  -37853.0000000,
     -1.7233005,       1.8812904,       0.1282091,
 -27000.0000000,  -37566.5000000,
     -1.7327882,       1.8316625,       0.1278847,
 -27000.0000000,  -37383.0000000,
     -1.6933778,       1.8608554,       0.1262629,
 -27000.0000000,  -37096.5000000,
     -1.6627253,       1.8834799,       0.1278847,
 -27000.0000000,  -36912.5000000,
     -1.6831603,       1.8367713,       0.1265873,
 -27000.0000000,  -36626.5000000,
     -1.6422903,       1.8126872,       0.1269116,
 -27000.0000000,  -36442.5000000,
     -1.6707534,       1.8615852,       0.1272360,
 -27000.0000000,  -36169.0000000,
     -1.7196514,       1.8411502,       0.1259385,
 -27000.0000000,  -35972.0000000,
     -1.6546973,       1.8104977,       0.1259385,
 -27000.0000000,  -35685.5000000,
     -1.7532232,       1.8404204,       0.1269116,
 -27000.0000000,  -35501.5000000,
     -1.7203812,       1.8666940,       0.1246411,
 -27000.0000000,  -35215.5000000,
     -1.6824305,       1.8491783,       0.1252898,
 -27000.0000000,  -35031.5000000,
     -1.6612657,       1.8586659,       0.1243167,
 -27000.0000000,  -34745.0000000,
     -1.6722130,       1.8812904,       0.1236680,
 -27000.0000000,  -34511.5000000,
     -1.6539674,       1.7966311,       0.1249654,
 -27000.0000000,  -34327.5000000,
     -1.6795112,       1.8572063,       0.1230193,
 -27000.0000000,  -34054.0000000,
     -1.6685639,       1.8236345,       0.1220462,
 -27000.0000000,  -33805.5000000,
     -1.6992164,       1.8608554,       0.1233436,
 -27000.0000000,  -33621.5000000,
     -1.6992164,       1.8367713,       0.1210731,
 -27000.0000000,  -33335.5000000,
     -1.6853498,       1.8010100,       0.1204243,
 -27000.0000000,  -33151.5000000,
     -1.6889989,       1.7929820,       0.1207487,
 -27000.0000000,  -32865.0000000,
     -1.6357219,       1.7448137,       0.1175050,
 -27000.0000000,  -32681.5000000,
     -1.6262342,       1.7265682,       0.1178294,
 -27000.0000000,  -32395.0000000,
     -1.6473991,       1.7747364,       0.1181538,
 -27000.0000000,  -32238.0000000,
     -1.5736870,       1.7426242,       0.1155589,
 -27000.0000000,  -31976.0000000,
     -1.6152869,       1.8623151,       0.1171807,
 -27000.0000000,  -31740.5000000,
     -1.6342623,       1.7667084,       0.1178294,
 -27000.0000000,  -31454.5000000,
     -1.6313430,       1.8002802,       0.1142614,
 -27000.0000000,  -31270.5000000,
     -1.5882835,       1.7353260,       0.1162076,
 -27000.0000000,  -30984.0000000,
     -1.6087185,       1.7834943,       0.1145858,
 -27000.0000000,  -30827.0000000,
     -1.5590906,       1.7302173,       0.1126396,
 -27000.0000000,  -30515.0000000,
     -1.5707677,       1.7907925,       0.1139370,
 -27000.0000000,  -30331.5000000,
     -1.5970413,       1.7477330,       0.1123152,
 -27000.0000000,  -30045.0000000,
     -1.5780660,       1.7491926,       0.1113421,
 -27000.0000000,  -29887.5000000,
     -1.5569011,       1.7185401,       0.1119908,
 -27000.0000000,  -29574.5000000,
     -1.5583608,       1.7411646,       0.1103690,
 -27000.0000000,  -29390.5000000,
     -1.4758909,       1.7506523,       0.1100446,
 -27000.0000000,  -29182.0000000,
     -1.5532520,       1.7294874,       0.1110177,
 -27000.0000000,  -28895.5000000,
     -1.5386556,       1.7207296,       0.1077741,
 -27000.0000000,  -28685.0000000,
     -1.4992452,       1.6791297,       0.1074497,
 -27000.0000000,  -28399.0000000,
     -1.5153013,       1.6995647,       0.1084228,
 -27000.0000000,  -28215.0000000,
     -1.5043539,       1.6667227,       0.1055035,
 -27000.0000000,  -27941.5000000,
     -1.4875680,       1.7105121,       0.1064766,
 -27000.0000000,  -27706.0000000,
     -1.5225995,       1.7054033,       0.1064766,
 -27000.0000000,  -27471.0000000,
     -1.4642137,       1.7309471,       0.1045304,
 -27000.0000000,  -27223.0000000,
     -1.4430489,       1.6995647,       0.1064766,
 -27000.0000000,  -27039.0000000,
     -1.4780803,       1.6214738,       0.1055035,
 -27000.0000000,  -26804.0000000,
     -1.4868382,       1.6747508,       0.1035573,
 -27000.0000000,  -26596.0000000,
     -1.4189648,       1.5966598,       0.1042061,
 -27000.0000000,  -26284.0000000,
     -1.4715119,       1.6200141,       0.1025842,
 -27000.0000000,  -26100.0000000,
     -1.4817295,       1.5988493,       0.1006380,
 -27000.0000000,  -25813.5000000,
     -1.4423191,       1.6170948,       0.1025842,
 -27000.0000000,  -25629.5000000,
     -1.4123964,       1.6331509,       0.1003137,
 -27000.0000000,  -25343.0000000,
     -1.4284525,       1.6397193,       0.1012868,
 -27000.0000000,  -25172.0000000,
     -1.4758909,       1.6265825,       0.1038817,
 -27000.0000000,  -24924.0000000,
     -1.4109367,       1.5827932,       0.0999893,
 -27000.0000000,  -24638.0000000,
     -1.4583752,       1.6448281,       0.1009624,
 -27000.0000000,  -24454.0000000,
     -1.4912171,       1.6696420,       0.1032330,
 -27000.0000000,  -24167.5000000,
     -1.4700523,       1.6608842,       0.0999893,
 -27000.0000000,  -23983.5000000,
     -1.5225995,       1.6579649,       0.1022599,
 -27000.0000000,  -23748.5000000,
     -1.4773505,       1.6389895,       0.1029086,
 -27000.0000000,  -23476.0000000,
     -1.4715119,       1.5966598,       0.1006380,
 -27000.0000000,  -23227.0000000,
     -1.4182349,       1.6338808,       0.1019355,
 -27000.0000000,  -22978.5000000,
     -1.3583895,       1.6258527,       0.1009624,
 -27000.0000000,  -22795.5000000,
     -1.5160311,       1.6039581,       0.1006380,
 -27000.0000000,  -22515.5000000,
     -1.4715119,       1.7265682,       0.1016111,
 -27000.0000000,  -22337.0000000,
     -1.4459682,       1.6200141,       0.1009624,
 -27000.0000000,  -22049.0000000,
     -1.4131262,       1.7083226,       0.1009624,
 -27000.0000000,  -21886.0000000,
     -1.4941364,       1.6455579,       0.1012868,
 -27000.0000000,  -21617.0000000,
     -1.4262630,       1.6316913,       0.0996649,
 -27000.0000000,  -21446.0000000,
     -1.4335612,       1.6003089,       0.0999893,
 -27000.0000000,  -21229.5000000,
     -1.4138560,       1.6185545,       0.0996649,
 -27000.0000000,  -20969.0000000,
     -1.3547404,       1.5747652,       0.0993406,
 -27000.0000000,  -20804.0000000,
     -1.3379545,       1.6192843,       0.0957726,
 -27000.0000000,  -20560.5000000,
     -1.4948663,       1.5871721,       0.0973944,
 -27000.0000000,  -20388.0000000,
     -1.4080174,       1.5973897,       0.0980431,
 -27000.0000000,  -20140.5000000,
     -1.4634839,       1.6163650,       0.0980431,
 -27000.0000000,  -20005.5000000,
     -1.3693369,       1.5258671,       0.0980431,
 -27000.0000000,  -19741.5000000,
     -1.4050981,       1.5879020,       0.0986919,
 -27000.0000000,  -19588.5000000,
     -1.4649436,       1.5871721,       0.0980431,
 -27000.0000000,  -19353.0000000,
     -1.3109511,       1.5608986,       0.0970700,
 -27000.0000000,  -19203.0000000,
     -1.3875824,       1.4922953,       0.0970700,
 -27000.0000000,  -18974.5000000,
     -1.4342910,       1.5915511,       0.0964213,
 -27000.0000000,  -18829.5000000,
     -1.3328458,       1.5090812,       0.0951238,
 -27000.0000000,  -18617.0000000,
     -1.3481720,       1.5484916,       0.0944751,
 -27000.0000000,  -18465.0000000,
     -1.3452527,       1.5536003,       0.0967457,
 -27000.0000000,  -18247.0000000,
     -1.4138560,       1.6586947,       0.0951238,
 -27000.0000000,  -18109.5000000,
     -1.3000038,       1.5163794,       0.0938264,
 -27000.0000000,  -17898.5000000,
     -1.3832035,       1.5353548,       0.0954482,
 -27000.0000000,  -17764.5000000,
     -1.2978143,       1.5010531,       0.0931776,
 -27000.0000000,  -17559.5000000,
     -1.3175195,       1.5054321,       0.0928533,
 -27000.0000000,  -17430.0000000,
     -1.2788389,       1.4922953,       0.0931776,
 -27000.0000000,  -17231.5000000,
     -1.3131406,       1.4674813,       0.0915558,
 -27000.0000000,  -17123.0000000,
     -1.2584039,       1.4711304,       0.0912314,
 -27000.0000000,  -16920.0000000,
     -1.3021932,       1.5441126,       0.0909071,
 -27000.0000000,  -16790.0000000,
     -1.2175339,       1.4674813,       0.0886365,
 -27000.0000000,  -16603.5000000,
     -1.2299409,       1.4645620,       0.0909071,
 -27000.0000000,  -16486.0000000,
     -1.2357794,       1.4222324,       0.0909071,
 -27000.0000000,  -16305.0000000,
     -1.2883266,       1.4448568,       0.0896096,
 -27000.0000000,  -16191.5000000,
     -1.2562145,       1.5068917,       0.0909071,
 -27000.0000000,  -16048.0000000,
     -1.2299409,       1.4003377,       0.0899340,
 -27000.0000000,  -15876.0000000,
     -1.1496604,       1.4579936,       0.0892853,
 -27000.0000000,  -15768.0000000,
     -1.1182781,       1.4266113,       0.0899340,
 -27000.0000000,  -15602.5000000,
     -1.2467268,       1.4273411,       0.0892853,
 -27000.0000000,  -15498.5000000,
     -1.1956392,       1.4339095,       0.0883122,
 -27000.0000000,  -15339.5000000,
     -1.2153444,       1.4594533,       0.0896096,
 -27000.0000000,  -15238.5000000,
     -1.2102357,       1.4032570,       0.0879878,
 -27000.0000000,  -15072.0000000,
     -1.2481864,       1.4528849,       0.0886365,
 -27000.0000000,  -14989.0000000,
     -1.1927199,       1.4127447,       0.0886365,
 -27000.0000000,  -14842.5000000,
     -1.2197234,       1.4032570,       0.0876634,
 -27000.0000000,  -14749.5000000,
     -1.1248465,       1.4025272,       0.0876634,
 -27000.0000000,  -14615.0000000,
     -1.1992883,       1.3988781,       0.0879878,
 -27000.0000000,  -14533.0000000,
     -1.1270360,       1.4054465,       0.0866903,
 -27000.0000000,  -14385.5000000,
     -1.1657165,       1.3872009,       0.0873391,
 -27000.0000000,  -14295.0000000,
     -1.1978287,       1.3806325,       0.0870147,
 -27000.0000000,  -14172.0000000,
     -1.1562288,       1.3353835,       0.0857172,
 -27000.0000000,  -14091.5000000,
     -1.1284956,       1.4076359,       0.0863660,
 -27000.0000000,  -13990.5000000,
     -1.1263061,       1.3952289,       0.0860416,
 -27000.0000000,  -13870.5000000,
     -1.1321447,       1.3696852,       0.0857172,
 -27000.0000000,  -13795.5000000,
     -1.1657165,       1.3711448,       0.0866903,
 -27000.0000000,  -13682.0000000,
     -1.2146146,       1.3784430,       0.0853929,
 -27000.0000000,  -13611.0000000,
     -1.1554990,       1.3404923,       0.0847441,
 -27000.0000000,  -13504.0000000,
     -1.1927199,       1.4309902,       0.0863660,
 -27000.0000000,  -13446.0000000,
     -1.1591481,       1.4288008,       0.0853929,
 -27000.0000000,  -13330.5000000,
     -1.1014922,       1.3930395,       0.0850685,
 -27000.0000000,  -13272.0000000,
     -1.2065866,       1.4652919,       0.0860416,
 -27000.0000000,  -13177.0000000,
     -1.0788677,       1.4769690,       0.0850685,
 -27000.0000000,  -13126.0000000,
     -1.2467268,       1.4528849,       0.0857172,
 -27000.0000000,  -13028.5000000,
     -1.1591481,       1.4193131,       0.0853929,
 -27000.0000000,  -12981.0000000,
     -1.1985585,       1.3696852,       0.0844198,
 -27000.0000000,  -12886.0000000,
     -1.1679060,       1.3747939,       0.0847441,
 -27000.0000000,  -12846.0000000,
     -1.1029518,       1.4222324,       0.0853929,
 -27000.0000000,  -12762.0000000,
     -1.1452815,       1.3273555,       0.0847441,
 -27000.0000000,  -12721.0000000,
     -1.1175483,       1.3237064,       0.0847441,
 -27000.0000000,  -12646.5000000,
     -1.1226570,       1.3331941,       0.0840954,
 -27000.0000000,  -12606.0000000,
     -1.1496604,       1.2879451,       0.0844198,
 -27000.0000000,  -12541.0000000,
     -1.1657165,       1.3134889,       0.0844198,
 -27000.0000000,  -12498.5000000,
     -1.1970989,       1.2850258,       0.0834467,
 -27000.0000000,  -12436.5000000,
     -1.1058711,       1.3667659,       0.0834467,
 -27000.0000000,  -12406.0000000,
     -1.1562288,       1.3149485,       0.0837710,
 -27000.0000000,  -12353.0000000,
     -1.1409026,       1.3353835,       0.0834467,
 -27000.0000000,  -12316.5000000,
     -1.1569587,       1.3375730,       0.0837710,
 -27000.0000000,  -12280.0000000,
     -1.0825168,       1.2930539,       0.0840954,
 -27000.0000000,  -12236.5000000,
     -1.1277658,       1.3609273,       0.0837710,
 -27000.0000000,  -12199.5000000,
     -1.1562288,       1.3120292,       0.0831223,
 -27000.0000000,  -12179.0000000,
     -1.0759484,       1.2996223,       0.0834467,
 -27000.0000000,  -12150.5000000,
     -1.0628116,       1.3266257,       0.0827980,
 -27000.0000000,  -12117.5000000,
     -1.1138992,       1.2959732,       0.0834467,
 -27000.0000000,  -12100.5000000,
     -1.0438363,       1.3215169,       0.0831223,
 -27000.0000000,  -12074.0000000,
     -1.0825168,       1.3740641,       0.0827980,
 -27000.0000000,  -12061.0000000,
     -1.0686502,       1.2857556,       0.0837710,
 -27000.0000000,  -12045.0000000,
     -1.0438363,       1.3872009,       0.0831223,
 -27000.0000000,  -12031.5000000,
     -1.1175483,       1.3397625,       0.0827980,
 -27000.0000000,  -12017.5000000,
     -1.1029518,       1.3032714,       0.0831223,
 -27000.0000000,  -12012.0000000,
     -1.0730291,       1.3266257,       0.0831223,
 -27000.0000000,  -12004.0000000,
     -1.1014922,       1.2164225,       0.0827980,
 -27000.0000000,  -12002.0000000,
     -1.0803274,       1.3412221,       0.0821492,
 -27000.0000000,  -12000.0000000,
     -1.1138992,       1.3463309,       0.0837710,
 -27000.0000000,  -12000.5000000,
     -1.0394573,       1.2791872,       0.0821492,
 -27000.0000000,  -12000.5000000,
     -1.0934642,       1.3258959,       0.0831223,
 -27000.0000000,  -12000.5000000,
     -1.0445661,       1.2952433,       0.0831223,
 -27000.0000000,  -12000.5000000,
     -1.1241167,       1.2317488,       0.0821492,
 -27000.0000000,  -12000.5000000,
     -1.0314293,       1.2645908,       0.0831223,
 -27000.0000000,  -12000.5000000,
     -1.0540538,       1.3463309,       0.0827980,
 -27000.0000000,  -12000.5000000,
     -1.0752186,       1.3215169,       0.0824736,
 -27000.0000000,  -12000.5000000,
     -1.1343342,       1.2923240,       0.0837710,
 -27000.0000000,  -12000.0000000,
     -1.1445517,       1.3346537,       0.0827980,
 -27000.0000000,  -12000.0000000,
     -1.0927343,       1.3324643,       0.0824736,
 -27000.0000000,  -12000.0000000,
     -1.0518643,       1.3244362,       0.0831223,
 -27000.0000000,  -12000.0000000,
     -1.0409170,       1.2908644,       0.0831223,
 -27000.0000000,  -12000.0000000,
     -1.1007624,       1.3134889,       0.0827980,
 -27000.0000000,  -12000.0000000,
     -1.0795975,       1.3609273,       0.0837710,
 -27000.0000000,  -12000.0000000,
     -1.0511345,       1.2806469,       0.0827980,
 -27000.0000000,  -12000.0000000,
     -1.1284956,       1.2806469,       0.0827980,
 -27000.0000000,  -12000.0000000,
     -1.0598923,       1.2594820,       0.0827980,
 -27000.0000000,  -12000.0000000,
     -1.0401871,       1.2908644,       0.0827980,
 -27000.0000000,  -12000.0000000,
     -1.0591625,       1.2864855,       0.0824736,
 -27000.0000000,  -12000.0000000,
     -1.0759484,       1.3456010,       0.0834467,
 -27000.0000000,  -12000.0000000,
     -1.1022220,       1.2967030,       0.0824736,
 -27000.0000000,  -12000.0000000,
     -1.0657309,       1.2448856,       0.0831223,
 -27000.0000000,  -12000.0000000,
     -1.0803274,       1.3047310,       0.0831223,
 -27000.0000000,  -12000.0000000,
     -1.0868958,       1.3229766,       0.0827980,
 -27000.0000000,  -12000.0000000,
     -1.0496748,       1.3448712,       0.0834467,
 -27000.0000000,  -12000.0000000,
     -1.0876256,       1.2945135,       0.0824736,
 -27000.0000000,  -12000.0000000,
     -1.1430920,       1.2974328,       0.0827980,
 -27000.0000000,  -12000.0000000,
     -1.1576885,       1.2069349,       0.0827980,
 -27000.0000000,  -12000.0000000,
     -1.0993027,       1.2346681,       0.0827980,
 -27000.0000000,  -12000.0000000,
     -1.0912747,       1.2507242,       0.0821492,
 -27000.0000000,  -12000.0000000,
     -1.0744888,       1.3215169,       0.0831223,
 -27000.0000000,  -12000.0000000,
     -1.1525797,       1.2842960,       0.0827980,
 -27000.0000000,  -12000.0000000,
     -1.0598923,       1.2908644,       0.0821492,
 -27000.0000000,  -12000.0000000,
     -1.0620818,       1.3434116,       0.0831223,
 -27000.0000000,  -12000.0000000,
     -1.1146290,       1.3193275,       0.0824736,
 -27000.0000000,  -12000.0000000,
     -1.2043971,       1.3375730,       0.0827980,
 -27000.0000000,  -12000.0000000,
     -1.0482152,       1.3258959,       0.0827980,
 -27000.0000000,  -12000.0000000,
     -1.0708397,       1.2441558,       0.0827980,
 -27000.0000000,  -12000.0000000,
     -1.0504047,       1.2718890,       0.0831223,
 -27000.0000000,  -12000.0000000,
     -1.0985729,       1.3076503,       0.0827980,
 -27000.0000000,  -12000.0000000,
     -1.0606222,       1.3419519,       0.0821492,
 -27000.0000000,  -12000.0000000,
     -1.0708397,       1.3076503,       0.0837710,
 -27000.0000000,  -12000.0000000,
     -1.1160886,       1.2879451,       0.0824736,
 -27000.0000000,  -12000.0000000,
     -1.0774081,       1.2791872,       0.0827980,
 -27000.0000000,  -12000.0000000,
     -1.1423622,       1.3368432,       0.0831223,
 -27000.0000000,  -12000.0000000,
     -1.0409170,       1.3091099,       0.0831223,
 -27000.0000000,  -12000.0000000,
     -1.0635414,       1.2967030,       0.0827980,
 -27000.0000000,  -12000.0000000,
     -1.0569731,       1.2273699,       0.0831223,
 -27000.0000000,  -12000.0000000,
     -1.0504047,       1.2580224,       0.0827980,
 -27000.0000000,  -12000.0000000,
     -1.1190079,       1.3653062,       0.0824736,
 -27000.0000000,  -12000.0000000,
     -1.1080606,       1.3324643,       0.0831223,
 -27000.0000000,  -12000.0000000,
     -1.0533239,       1.3207871,       0.0824736,
 -27000.0000000,  -12000.0000000,
     -1.0657309,       1.2689697,       0.0827980,
 -27000.0000000,  -12000.0000000,
     -1.0949238,       1.2653206,       0.0827980,
 -27000.0000000,  -12000.0000000,
     -1.0971133,       1.2988924,       0.0821492,
 -27000.0000000,  -12000.0000000,
     -0.9942084,       1.3025415,       0.0824736,
 -27000.0000000,  -12000.0000000,
     -1.1109799,       1.2682399,       0.0827980,
 -27000.0000000,  -12000.0000000,
     -1.0868958,       1.2397769,       0.0827980,
 -27000.0000000,  -12000.0000000,
     -1.0956536,       1.3383028,       0.0831223,
 -27000.0000000,  -12000.0000000,
     -1.1146290,       1.2645908,       0.0827980,
 -27000.0000000,  -12000.0000000,
     -1.1306851,       1.3149485,       0.0827980,
 -27000.0000000,  -12000.0000000,
     -1.2051269,       1.3390327,       0.0827980,
 -27000.0000000,  -12000.0000000,
     -1.1401728,       1.2886749,       0.0827980,
 -27000.0000000,  -12000.0000000,
     -1.0489450,       1.2835662,       0.0827980,
 -27000.0000000,  -12000.0000000,
     -1.0861659,       1.3149485,       0.0831223,
 -27000.0000000,  -12000.0000000,
     -1.0598923,       1.3273555,       0.0821492,
 -27000.0000000,  -12000.0000000,
     -1.0379977,       1.2959732,       0.0827980,
 -27000.0000000,  -12000.0000000,
     -1.1066009,       1.2937837,       0.0831223,
 -27000.0000000,  -12000.0000000,
     -1.1014922,       1.2361277,       0.0827980,
 -27000.0000000,  -12000.0000000,
     -1.0788677,       1.3237064,       0.0824736,
 -27000.0000000,  -12000.0000000,
     -1.1168185,       1.2536435,       0.0831223,
 -27000.0000000,  -12000.0000000,
     -1.1036817,       1.2142331,       0.0827980,
 -27000.0000000,  -12000.0000000,
     -1.1255763,       1.2689697,       0.0827980,
 -27000.0000000,  -12000.0000000,
     -1.0956536,       1.3331941,       0.0824736,
 -27000.0000000,  -12000.0000000,
     -1.1233869,       1.2507242,       0.0824736,
 -27000.0000000,  -12000.0000000,
     -1.1175483,       1.2835662,       0.0824736,
 -27000.0000000,  -12000.0000000,
     -1.1350640,       1.2857556,       0.0831223,
 -27000.0000000,  -12000.0000000,
     -1.1226570,       1.3572782,       0.0827980,
 -27000.0000000,  -12000.0000000,
     -1.0788677,       1.3120292,       0.0827980,
 -27000.0000000,  -12000.0000000,
     -1.0168328,       1.2981626,       0.0827980,
 -27000.0000000,  -12000.0000000,
     -1.1277658,       1.3207871,       0.0827980,
 -27000.0000000,  -12000.0000000,
     -1.0876256,       1.3383028,       0.0834467,
 -27000.0000000,  -12000.0000000,
     -1.1306851,       1.3587378,       0.0827980,
 -27000.0000000,  -12000.0000000,
     -1.0810572,       1.3083801,       0.0827980,
 -27000.0000000,  -12000.0000000,
     -1.0912747,       1.3463309,       0.0827980,
 -27000.0000000,  -12000.0000000,
     -1.0562432,       1.3112994,       0.0831223,
 -27000.0000000,  -12000.0000000,
     -1.1525797,       1.3820922,       0.0827980,
 -27000.0000000,  -12000.0000000,
     -1.1525797,       1.2988924,       0.0827980,
 -27000.0000000,  -12000.0000000,
     -1.0912747,       1.2740785,       0.0831223,
 -27000.0000000,  -12000.0000000,
     -1.1109799,       1.3631168,       0.0824736,
 -27000.0000000,  -12000.0000000,
     -1.0628116,       1.3091099,       0.0831223,
 -27000.0000000,  -12000.0000000,
     -1.0861659,       1.2777276,       0.0824736,
 -27000.0000000,  -12000.0000000,
