      0.2720328,       0.5968036,       0.2067055,
  -8000.0000000,  -12000.0000000,
      0.2683837,       0.5982633,       0.2063811,
  -8000.0000000,  -12000.0000000,
      0.2588960,       0.6179685,       0.2067055,
  -8000.0000000,  -12000.0000000,
      0.2311628,       0.6004528,       0.2070299,
  -8000.0000000,  -12000.0000000,
      0.2567066,       0.5931545,       0.2060568,
  -8000.0000000,  -12000.0000000,
      0.2698434,       0.6099404,       0.2067055,
  -8000.0000000,  -12000.0000000,
      0.2669241,       0.6048317,       0.2067055,
  -8000.0000000,  -12001.0000000,
      0.3187415,       0.6223474,       0.2067055,
  -8000.0000000,  -12006.5000000,
      0.2574364,       0.6398631,       0.2070299,
  -8000.0000000,  -12011.5000000,
      0.2880889,       0.6420526,       0.2063811,
  -8000.0000000,  -12023.0000000,
      0.2304330,       0.6245369,       0.2067055,
  -8000.0000000,  -12033.0000000,
      0.2924679,       0.6245369,       0.2063811,
  -8000.0000000,  -12051.0000000,
      0.2632750,       0.6165088,       0.2070299,
  -8000.0000000,  -12064.0000000,
      0.2873591,       0.6478912,       0.2060568,
  -8000.0000000,  -12087.5000000,
      0.2464891,       0.6259965,       0.2070299,
  -8000.0000000,  -12115.5000000,
      0.2749521,       0.6208878,       0.2067055,
  -8000.0000000,  -12134.5000000,
      0.2771416,       0.6172387,       0.2067055,
  -8000.0000000,  -12154.5000000,
      0.2216751,       0.6194281,       0.2070299,
  -8000.0000000,  -12188.5000000,
      0.2961170,       0.6230772,       0.2067055,
  -8000.0000000,  -12217.0000000,
      0.2406505,       0.6318351,       0.2063811,
  -8000.0000000,  -12259.0000000,
      0.2822503,       0.6259965,       0.2067055,
  -8000.0000000,  -12288.0000000,
      0.2756820,       0.5603125,       0.2063811,
  -8000.0000000,  -12334.0000000,
      0.2333523,       0.6391333,       0.2067055,
  -8000.0000000,  -12378.5000000,
      0.2326225,       0.6267263,       0.2076786,
  -8000.0000000,  -12413.5000000,
      0.2311628,       0.5960738,       0.2076786,
  -8000.0000000,  -12470.5000000,
      0.2720328,       0.6179685,       0.2076786,
  -8000.0000000,  -12509.5000000,
      0.2508680,       0.5522845,       0.2080030,
  -8000.0000000,  -12573.0000000,
      0.2282435,       0.6004528,       0.2083273,
  -8000.0000000,  -12615.5000000,
      0.1793454,       0.6019124,       0.2093004,
  -8000.0000000,  -12685.0000000,
      0.2151067,       0.5807476,       0.2099492,
  -8000.0000000,  -12731.5000000,
      0.2012401,       0.6223474,       0.2115710,
  -8000.0000000,  -12807.0000000,
      0.1756963,       0.5552038,       0.2131928,
  -8000.0000000,  -12850.0000000,
      0.1727770,       0.5734493,       0.2157877,
  -8000.0000000,  -12939.0000000,
      0.1158509,       0.5457161,       0.2203289,
  -8000.0000000,  -12993.5000000,
      0.0720616,       0.5274706,       0.2248700,
  -8000.0000000,  -13085.5000000,
      0.0800896,       0.5369582,       0.2297354,
  -8000.0000000,  -13139.5000000,
      0.0209741,       0.5194425,       0.2368715,
  -8000.0000000,  -13233.0000000,
     -0.0520081,       0.5413372,       0.2436832,
  -8000.0000000,  -13295.5000000,
     -0.0534678,       0.5559336,       0.2514679,
  -8000.0000000,  -13395.5000000,
     -0.0921483,       0.5289302,       0.2579552,
  -8000.0000000,  -13461.5000000,
     -0.1038255,       0.5376881,       0.2650913,
  -8000.0000000,  -13568.0000000,
     -0.1052851,       0.5573933,       0.2689837,
  -8000.0000000,  -13627.5000000,
     -0.1366675,       0.5573933,       0.2751466,
  -8000.0000000,  -13729.5000000,
     -0.0965273,       0.5741792,       0.2809852,
  -8000.0000000,  -13845.0000000,
     -0.0994466,       0.5916949,       0.2848776,
  -8000.0000000,  -13910.0000000,
     -0.0979869,       0.6084808,       0.2884456,
  -8000.0000000,  -14042.5000000,
     -0.1074746,       0.6208878,       0.2907161,
  -8000.0000000,  -14122.0000000,
     -0.1052851,       0.6194281,       0.2936354,
  -8000.0000000,  -14249.5000000,
     -0.0819308,       0.6581087,       0.2952572,
  -8000.0000000,  -14333.5000000,
     -0.0841203,       0.6821928,       0.2962303,
  -8000.0000000,  -14467.0000000,
     -0.1074746,       0.6646771,       0.2965547,
  -8000.0000000,  -14555.0000000,
     -0.1089343,       0.7033577,       0.2936354,
  -8000.0000000,  -14688.0000000,
     -0.1162325,       0.7121155,       0.2852019,
  -8000.0000000,  -14772.5000000,
     -0.1563727,       0.7675820,       0.2777415,
  -8000.0000000,  -14904.5000000,
     -0.0855799,       0.7610136,       0.2689837,
  -8000.0000000,  -15060.0000000,
     -0.0863098,       0.7303611,       0.2605502,
  -8000.0000000,  -15151.0000000,
     -0.0644151,       0.7259821,       0.2491974,
  -8000.0000000,  -15306.0000000,
     -0.0629555,       0.7391189,       0.2371959,
  -8000.0000000,  -15407.0000000,
      0.0173250,       0.7143050,       0.2277893,
  -8000.0000000,  -15568.0000000,
      0.0633037,       0.6588385,       0.2193558,
  -8000.0000000,  -15673.5000000,
      0.1333667,       0.6325649,       0.2141659,
  -8000.0000000,  -15825.0000000,
      0.1888331,       0.5902352,       0.2102735,
  -8000.0000000,  -15973.0000000,
      0.2260541,       0.5537441,       0.2073542,
  -8000.0000000,  -16075.5000000,
      0.2399207,       0.5676108,       0.2063811,
  -8000.0000000,  -16220.0000000,
      0.2231348,       0.5274706,       0.2067055,
  -8000.0000000,  -16383.5000000,
      0.2224049,       0.5457161,       0.2063811,
  -8000.0000000,  -16565.5000000,
      0.2289733,       0.5347688,       0.2037862,
  -8000.0000000,  -16667.0000000,
      0.2297032,       0.5500950,       0.2028131,
  -8000.0000000,  -16872.5000000,
      0.2012401,       0.5369582,       0.2063811,
  -8000.0000000,  -17047.0000000,
      0.2070787,       0.5303898,       0.2067055,
  -8000.0000000,  -17136.5000000,
      0.2114576,       0.5435266,       0.2070299,
  -8000.0000000,  -17315.5000000,
      0.2129173,       0.5070355,       0.2083273,
  -8000.0000000,  -17506.5000000,
      0.2070787,       0.5559336,       0.2080030,
  -8000.0000000,  -17627.5000000,
      0.2457592,       0.5632318,       0.2067055,
  -8000.0000000,  -17853.0000000,
      0.1946717,       0.5573933,       0.2076786,
  -8000.0000000,  -17968.0000000,
      0.2253242,       0.5136039,       0.2067055,
  -8000.0000000,  -18200.5000000,
      0.2180260,       0.5136039,       0.2070299,
  -8000.0000000,  -18339.0000000,
      0.1932121,       0.4829514,       0.2067055,
  -8000.0000000,  -18537.5000000,
      0.2158365,       0.4508392,       0.2070299,
  -8000.0000000,  -18679.5000000,
      0.2099980,       0.4406217,       0.2031375,
  -8000.0000000,  -18915.0000000,
      0.2275137,       0.4216464,       0.2125441,
  -8000.0000000,  -19184.0000000,
      0.2442996,       0.4150780,       0.2164365,
  -8000.0000000,  -19323.0000000,
      0.2559768,       0.4179972,       0.2196801,
  -8000.0000000,  -19473.5000000,
      0.2640048,       0.4034008,       0.2235725,
  -8000.0000000,  -19690.0000000,
      0.2698434,       0.4311340,       0.2251943,
  -8000.0000000,  -19833.5000000,
      0.2151067,       0.4289446,       0.2248700,
  -8000.0000000,  -20033.0000000,
      0.2610855,       0.4318639,       0.2245456,
  -8000.0000000,  -20223.0000000,
      0.2370014,       0.4106990,       0.2245456,
  -8000.0000000,  -20426.5000000,
      0.1968612,       0.3917237,       0.2154634,
  -8000.0000000,  -20690.0000000,
      0.2333523,       0.4318639,       0.2225994,
  -8000.0000000,  -20841.0000000,
      0.2231348,       0.4318639,       0.2242212,
  -8000.0000000,  -21098.5000000,
      0.2399207,       0.4355130,       0.2229238,
  -8000.0000000,  -21278.5000000,
      0.2625452,       0.4070499,       0.2229238,
  -8000.0000000,  -21495.0000000,
      0.2078085,       0.3931833,       0.2225994,
  -8000.0000000,  -21749.5000000,
      0.2092681,       0.4077797,       0.2222750,
  -8000.0000000,  -21971.5000000,
      0.2202155,       0.3961026,       0.2219507,
  -8000.0000000,  -22160.0000000,
      0.1954015,       0.3588817,       0.2203289,
  -8000.0000000,  -22373.5000000,
      0.2267839,       0.3493940,       0.2203289,
  -8000.0000000,  -22615.5000000,
      0.1669385,       0.3245800,       0.2193558,
  -8000.0000000,  -22847.0000000,
      0.2063489,       0.3347975,       0.2190314,
  -8000.0000000,  -23081.0000000,
      0.1143913,       0.3187415,       0.2190314,
  -8000.0000000,  -23316.0000000,
      0.0932264,       0.3369870,       0.2187070,
  -8000.0000000,  -23537.5000000,
      0.1902928,       0.2895486,       0.2190314,
  -8000.0000000,  -23824.0000000,
      0.1165808,       0.3143625,       0.2190314,
  -8000.0000000,  -24021.0000000,
      0.1289877,       0.2961170,       0.2167608,
  -8000.0000000,  -24320.0000000,
      0.1851840,       0.3362572,       0.2187070,
  -8000.0000000,  -24491.0000000,
      0.0954159,       0.3019555,       0.2177339,
  -8000.0000000,  -24763.5000000,
      0.1559911,       0.3326081,       0.2187070,
  -8000.0000000,  -24998.5000000,
      0.1253386,       0.3063345,       0.2183827,
  -8000.0000000,  -25196.5000000,
      0.0611143,       0.2669241,       0.2183827,
  -8000.0000000,  -25431.5000000,
      0.0917668,       0.3041450,       0.2180583,
  -8000.0000000,  -25666.5000000,
      0.0684125,       0.2844398,       0.2193558,
  -8000.0000000,  -25902.0000000,
      0.0633037,       0.2742223,       0.2190314,
  -8000.0000000,  -26137.0000000,
      0.0779002,       0.2837100,       0.2180583,
  -8000.0000000,  -26410.0000000,
      0.0224337,       0.3092538,       0.2200045,
  -8000.0000000,  -26645.0000000,
      0.0538161,       0.2844398,       0.2180583,
  -8000.0000000,  -26880.0000000,
      0.0187846,       0.3012257,       0.2164365,
  -8000.0000000,  -27115.0000000,
      0.0377600,       0.2661943,       0.2138415,
  -8000.0000000,  -27350.0000000,
      0.0589248,       0.3172818,       0.2141659,
  -8000.0000000,  -27547.5000000,
      0.0414091,       0.2457592,       0.2128685,
  -8000.0000000,  -27783.0000000,
      0.0144057,       0.2742223,       0.2125441,
  -8000.0000000,  -28017.0000000,
      0.0545459,       0.2698434,       0.2135172,
  -8000.0000000,  -28252.0000000,
      0.0238934,       0.2377312,       0.2161121,
  -8000.0000000,  -28525.0000000,
     -0.0198960,       0.2304330,       0.2177339,
  -8000.0000000,  -28773.5000000,
      0.0231635,       0.2486785,       0.2193558,
  -8000.0000000,  -28957.5000000,
      0.0122162,       0.2720328,       0.2187070,
  -8000.0000000,  -29230.0000000,
      0.0019987,       0.2457592,       0.2196801,
  -8000.0000000,  -29427.5000000,
      0.0735213,       0.2406505,       0.2177339,
  -8000.0000000,  -29714.5000000,
      0.0538161,       0.2282435,       0.2167608,
  -8000.0000000,  -29898.5000000,
      0.0727914,       0.2180260,       0.2174096,
  -8000.0000000,  -30120.0000000,
      0.0895773,       0.2070787,       0.2200045,
  -8000.0000000,  -30369.5000000,
      0.0435985,       0.1859138,       0.2222750,
  -8000.0000000,  -30656.0000000,
      0.0428687,       0.1297175,       0.2248700,
  -8000.0000000,  -30839.5000000,
      0.0479775,       0.1596402,       0.2261674,
  -8000.0000000,  -31126.0000000,
      0.0268126,       0.1705876,       0.2271405,
  -8000.0000000,  -31310.0000000,
      0.0370301,       0.1581806,       0.2264918,
  -8000.0000000,  -31545.0000000,
      0.0151355,       0.1727770,       0.2258431,
  -8000.0000000,  -31831.5000000,
     -0.0403310,       0.1326368,       0.2238969,
  -8000.0000000,  -32014.5000000,
      0.0151355,       0.1574508,       0.2232481,
  -8000.0000000,  -32301.5000000,
      0.0231635,       0.1260684,       0.2213020,
  -8000.0000000,  -32485.5000000,
     -0.0541976,       0.1275281,       0.2196801,
  -8000.0000000,  -32771.5000000,
      0.0370301,       0.1333667,       0.2164365,
  -8000.0000000,  -32955.5000000,
     -0.0169767,       0.1027141,       0.2157877,
  -8000.0000000,  -33242.0000000,
     -0.0169767,       0.1209597,       0.2141659,
  -8000.0000000,  -33425.5000000,
      0.0319214,       0.1224193,       0.2131928,
  -8000.0000000,  -33725.0000000,
     -0.0468994,       0.1165808,       0.2109223,
  -8000.0000000,  -33896.0000000,
      0.0027285,       0.0939563,       0.2089761,
  -8000.0000000,  -34182.5000000,
      0.0479775,       0.1267983,       0.2083273,
  -8000.0000000,  -34366.5000000,
      0.0341109,       0.1151211,       0.2070299,
  -8000.0000000,  -34653.0000000,
      0.0085671,       0.1005247,       0.2057324,
  -8000.0000000,  -34837.0000000,
      0.0129460,       0.1238790,       0.2050837,
  -8000.0000000,  -35123.5000000,
     -0.0432503,       0.1260684,       0.2034619,
  -8000.0000000,  -35307.0000000,
     -0.0104083,       0.1523420,       0.2018400,
  -8000.0000000,  -35593.5000000,
     -0.0147872,       0.1640192,       0.1995695,
  -8000.0000000,  -35777.5000000,
     -0.0644151,       0.1822647,       0.1985964,
  -8000.0000000,  -36075.5000000,
     -0.0155170,       0.1567210,       0.1976233,
  -8000.0000000,  -36247.0000000,
     -0.0520081,       0.1574508,       0.1982720,
  -8000.0000000,  -36533.5000000,
     -0.0848501,       0.1304474,       0.1989207,
  -8000.0000000,  -36730.5000000,
     -0.0374117,       0.1370158,       0.2002182,
  -8000.0000000,  -36977.5000000,
     -0.0899589,       0.1545315,       0.1992451,
  -8000.0000000,  -37200.5000000,
     -0.1286394,       0.2078085,       0.2002182,
  -8000.0000000,  -37474.5000000,
     -0.1213412,       0.2070787,       0.1985964,
  -8000.0000000,  -37658.0000000,
     -0.1746182,       0.1530719,       0.1982720,
  -8000.0000000,  -37918.0000000,
     -0.1782673,       0.2099980,       0.1989207,
  -8000.0000000,  -38128.5000000,
     -0.1512639,       0.2092681,       0.1985964,
  -8000.0000000,  -38388.5000000,
     -0.2081900,       0.2267839,       0.2002182,
  -8000.0000000,  -38599.0000000,
     -0.1571025,       0.2092681,       0.2011913,
  -8000.0000000,  -38885.0000000,
     -0.1461552,       0.2012401,       0.2024888,
  -8000.0000000,  -39069.0000000,
     -0.2351935,       0.2421101,       0.2047593,
  -8000.0000000,  -39355.5000000,
     -0.1359377,       0.2063489,       0.2060568,
  -8000.0000000,  -39539.0000000,
     -0.1644007,       0.2245944,       0.2067055,
  -8000.0000000,  -39774.5000000,
     -0.2351935,       0.2034296,       0.2080030,
  -8000.0000000,  -40060.0000000,
     -0.1768077,       0.2202155,       0.2089761,
  -8000.0000000,  -40295.0000000,
     -0.2278952,       0.2253242,       0.2099492,
  -8000.0000000,  -40479.0000000,
     -0.2760635,       0.2238646,       0.2102735,
  -8000.0000000,  -40714.0000000,
     -0.2008918,       0.1808051,       0.2099492,
  -8000.0000000,  -41000.0000000,
     -0.2709547,       0.1720472,       0.2089761,
  -8000.0000000,  -41184.0000000,
     -0.2570881,       0.1267983,       0.2102735,
  -8000.0000000,  -41419.0000000,
     -0.1935936,       0.1297175,       0.2115710,
  -8000.0000000,  -41705.5000000,
     -0.2293549,       0.1326368,       0.2109223,
  -8000.0000000,  -41941.0000000,
     -0.1979725,       0.1822647,       0.2105979,
  -8000.0000000,  -42124.5000000,
     -0.1541832,       0.1932121,       0.2080030,
  -8000.0000000,  -42411.5000000,
     -0.1760779,       0.1523420,       0.2047593,
  -8000.0000000,  -42595.0000000,
     -0.1658604,       0.1340965,       0.2031375,
  -8000.0000000,  -42881.0000000,
     -0.0892291,       0.1289877,       0.2008669,
  -8000.0000000,  -43065.0000000,
     -0.1862954,       0.0487073,       0.1979476,
  -8000.0000000,  -43351.5000000,
     -0.1439657,       0.0238934,       0.1992451,
  -8000.0000000,  -43586.5000000,
     -0.1629411,      -0.0330328,       0.1998938,
  -8000.0000000,  -43770.5000000,
     -0.2585478,      -0.0403310,       0.2031375,
  -8000.0000000,  -44043.0000000,
     -0.2468706,      -0.0191661,       0.2044350,
  -8000.0000000,  -44291.5000000,
     -0.2300847,      -0.0739028,       0.2060568,
  -8000.0000000,  -44475.0000000,
     -0.2738740,      -0.0957975,       0.2080030,
  -8000.0000000,  -44683.5000000,
     -0.2519794,      -0.0797414,       0.2102735,
  -8000.0000000,  -44996.5000000,
     -0.2344636,      -0.0344924,       0.2112466,
  -8000.0000000,  -45180.0000000,
     -0.2738740,      -0.0417906,       0.2122197,
  -8000.0000000,  -45466.5000000,
     -0.2074602,      -0.0220854,       0.2128685,
  -8000.0000000,  -45650.5000000,
     -0.2519794,      -0.0023802,       0.2128685,
  -8000.0000000,  -45937.0000000,
     -0.2673056,      -0.0074890,       0.2138415,
  -8000.0000000,  -46172.5000000,
     -0.2045409,       0.0063776,       0.2144903,
  -8000.0000000,  -46356.0000000,
     -0.2775231,       0.0005390,       0.2151390,
  -8000.0000000,  -46642.5000000,
     -0.2928494,       0.0180548,       0.2154634,
  -8000.0000000,  -46826.0000000,
     -0.2775231,       0.0005390,       0.2164365,
  -8000.0000000,  -47112.5000000,
     -0.3096353,       0.0574652,       0.2157877,
  -8000.0000000,  -47296.5000000,
     -0.3008774,       0.0384898,       0.2161121,
  -8000.0000000,  -47583.0000000,
     -0.3089055,       0.0173250,       0.2161121,
  -8000.0000000,  -47804.5000000,
     -0.3256914,       0.0392196,       0.2157877,
  -8000.0000000,  -47975.5000000,
     -0.2884705,       0.0399494,       0.2154634,
  -8000.0000000,  -48274.5000000,
     -0.2877406,       0.0041882,       0.2157877,
  -8000.0000000,  -48471.0000000,
     -0.3162037,       0.0238934,       0.2144903,
  -8000.0000000,  -48731.0000000,
     -0.2724144,       0.0487073,       0.2131928,
  -8000.0000000,  -48941.0000000,
     -0.2819021,      -0.0023802,       0.2128685,
  -8000.0000000,  -49227.5000000,
     -0.2870108,       0.0071074,       0.2122197,
  -8000.0000000,  -49385.0000000,
     -0.2330040,      -0.0009206,       0.2125441,
  -8000.0000000,  -49698.0000000,
     -0.2461408,       0.0165951,       0.2138415,
  -8000.0000000,  -49882.0000000,
     -0.2651162,       0.0005390,       0.2154634,
  -8000.0000000,  -50181.5000000,
     -0.2746039,       0.0363003,       0.2174096,
  -8000.0000000,  -50352.5000000,
     -0.2826319,       0.0399494,       0.2174096,
  -8000.0000000,  -50638.5000000,
     -0.2811723,       0.0406793,       0.2183827,
  -8000.0000000,  -50822.5000000,
     -0.2651162,       0.0377600,       0.2187070,
  -8000.0000000,  -51109.0000000,
     -0.2899301,       0.0494371,       0.2180583,
  -8000.0000000,  -51266.0000000,
     -0.2738740,       0.0311916,       0.2183827,
  -8000.0000000,  -51579.0000000,
     -0.2753337,       0.0713318,       0.2193558,
  -8000.0000000,  -51736.5000000,
     -0.3132844,       0.0735213,       0.2183827,
  -8000.0000000,  -52048.5000000,
     -0.3103651,       0.0611143,       0.2187070,
  -8000.0000000,  -52232.0000000,
     -0.2935792,       0.0997948,       0.2174096,
  -8000.0000000,  -52531.5000000,
     -0.2957687,       0.1034440,       0.2164365,
  -8000.0000000,  -52702.5000000,
     -0.3052564,       0.0888475,       0.2161121,
  -8000.0000000,  -52988.5000000,
     -0.3045266,       0.1180404,       0.2144903,
  -8000.0000000,  -53172.5000000,
     -0.2986880,       0.1012545,       0.2128685,
  -8000.0000000,  -53459.0000000,
     -0.3030669,       0.1209597,       0.2122197,
  -8000.0000000,  -53616.5000000,
     -0.2665758,       0.1333667,       0.2102735,
  -8000.0000000,  -53851.5000000,
     -0.2957687,       0.1494227,       0.2086517,
  -8000.0000000,  -54086.5000000,
     -0.3089055,       0.1253386,       0.2070299,
  -8000.0000000,  -54400.0000000,
     -0.2789828,       0.1552613,       0.2044350,
  -8000.0000000,  -54583.5000000,
     -0.2461408,       0.2165664,       0.2011913,
  -8000.0000000,  -54856.0000000,
     -0.2563583,       0.1866437,       0.1989207,
  -8000.0000000,  -55053.5000000,
     -0.2563583,       0.1866437,       0.1966502,
  -8000.0000000,  -55340.5000000,
     -0.2724144,       0.2048892,       0.1963258,
  -8000.0000000,  -55524.5000000,
     -0.2439513,       0.1771560,       0.1969746,
  -8000.0000000,  -55784.5000000,
     -0.2673056,       0.1946717,       0.1953527,
  -8000.0000000,  -56045.0000000,
     -0.2519794,       0.2019699,       0.1966502,
  -8000.0000000,  -56229.0000000,
     -0.3183932,       0.1559911,       0.1976233,
  -8000.0000000,  -56502.5000000,
     -0.3337194,       0.1683981,       0.1989207,
  -8000.0000000,  -56672.5000000,
     -0.3337194,       0.2041594,       0.1989207,
  -8000.0000000,  -56907.5000000,
     -0.3220423,       0.1859138,       0.2005426,
  -8000.0000000,  -57170.0000000,
     -0.3169335,       0.2019699,       0.1998938,
  -8000.0000000,  -57429.5000000,
     -0.3227721,       0.2245944,       0.1995695,
  -8000.0000000,  -57613.5000000,
     -0.3125546,       0.2282435,       0.1979476,
  -8000.0000000,  -57849.0000000,
     -0.3271510,       0.2136471,       0.1969746,
  -8000.0000000,  -58135.5000000,
     -0.3096353,       0.2596259,       0.1979476,
  -8000.0000000,  -58370.5000000,
     -0.3570737,       0.2012401,       0.1979476,
  -8000.0000000,  -58554.5000000,
     -0.4169191,       0.2311628,       0.1969746,
  -8000.0000000,  -58854.5000000,
     -0.4067016,       0.2362716,       0.1985964,
  -8000.0000000,  -59024.5000000,
     -0.4307858,       0.2267839,       0.1979476,
  -8000.0000000,  -59259.5000000,
     -0.4118104,       0.2333523,       0.1976233,
  -8000.0000000,  -59559.0000000,
     -0.3585334,       0.2216751,       0.1969746,
  -8000.0000000,  -59781.0000000,
     -0.3789684,       0.2180260,       0.1979476,
  -8000.0000000,  -59965.0000000,
     -0.3753193,       0.2275137,       0.2002182,
  -8000.0000000,  -60250.5000000,
     -0.2986880,       0.2297032,       0.2028131,
  -8000.0000000,  -60434.5000000,
     -0.3709404,       0.2435698,       0.2054080,
  -8000.0000000,  -60669.5000000,
     -0.3534246,       0.2384610,       0.2089761,
  -8000.0000000,  -60904.5000000,
     -0.3789684,       0.2515978,       0.2109223,
  -8000.0000000,  -61153.5000000,
     -0.4329752,       0.2172962,       0.2125441,
  -8000.0000000,  -61453.0000000,
     -0.3891859,       0.2391909,       0.2144903,
  -8000.0000000,  -61610.5000000,
     -0.3906456,       0.2537873,       0.2144903,
  -8000.0000000,  -61845.5000000,
     -0.4585190,       0.2442996,       0.2148146,
  -8000.0000000,  -62146.0000000,
     -0.4147297,       0.2574364,       0.2164365,
  -8000.0000000,  -62316.0000000,
     -0.4483015,       0.2661943,       0.2161121,
  -8000.0000000,  -62551.0000000,
     -0.4234875,       0.2815205,       0.2164365,
  -8000.0000000,  -62889.5000000,
     -0.4256770,       0.2625452,       0.2174096,
  -8000.0000000,  -63021.0000000,
     -0.3979438,       0.2727627,       0.2183827,
  -8000.0000000,  -63270.0000000,
     -0.4118104,       0.2713030,       0.2187070,
  -8000.0000000,  -63556.5000000,
     -0.3380984,       0.2844398,       0.2193558,
  -8000.0000000,  -63740.5000000,
     -0.4052420,       0.2910082,       0.2187070,
  -8000.0000000,  -64013.0000000,
     -0.4139999,       0.2632750,       0.2180583,
  -8000.0000000,  -64196.0000000,
     -0.3840772,       0.3085239,       0.2174096,
  -8000.0000000,  -64482.5000000,
     -0.3862666,       0.3085239,       0.2164365,
  -8000.0000000,  -64693.5000000,
     -0.4096209,       0.2873591,       0.2161121,
  -8000.0000000,  -64966.5000000,
     -0.3804280,       0.2596259,       0.2157877,
  -8000.0000000,  -65137.0000000,
     -0.4015929,       0.2939275,       0.2144903,
  -8000.0000000,  -65372.0000000,
     -0.3986736,       0.2742223,       0.2144903,
  -8000.0000000,  -65621.0000000,
     -0.3796982,       0.2924679,       0.2135172,
  -8000.0000000,  -65907.5000000,
     -0.4132700,       0.2844398,       0.2080030,
  -8000.0000000,  -66091.5000000,
     -0.4074315,       0.3063345,       0.2128685,
  -8000.0000000,  -66378.0000000,
     -0.4490313,       0.2829802,       0.2118954,
  -8000.0000000,  -66626.0000000,
     -0.4008631,       0.2632750,       0.2115710,
  -8000.0000000,  -66796.5000000,
     -0.3928350,       0.3041450,       0.2105979,
  -8000.0000000,  -67083.0000000,
     -0.4088911,       0.2961170,       0.2102735,
  -8000.0000000,  -67279.5000000,
     -0.3979438,       0.2742223,       0.2093004,
  -8000.0000000,  -67553.0000000,
     -0.4358945,       0.3267695,       0.2086517,
  -8000.0000000,  -67762.5000000,
     -0.4220279,       0.3238502,       0.2086517,
  -8000.0000000,  -68010.0000000,
     -0.3899157,       0.3355274,       0.2086517,
  -8000.0000000,  -68257.5000000,
     -0.4329752,       0.3450150,       0.2086517,
  -8000.0000000,  -68441.5000000,
     -0.4497611,       0.3340677,       0.2076786,
  -8000.0000000,  -68728.0000000,
     -0.4628979,       0.3391765,       0.2083273,
  -8000.0000000,  -68911.5000000,
     -0.4358945,       0.3165520,       0.2083273,
  -8000.0000000,  -69198.0000000,
     -0.4366243,       0.3318782,       0.2076786,
  -8000.0000000,  -69407.5000000,
     -0.4315156,       0.3377168,       0.2080030,
  -8000.0000000,  -69668.5000000,
     -0.4650874,       0.3253098,       0.2037862,
  -8000.0000000,  -69852.0000000,
     -0.4563295,       0.3844254,       0.2076786,
  -8000.0000000,  -70125.0000000,
     -0.4774944,       0.3625308,       0.2080030,
  -8000.0000000,  -70323.0000000,
     -0.4373542,       0.3756676,       0.2083273,
  -8000.0000000,  -70622.0000000,
     -0.5052276,       0.3734781,       0.2083273,
  -8000.0000000,  -70793.0000000,
     -0.4607085,       0.3347975,       0.2083273,
  -8000.0000000,  -71079.0000000,
     -0.4731154,       0.3552326,       0.2083273,
  -8000.0000000,  -71263.0000000,
     -0.4913610,       0.3450150,       0.2080030,
  -8000.0000000,  -71549.5000000,
     -0.4760347,       0.3858851,       0.2076786,
  -8000.0000000,  -71719.5000000,
     -0.5227433,       0.3822360,       0.2073542,
  -8000.0000000,  -72031.5000000,
     -0.4891715,       0.4004815,       0.2073542,
  -8000.0000000,  -72202.5000000,
     -0.5169048,       0.3924535,       0.2063811,
  -8000.0000000,  -72438.0000000,
     -0.5300416,       0.3669097,       0.2067055,
  -8000.0000000,  -72724.0000000,
     -0.4884417,       0.3975622,       0.2070299,
  -8000.0000000,  -72908.0000000,
     -0.5030381,       0.3450150,       0.2070299,
  -8000.0000000,  -73143.0000000,
     -0.4942803,       0.3596115,       0.2070299,
  -8000.0000000,  -73429.5000000,
     -0.5096065,       0.3311484,       0.2073542,
  -8000.0000000,  -73613.5000000,
     -0.5074171,       0.3391765,       0.2067055,
  -8000.0000000,  -73848.5000000,
     -0.5329608,       0.3639904,       0.2073542,
  -8000.0000000,  -74083.5000000,
     -0.5242030,       0.3114432,       0.2073542,
  -8000.0000000,  -74319.0000000,
     -0.5205539,       0.3552326,       0.2083273,
  -8000.0000000,  -74605.0000000,
     -0.5066873,       0.3486642,       0.2083273,
  -8000.0000000,  -74789.0000000,
     -0.5103364,       0.3450150,       0.2093004,
  -8000.0000000,  -75075.0000000,
     -0.5497468,       0.3625308,       0.2086517,
  -8000.0000000,  -75259.0000000,
     -0.5512064,       0.3304186,       0.2089761,
  -8000.0000000,  -75545.5000000,
     -0.5563152,       0.3187415,       0.2096248,
  -8000.0000000,  -75729.5000000,
     -0.5731011,       0.3486642,       0.2109223,
  -8000.0000000,  -75963.5000000,
     -0.5453678,       0.3450150,       0.2109223,
  -8000.0000000,  -76263.0000000,
     -0.5132557,       0.3399063,       0.2118954,
  -8000.0000000,  -76536.5000000,
     -0.5468275,       0.3537729,       0.2115710,
  -8000.0000000,  -76706.5000000,
     -0.5752905,       0.3150923,       0.2115710,
  -8000.0000000,  -76904.0000000,
     -0.5920764,       0.3705588,       0.2115710,
  -8000.0000000,  -77190.5000000,
     -0.5066873,       0.3486642,       0.2112466,
  -8000.0000000,  -77425.5000000,
     -0.5847782,       0.3793167,       0.2102735,
  -8000.0000000,  -77609.5000000,
     -0.5672625,       0.3982921,       0.2096248,
  -8000.0000000,  -77844.5000000,
     -0.5431784,       0.3909938,       0.2073542,
  -8000.0000000,  -78080.0000000,
     -0.5417187,       0.4304042,       0.2031375,
  -8000.0000000,  -78315.0000000,
     -0.5044978,       0.4887900,       0.1956771,
  -8000.0000000,  -78550.0000000,
     -0.3950245,       0.5033864,       0.1869192,
  -8000.0000000,  -78785.0000000,
     -0.3125546,       0.4690848,       0.1797832,
  -8000.0000000,  -79020.0000000,
     -0.2687653,       0.4136183,       0.1765395,
  -8000.0000000,  -79293.0000000,
     -0.2125690,       0.3588817,       0.1758908,
  -8000.0000000,  -79541.5000000,
     -0.2242461,       0.3457449,       0.1801076,
  -8000.0000000,  -79725.5000000,
     -0.2950389,       0.3114432,       0.1878923,
  -8000.0000000,  -79959.5000000,
     -0.3811579,       0.3034152,       0.1953527,
  -8000.0000000,  -80195.0000000,
     -0.4650874,       0.3552326,       0.2021644,
  -8000.0000000,  -80430.0000000,
     -0.4475717,       0.3435554,       0.2076786,
  -8000.0000000,  -80716.0000000,
     -0.4804137,       0.3625308,       0.2109223,
  -8000.0000000,  -80900.0000000,
     -0.5541257,       0.3858851,       0.2122197,
  -8000.0000000,  -81135.5000000,
     -0.5774800,       0.3982921,       0.2135172,
  -8000.0000000,  -81421.5000000,
     -0.5891571,       0.3866149,       0.2138415,
  -8000.0000000,  -81605.5000000,
     -0.5665327,       0.4384323,       0.2138415,
  -8000.0000000,  -81892.0000000,
     -0.6044834,       0.4172674,       0.2138415,
  -8000.0000000,  -82076.0000000,
     -0.5811291,       0.4296744,       0.2131928,
  -8000.0000000,  -82362.5000000,
     -0.5344205,       0.4369726,       0.2135172,
  -8000.0000000,  -82546.5000000,
     -0.5869677,       0.4318639,       0.2135172,
  -8000.0000000,  -82832.5000000,
     -0.5424485,       0.4282148,       0.2138415,
  -8000.0000000,  -83016.5000000,
     -0.5592344,       0.4333235,       0.2131928,
  -8000.0000000,  -83251.5000000,
     -0.5840484,       0.4946286,       0.2135172,
  -8000.0000000,  -83538.0000000,
     -0.5585046,       0.4778427,       0.2138415,
  -8000.0000000,  -83721.5000000,
     -0.6074027,       0.4325937,       0.2135172,
  -8000.0000000,  -84007.0000000,
     -0.5862379,       0.4698146,       0.2128685,
  -8000.0000000,  -84191.0000000,
     -0.5694519,       0.4785725,       0.2138415,
  -8000.0000000,  -84426.5000000,
     -0.5855080,       0.4559480,       0.2135172,
  -8000.0000000,  -84698.5000000,
     -0.6052132,       0.5070355,       0.2131928,
  -8000.0000000,  -84896.5000000,
     -0.6198097,       0.4844111,       0.2131928,
  -8000.0000000,  -85131.5000000,
     -0.6263781,       0.4654357,       0.2131928,
  -8000.0000000,  -85366.5000000,
     -0.5920764,       0.4807619,       0.2125441,
  -8000.0000000,  -85601.5000000,
     -0.5760203,       0.4938987,       0.2122197,
  -8000.0000000,  -85888.0000000,
     -0.5986448,       0.4793023,       0.2122197,
  -8000.0000000,  -86072.0000000,
     -0.5745607,       0.4829514,       0.2122197,
  -8000.0000000,  -86358.5000000,
     -0.5855080,       0.4814918,       0.2115710,
  -8000.0000000,  -86542.5000000,
     -0.5906168,       0.4990075,       0.2105979,
  -8000.0000000,  -86828.5000000,
     -0.6241886,       0.5033864,       0.2109223,
  -8000.0000000,  -87012.5000000,
     -0.6183500,       0.5179829,       0.2102735,
  -8000.0000000,  -87299.0000000,
     -0.6198097,       0.5274706,       0.2093004,
  -8000.0000000,  -87483.0000000,
     -0.6008343,       0.5354986,       0.2083273,
  -8000.0000000,  -87782.0000000,
     -0.6723569,       0.5004671,       0.2080030,
  -8000.0000000,  -87952.0000000,
     -0.5796695,       0.4975478,       0.2080030,
  -8000.0000000,  -88239.0000000,
     -0.6088623,       0.5595827,       0.2076786,
  -8000.0000000,  -88423.0000000,
     -0.6001045,       0.5537441,       0.2073542,
  -8000.0000000,  -88709.0000000,
     -0.5949957,       0.5194425,       0.2083273,
  -8000.0000000,  -88893.0000000,
     -0.5716414,       0.5252811,       0.2089761,
  -8000.0000000,  -89179.5000000,
     -0.6044834,       0.5194425,       0.2083273,
  -8000.0000000,  -89363.5000000,
     -0.6081325,       0.5063057,       0.2089761,
  -8000.0000000,  -89649.5000000,
     -0.6081325,       0.5442565,       0.2093004,
  -8000.0000000,  -89833.5000000,
     -0.5782098,       0.5464459,       0.2076786,
  -8000.0000000,  -90133.5000000,
     -0.6249184,       0.5552038,       0.2086517,
  -8000.0000000,  -90356.0000000,
     -0.6168904,       0.5340389,       0.2076786,
  -8000.0000000,  -90540.0000000,
     -0.6358658,       0.5829370,       0.2080030,
  -8000.0000000,  -90826.0000000,
     -0.6395149,       0.5581231,       0.2067055,
  -8000.0000000,  -91010.0000000,
     -0.6314868,       0.6004528,       0.2070299,
  -8000.0000000,  -91297.0000000,
     -0.6351359,       0.5953440,       0.2057324,
  -8000.0000000,  -91480.5000000,
     -0.6402447,       0.5712599,       0.2057324,
  -8000.0000000,  -91754.0000000,
     -0.6176202,       0.5603125,       0.2047593,
  -8000.0000000,  -91924.5000000,
     -0.6103220,       0.6114001,       0.2041106,
  -8000.0000000,  -92185.5000000,
     -0.6110518,       0.5727195,       0.2041106,
  -8000.0000000,  -92458.0000000,
     -0.6533815,       0.5683406,       0.2037862,
  -8000.0000000,  -92706.5000000,
     -0.6336763,       0.5865861,       0.2037862,
  -8000.0000000,  -92890.5000000,
     -0.6030238,       0.5851265,       0.2047593,
  -8000.0000000,  -93176.5000000,
     -0.6227290,       0.5493652,       0.2041106,
  -8000.0000000,  -93360.5000000,
     -0.6635990,       0.5646915,       0.2034619,
  -8000.0000000,  -93646.0000000,
     -0.6650586,       0.5792879,       0.2044350,
  -8000.0000000,  -93831.0000000,
     -0.6701674,       0.5537441,       0.2044350,
  -8000.0000000,  -94130.5000000,
     -0.6081325,       0.5172530,       0.2047593,
  -8000.0000000,  -94301.5000000,
     -0.6409745,       0.5136039,       0.2050837,
  -8000.0000000,  -94588.0000000,
     -0.6621393,       0.5201723,       0.2047593,
  -8000.0000000,  -94745.0000000,
     -0.6606797,       0.5048461,       0.2047593,
  -8000.0000000,  -95058.0000000,
     -0.6789252,       0.4778427,       0.2047593,
  -8000.0000000,  -95241.0000000,
     -0.6570306,       0.4420814,       0.2018400,
  -8000.0000000,  -95528.0000000,
     -0.6635990,       0.4077797,       0.2034619,
  -8000.0000000,  -95725.0000000,
     -0.6344061,       0.4063201,       0.2031375,
  -8000.0000000,  -95997.5000000,
     -0.6847638,       0.4092394,       0.2024888,
  -8000.0000000,  -96181.5000000,
     -0.6190798,       0.3990219,       0.2031375,
  -8000.0000000,  -96455.0000000,
     -0.6592201,       0.3647202,       0.2024888,
  -8000.0000000,  -96651.5000000,
     -0.6774656,       0.3661799,       0.2031375,
  -8000.0000000,  -96938.0000000,
     -0.6635990,       0.3391765,       0.2028131,
  -8000.0000000,  -97122.0000000,
     -0.6446236,       0.3347975,       0.2024888,
  -8000.0000000,  -97408.0000000,
     -0.6570306,       0.3479343,       0.2024888,
  -8000.0000000,  -97605.0000000,
     -0.6570306,       0.2880889,       0.2021644,
  -8000.0000000,  -97800.5000000,
     -0.6358658,       0.3333379,       0.2011913,
  -8000.0000000,  -98113.0000000,
     -0.6380552,       0.2902784,       0.2011913,
  -8000.0000000,  -98271.0000000,
     -0.6577604,       0.3406361,       0.2008669,
  -8000.0000000,  -98533.0000000,
     -0.6760060,       0.2939275,       0.2002182,
  -8000.0000000,  -98806.0000000,
     -0.6278377,       0.3391765,       0.2008669,
  -8000.0000000,  -99003.0000000,
     -0.6409745,       0.3136327,       0.2002182,
  -8000.0000000,  -99289.0000000,
     -0.6241886,       0.3070643,       0.2005426,
  -8000.0000000,  -99446.5000000,
     -0.6344061,       0.3004959,       0.1989207,
  -8000.0000000,  -99759.5000000,
     -0.6117816,       0.3121731,       0.1992451,
  -8000.0000000,  -99955.0000000,
     -0.6117816,       0.3180116,       0.1998938,
  -8000.0000000, -100177.5000000,
     -0.6599499,       0.3267695,       0.1992451,
  -8000.0000000, -100437.5000000,
     -0.6490025,       0.3486642,       0.1992451,
  -8000.0000000, -100699.0000000,
     -0.6263781,       0.3355274,       0.1992451,
  -8000.0000000, -100856.0000000,
     -0.6446236,       0.3304186,       0.1976233,
  -8000.0000000, -101156.5000000,
     -0.6431640,       0.3369870,       0.1982720,
  -8000.0000000, -101429.0000000,
     -0.6395149,       0.3632606,       0.1985964,
  -8000.0000000, -101561.5000000,
     -0.6292974,       0.3559624,       0.1989207,
  -8000.0000000, -101887.5000000,
     -0.6103220,       0.3493940,       0.1982720,
  -8000.0000000, -102032.0000000,
     -0.6708972,       0.3661799,       0.1976233,
  -8000.0000000, -102267.0000000,
     -0.6373254,       0.3763974,       0.1976233,
  -8000.0000000, -102529.0000000,
     -0.6424341,       0.3990219,       0.1976233,
  -8000.0000000, -102815.0000000,
     -0.6351359,       0.3705588,       0.1969746,
  -8000.0000000, -102972.5000000,
     -0.6628692,       0.3545027,       0.1969746,
  -8000.0000000, -103285.5000000,
     -0.6314868,       0.4034008,       0.1966502,
  -8000.0000000, -103442.5000000,
     -0.6570306,       0.4114288,       0.1950284,
  -8000.0000000, -103677.5000000,
     -0.6373254,       0.3888044,       0.1963258,
  -8000.0000000, -103989.5000000,
     -0.6300272,       0.4428112,       0.1956771,
  -8000.0000000, -104147.0000000,
     -0.6592201,       0.4165376,       0.1953527,
  -8000.0000000, -104459.0000000,
     -0.6599499,       0.4450007,       0.1950284,
  -8000.0000000, -104644.0000000,
     -0.6183500,       0.4340533,       0.1950284,
  -8000.0000000, -104929.0000000,
     -0.6278377,       0.4143481,       0.1950284,
  -8000.0000000, -105087.5000000,
     -0.6365956,       0.4106990,       0.1943796,
  -8000.0000000, -105322.5000000,
     -0.6183500,       0.4625164,       0.1930822,
  -8000.0000000, -105584.5000000,
     -0.6628692,       0.4588673,       0.1927578,
  -8000.0000000, -105858.0000000,
     -0.6183500,       0.4647059,       0.1911360,
  -8000.0000000, -106028.0000000,
     -0.6774656,       0.4544883,       0.1930822,
  -8000.0000000, -106341.0000000,
     -0.6314868,       0.4282148,       0.1934065,
  -8000.0000000, -106498.5000000,
     -0.6198097,       0.4471901,       0.1943796,
  -8000.0000000, -106810.5000000,
     -0.6322166,       0.4574076,       0.1940553,
  -8000.0000000, -106968.5000000,
     -0.6438938,       0.4522989,       0.1940553,
  -8000.0000000, -107202.5000000,
     -0.6504622,       0.4493796,       0.1950284,
  -8000.0000000, -107510.0000000,
     -0.6665183,       0.4968180,       0.1950284,
  -8000.0000000, -107688.5000000,
     -0.6292974,       0.4377024,       0.1963258,
  -8000.0000000, -107963.0000000,
     -0.6417043,       0.4428112,       0.1956771,
  -8000.0000000, -108112.0000000,
     -0.6708972,       0.4479199,       0.1940553,
  -8000.0000000, -108358.5000000,
     -0.6767358,       0.4588673,       0.1960015,
  -8000.0000000, -108624.5000000,
     -0.6847638,       0.4464603,       0.1969746,
  -8000.0000000, -108769.0000000,
     -0.6723569,       0.4654357,       0.1963258,
  -8000.0000000, -109076.5000000,
     -0.6767358,       0.4661655,       0.1966502,
  -8000.0000000, -109194.5000000,
     -0.6716270,       0.4844111,       0.1972989,
  -8000.0000000, -109403.5000000,
     -0.6453534,       0.4975478,       0.1966502,
  -8000.0000000, -109711.0000000,
     -0.6526517,       0.4807619,       0.1969746,
  -8000.0000000, -109880.5000000,
     -0.6906024,       0.4771128,       0.1966502,
  -8000.0000000, -110015.0000000,
     -0.7008199,       0.4902496,       0.1982720,
  -8000.0000000, -110246.5000000,
     -0.7022796,       0.4683550,       0.1979476,
  -8000.0000000, -110474.0000000,
     -0.7008199,       0.4581375,       0.1985964,
  -8000.0000000, -110603.5000000,
     -0.7051988,       0.4807619,       0.1979476,
  -8000.0000000, -110794.5000000,
     -0.6796551,       0.4807619,       0.1998938,
  -8000.0000000, -111045.0000000,
     -0.7022796,       0.4946286,       0.1995695,
  -8000.0000000, -111200.0000000,
     -0.7234444,       0.5150636,       0.1995695,
  -8000.0000000, -111362.5000000,
     -0.7066585,       0.5398775,       0.2005426,
  -8000.0000000, -111602.0000000,
     -0.6993603,       0.5048461,       0.1995695,
  -8000.0000000, -111711.5000000,
     -0.7322023,       0.5449863,       0.1998938,
  -8000.0000000, -111888.0000000,
     -0.6942515,       0.5252811,       0.2005426,
  -8000.0000000, -112118.5000000,
     -0.6840340,       0.5070355,       0.2008669,
  -8000.0000000, -112233.0000000,
     -0.7307426,       0.5143338,       0.2002182,
  -8000.0000000, -112411.5000000,
     -0.6898726,       0.5077654,       0.1985964,
  -8000.0000000, -112631.0000000,
     -0.7051988,       0.5340389,       0.1992451,
  -8000.0000000, -112741.0000000,
     -0.6833042,       0.5500950,       0.1998938,
  -8000.0000000, -112892.5000000,
     -0.6993603,       0.5500950,       0.1995695,
  -8000.0000000, -113086.0000000,
     -0.7205251,       0.5187127,       0.1985964,
  -8000.0000000, -113208.0000000,
     -0.7117672,       0.5500950,       0.1979476,
  -8000.0000000, -113361.5000000,
     -0.7190655,       0.5311197,       0.1989207,
  -8000.0000000, -113545.0000000,
     -0.7365812,       0.4997373,       0.1976233,
  -8000.0000000, -113669.5000000,
     -0.7139567,       0.5033864,       0.1969746,
  -8000.0000000, -113815.5000000,
     -0.7117672,       0.5004671,       0.1960015,
  -8000.0000000, -113959.0000000,
     -0.7540969,       0.5077654,       0.1956771,
  -8000.0000000, -114130.0000000,
     -0.7037392,       0.5070355,       0.1956771,
  -8000.0000000, -114253.0000000,
     -0.7431496,       0.5011970,       0.1950284,
  -8000.0000000, -114395.5000000,
     -0.6986304,       0.4975478,       0.1956771,
  -8000.0000000, -114543.5000000,
     -0.7059287,       0.4822216,       0.1956771,
  -8000.0000000, -114631.0000000,
     -0.7110374,       0.4880602,       0.1934065,
  -8000.0000000, -114759.5000000,
     -0.6847638,       0.4895198,       0.1947040,
  -8000.0000000, -114926.5000000,
     -0.6986304,       0.4508392,       0.1947040,
  -8000.0000000, -115016.0000000,
     -0.6833042,       0.4676251,       0.1950284,
  -8000.0000000, -115176.0000000,
     -0.6949813,       0.4741935,       0.1947040,
  -8000.0000000, -115255.5000000,
     -0.6891428,       0.4566778,       0.1947040,
  -8000.0000000, -115402.5000000,
     -0.7051988,       0.4325937,       0.1950284,
  -8000.0000000, -115485.0000000,
     -0.7132269,       0.4515691,       0.1956771,
  -8000.0000000, -115613.0000000,
     -0.7066585,       0.4216464,       0.1956771,
  -8000.0000000, -115875.5000000,
     -0.7322023,       0.4209165,       0.1956771,
  -8000.0000000, -115956.5000000,
     -0.7256339,       0.4377024,       0.1953527,
  -8000.0000000, -115997.0000000,
     -0.7051988,       0.3917237,       0.1963258,
  -8000.0000000, -116037.0000000,
     -0.6745463,       0.4143481,       0.1969746,
  -8000.0000000, -116114.0000000,
     -0.7000901,       0.4201867,       0.1982720,
  -8000.0000000, -116240.0000000,
     -0.7176058,       0.4187271,       0.1972989,
  -8000.0000000, -116307.5000000,
     -0.7139567,       0.4114288,       0.1927578,
  -8000.0000000, -116418.0000000,
     -0.6818445,       0.4304042,       0.1882167,
  -8000.0000000, -116491.5000000,
     -0.7139567,       0.4092394,       0.1943796,
  -8000.0000000, -116586.0000000,
     -0.7190655,       0.3968324,       0.1998938,
  -8000.0000000, -116668.5000000,
     -0.7592057,       0.4172674,       0.1992451,
  -8000.0000000, -116749.0000000,
     -0.7322023,       0.4355130,       0.1992451,
  -8000.0000000, -116827.0000000,
     -0.7051988,       0.4048604,       0.1989207,
  -8000.0000000, -116902.0000000,
     -0.7548267,       0.4537585,       0.1985964,
  -8000.0000000, -116975.0000000,
     -0.7008199,       0.4034008,       0.1985964,
  -8000.0000000, -117030.0000000,
     -0.7292830,       0.4318639,       0.1985964,
  -8000.0000000, -117117.0000000,
     -0.7307426,       0.3990219,       0.1972989,
  -8000.0000000, -117179.0000000,
     -0.7562864,       0.3902640,       0.1979476,
  -8000.0000000, -117241.5000000,
     -0.7292830,       0.3961026,       0.1976233,
  -8000.0000000, -117295.5000000,
     -0.7409601,       0.3771272,       0.1972989,
  -8000.0000000, -117359.5000000,
     -0.7278233,       0.3975622,       0.1976233,
  -8000.0000000, -117403.0000000,
     -0.7154163,       0.3712886,       0.1966502,
  -8000.0000000, -117467.5000000,
     -0.7708828,       0.3931833,       0.1966502,
  -8000.0000000, -117512.5000000,
     -0.7519075,       0.3982921,       0.1976233,
  -8000.0000000, -117565.5000000,
     -0.7124971,       0.3486642,       0.1969746,
  -8000.0000000, -117608.5000000,
     -0.7555566,       0.3734781,       0.1966502,
  -8000.0000000, -117656.0000000,
     -0.7351215,       0.3756676,       0.1976233,
  -8000.0000000, -117690.0000000,
     -0.7467987,       0.3815061,       0.1969746,
  -8000.0000000, -117732.0000000,
     -0.7927775,       0.3508536,       0.1969746,
  -8000.0000000, -117763.5000000,
     -0.7752618,       0.3632606,       0.1969746,
  -8000.0000000, -117802.0000000,
     -0.7446092,       0.3625308,       0.1969746,
  -8000.0000000, -117824.0000000,
     -0.7745319,       0.3720185,       0.1969746,
  -8000.0000000, -117859.5000000,
     -0.7942371,       0.3756676,       0.1969746,
  -8000.0000000, -117881.5000000,
     -0.7584758,       0.3625308,       0.1979476,
  -8000.0000000, -117907.5000000,
     -0.7358514,       0.3610711,       0.1979476,
  -8000.0000000, -117928.0000000,
     -0.7694232,       0.3669097,       0.1972989,
  -8000.0000000, -117943.0000000,
     -0.7358514,       0.3457449,       0.1982720,
  -8000.0000000, -117959.0000000,
     -0.7540969,       0.3763974,       0.1969746,
  -8000.0000000, -117970.0000000,
     -0.7621250,       0.3661799,       0.1976233,
  -8000.0000000, -117983.5000000,
     -0.7891284,       0.3493940,       0.1966502,
  -8000.0000000, -117989.5000000,
     -0.7650442,       0.3690992,       0.1972989,
  -8000.0000000, -117996.5000000,
     -0.7672337,       0.3406361,       0.1969746,
  -8000.0000000, -117998.0000000,
     -0.7358514,       0.3530431,       0.1966502,
  -8000.0000000, -117999.5000000,
     -0.7592057,       0.3420958,       0.1966502,
  -8000.0000000, -117999.5000000,
     -0.7584758,       0.3661799,       0.1976233,
  -8000.0000000, -117999.5000000,
     -0.8022652,       0.3669097,       0.1969746,
  -8000.0000000, -117999.5000000,
     -0.7650442,       0.3318782,       0.1966502,
  -8000.0000000, -117999.5000000,
     -0.7796407,       0.3508536,       0.1966502,
  -8000.0000000, -117999.5000000,
     -0.7708828,       0.3158222,       0.1966502,
  -8000.0000000, -117999.5000000,
     -0.7628548,       0.3347975,       0.1972989,
  -8000.0000000, -117999.5000000,
     -0.7971564,       0.3545027,       0.1966502,
  -8000.0000000, -117999.5000000,
     -0.7460689,       0.3683693,       0.1972989,
  -8000.0000000, -117999.5000000,
     -0.7489882,       0.3647202,       0.1969746,
  -8000.0000000, -118000.0000000,
     -0.7752618,       0.3647202,       0.1969746,
  -8000.0000000, -118000.0000000,
     -0.7621250,       0.3720185,       0.1976233,
  -8000.0000000, -118000.0000000,
     -0.7723425,       0.3362572,       0.1972989,
  -8000.0000000, -118000.0000000,
     -0.7869389,       0.3333379,       0.1969746,
  -8000.0000000, -118000.0000000,
     -0.7774512,       0.3318782,       0.1969746,
  -8000.0000000, -118000.0000000,
     -0.7621250,       0.3245800,       0.1963258,
  -8000.0000000, -118000.0000000,
     -0.7467987,       0.3610711,       0.1969746,
  -8000.0000000, -118000.0000000,
     -0.7256339,       0.3559624,       0.1972989,
  -8000.0000000, -118000.0000000,
     -0.7767214,       0.3296888,       0.1963258,
  -8000.0000000, -118000.0000000,
     -0.7774512,       0.3238502,       0.1969746,
  -8000.0000000, -118000.0000000,
     -0.7745319,       0.3508536,       0.1976233,
  -8000.0000000, -118000.0000000,
     -0.7869389,       0.3099836,       0.1972989,
  -8000.0000000, -118000.0000000,
     -0.7489882,       0.3457449,       0.1969746,
  -8000.0000000, -118000.0000000,
     -0.7862091,       0.3267695,       0.1972989,
  -8000.0000000, -118000.0000000,
     -0.7818302,       0.3304186,       0.1960015,
  -8000.0000000, -118000.0000000,
     -0.7840196,       0.3676395,       0.1969746,
  -8000.0000000, -118000.0000000,
     -0.7759916,       0.3457449,       0.1972989,
  -8000.0000000, -118000.0000000,
     -0.8081037,       0.3763974,       0.1966502,
  -8000.0000000, -118000.0000000,
     -0.7752618,       0.3625308,       0.1969746,
  -8000.0000000, -118000.0000000,
     -0.7716126,       0.3625308,       0.1966502,
  -8000.0000000, -118000.0000000,
     -0.7796407,       0.3654501,       0.1966502,
  -8000.0000000, -118000.0000000,
     -0.7738021,       0.3523133,       0.1972989,
  -8000.0000000, -118000.0000000,
     -0.7796407,       0.3362572,       0.1969746,
  -8000.0000000, -118000.0000000,
     -0.7935073,       0.3428256,       0.1972989,
  -8000.0000000, -118000.0000000,
     -0.7613951,       0.3501238,       0.1976233,
  -8000.0000000, -118000.0000000,
     -0.7738021,       0.3450150,       0.1963258,
  -8000.0000000, -118000.0000000,
     -0.7336619,       0.3574220,       0.1969746,
  -8000.0000000, -118000.0000000,
     -0.7402303,       0.3515834,       0.1972989,
  -8000.0000000, -118000.0000000,
     -0.7497180,       0.3464747,       0.1966502,
  -8000.0000000, -118000.0000000,
     -0.7978862,       0.3362572,       0.1969746,
  -8000.0000000, -118000.0000000,
     -0.8008055,       0.3588817,       0.1972989,
  -8000.0000000, -118000.0000000,
     -0.7803705,       0.3245800,       0.1969746,
  -8000.0000000, -118000.0000000,
     -0.7708828,       0.3304186,       0.1976233,
  -8000.0000000, -118000.0000000,
     -0.7416899,       0.3326081,       0.1966502,
  -8000.0000000, -118000.0000000,
     -0.7883986,       0.3698290,       0.1963258,
  -8000.0000000, -118000.0000000,
     -0.7650442,       0.3632606,       0.1969746,
  -8000.0000000, -118000.0000000,
     -0.7956968,       0.3807763,       0.1969746,
  -8000.0000000, -118000.0000000,
     -0.7927775,       0.3552326,       0.1966502,
  -8000.0000000, -118000.0000000,
     -0.7716126,       0.3574220,       0.1972989,
  -8000.0000000, -118000.0000000,
     -0.7599355,       0.3420958,       0.1969746,
  -8000.0000000, -118000.0000000,
     -0.7672337,       0.3603413,       0.1969746,
  -8000.0000000, -118000.0000000,
     -0.7562864,       0.3457449,       0.1972989,
  -8000.0000000, -118000.0000000,
     -0.7679635,       0.3406361,       0.1976233,
  -8000.0000000, -118000.0000000,
     -0.7562864,       0.3406361,       0.1969746,
  -8000.0000000, -118000.0000000,
     -0.7555566,       0.3274993,       0.1969746,
  -8000.0000000, -118000.0000000,
     -0.8059143,       0.3464747,       0.1966502,
  -8000.0000000, -118000.0000000,
     -0.7088480,       0.3566922,       0.1972989,
  -8000.0000000, -118000.0000000,
     -0.7555566,       0.3822360,       0.1972989,
  -8000.0000000, -118000.0000000,
     -0.7716126,       0.3274993,       0.1969746,
  -8000.0000000, -118000.0000000,
     -0.7759916,       0.3121731,       0.1972989,
  -8000.0000000, -118000.0000000,
     -0.7635846,       0.3158222,       0.1966502,
  -8000.0000000, -118000.0000000,
     -0.7759916,       0.3574220,       0.1972989,
  -8000.0000000, -118000.0000000,
     -0.7832898,       0.3618010,       0.1979476,
  -8000.0000000, -118000.0000000,
     -0.7898582,       0.3618010,       0.1969746,
  -8000.0000000, -118000.0000000,
     -0.7526373,       0.3523133,       0.1966502,
  -8000.0000000, -118000.0000000,
     -0.7424198,       0.3552326,       0.1972989,
  -8000.0000000, -118000.0000000,
     -0.7548267,       0.3625308,       0.1972989,
  -8000.0000000, -118000.0000000,
     -0.7511776,       0.3450150,       0.1972989,
  -8000.0000000, -118000.0000000,
     -0.7592057,       0.3304186,       0.1966502,
  -8000.0000000, -118000.0000000,
     -0.7774512,       0.3377168,       0.1969746,
  -8000.0000000, -118000.0000000,
     -0.7395005,       0.3968324,       0.1969746,
  -8000.0000000, -118000.0000000,
     -0.7876687,       0.3486642,       0.1972989,
  -8000.0000000, -118000.0000000,
     -0.7694232,       0.3574220,       0.1966502,
  -8000.0000000, -118000.0000000,
     -0.7263637,       0.3304186,       0.1976233,
  -8000.0000000, -118000.0000000,
     -0.7482583,       0.3523133,       0.1972989,
  -8000.0000000, -118000.0000000,
     -0.7986161,       0.3705588,       0.1966502,
  -8000.0000000, -118000.0000000,
     -0.7365812,       0.3610711,       0.1969746,
  -8000.0000000, -118000.0000000,
     -0.7395005,       0.3486642,       0.1969746,
  -8000.0000000, -118000.0000000,
     -0.7665039,       0.3479343,       0.1969746,
  -8000.0000000, -118000.0000000,
     -0.7650442,       0.3296888,       0.1972989,
  -8000.0000000, -118000.0000000,
     -0.7898582,       0.3326081,       0.1969746,
  -8000.0000000, -118000.0000000,
     -0.7847494,       0.3603413,       0.1972989,
  -8000.0000000, -118000.0000000,
     -0.7504478,       0.3610711,       0.1969746,
  -8000.0000000, -118000.0000000,
     -0.7234444,       0.3574220,       0.1969746,
  -8000.0000000, -118000.0000000,
     -0.7519075,       0.3399063,       0.1969746,
  -8000.0000000, -118000.0000000,
     -0.7628548,       0.3442852,       0.1969746,
  -8000.0000000, -118000.0000000,
     -0.7584758,       0.3523133,       0.1969746,
  -8000.0000000, -118000.0000000,
     -0.7672337,       0.3442852,       0.1976233,
  -8000.0000000, -118000.0000000,
     -0.7467987,       0.3501238,       0.1969746,
  -8000.0000000, -118000.0000000,
     -0.7475285,       0.3574220,       0.1969746,
  -8000.0000000, -118000.0000000,
