      0.8989500,      -0.0512783,       0.2031375,
 -21000.0000000, -118000.0000000,
      0.8872728,      -0.0425205,       0.2031375,
 -21000.0000000, -118000.0000000,
      0.8697571,      -0.0410608,       0.2031375,
 -21000.0000000, -118000.0000000,
      0.8836237,      -0.0578467,       0.2031375,
 -21000.0000000, -118000.0000000,
      0.8989500,      -0.0315731,       0.2028131,
 -21000.0000000, -118000.0000000,
      0.8865430,      -0.0687940,       0.2028131,
 -21000.0000000, -118000.0000000,
      0.9047885,      -0.0746326,       0.2031375,
 -21000.0000000, -117998.5000000,
      0.8887325,      -0.0505485,       0.2037862,
 -21000.0000000, -117992.5000000,
      0.9062482,      -0.0257345,       0.2034619,
 -21000.0000000, -117986.0000000,
      0.8821641,      -0.0403310,       0.2037862,
 -21000.0000000, -117974.0000000,
      0.8763255,      -0.0454397,       0.2034619,
 -21000.0000000, -117960.5000000,
      0.9004096,      -0.0388713,       0.2031375,
 -21000.0000000, -117947.5000000,
      0.8945710,      -0.0498187,       0.2047593,
 -21000.0000000, -117927.5000000,
      0.9069780,      -0.0425205,       0.2044350,
 -21000.0000000, -117910.5000000,
      0.8960307,      -0.0396012,       0.2034619,
 -21000.0000000, -117889.0000000,
      0.9193850,      -0.0235451,       0.2037862,
 -21000.0000000, -117858.5000000,
      0.9150060,      -0.0775519,       0.2044350,
 -21000.0000000, -117830.5000000,
      0.9171955,      -0.0264644,       0.2041106,
 -21000.0000000, -117800.0000000,
      0.8748658,      -0.0629555,       0.2054080,
 -21000.0000000, -117774.5000000,
      0.8763255,      -0.0250047,       0.2037862,
 -21000.0000000, -117731.5000000,
      0.8850833,      -0.0271942,       0.2034619,
 -21000.0000000, -117693.5000000,
      0.8828939,      -0.0366819,       0.2041106,
 -21000.0000000, -117653.0000000,
      0.9361709,      -0.0220854,       0.2047593,
 -21000.0000000, -117619.5000000,
      0.9179253,      -0.0155170,       0.2054080,
 -21000.0000000, -117564.5000000,
      0.8748658,      -0.0534678,       0.2050837,
 -21000.0000000, -117514.0000000,
      0.9303323,      -0.0206258,       0.2044350,
 -21000.0000000, -117477.5000000,
      0.9376305,      -0.0344924,       0.2047593,
 -21000.0000000, -117413.0000000,
      0.8901921,      -0.0396012,       0.2050837,
 -21000.0000000, -117354.5000000,
      0.9179253,      -0.0461696,       0.2050837,
 -21000.0000000, -117309.0000000,
      0.8865430,       0.0063776,       0.2050837,
 -21000.0000000, -117249.0000000,
      0.9193850,      -0.0104083,       0.2047593,
 -21000.0000000, -117186.5000000,
      0.9215744,      -0.0425205,       0.2044350,
 -21000.0000000, -117107.0000000,
      0.9252236,      -0.0417906,       0.2060568,
 -21000.0000000, -117054.0000000,
      0.9186552,      -0.0447099,       0.2067055,
 -21000.0000000, -116988.0000000,
      0.9179253,      -0.0308433,       0.2060568,
 -21000.0000000, -116891.0000000,
      0.9033289,      -0.0286538,       0.2060568,
 -21000.0000000, -116840.5000000,
      0.9164657,      -0.0454397,       0.2060568,
 -21000.0000000, -116732.5000000,
      0.9193850,      -0.0220854,       0.2063811,
 -21000.0000000, -116678.5000000,
      0.9164657,       0.0041882,       0.2057324,
 -21000.0000000, -116582.5000000,
      0.9186552,      -0.0038399,       0.2005426,
 -21000.0000000, -116511.0000000,
      0.9317920,       0.0136758,       0.1930822,
 -21000.0000000, -116428.5000000,
      0.9025991,       0.0151355,       0.1989207,
 -21000.0000000, -116313.5000000,
      0.9098973,       0.0231635,       0.2050837,
 -21000.0000000, -116240.5000000,
      0.8894623,      -0.0140574,       0.2070299,
 -21000.0000000, -116151.0000000,
      0.9069780,      -0.0374117,       0.2057324,
 -21000.0000000, -116047.5000000,
      0.8953009,      -0.0315731,       0.2060568,
 -21000.0000000, -115931.5000000,
      0.8858132,      -0.0220854,       0.2060568,
 -21000.0000000, -115845.0000000,
      0.8872728,       0.0217039,       0.2054080,
 -21000.0000000, -115722.5000000,
      0.8953009,       0.0144057,       0.2060568,
 -21000.0000000, -115638.5000000,
      0.8609992,       0.0370301,       0.2060568,
 -21000.0000000, -115486.0000000,
      0.8872728,       0.0414091,       0.2060568,
 -21000.0000000, -115409.5000000,
      0.8916517,       0.0049180,       0.2057324,
 -21000.0000000, -115301.5000000,
      0.8471326,       0.0363003,       0.2063811,
 -21000.0000000, -115158.0000000,
      0.8858132,       0.0202442,       0.2070299,
 -21000.0000000, -115070.5000000,
      0.8719465,       0.0173250,       0.2073542,
 -21000.0000000, -114934.0000000,
      0.8456730,      -0.0096785,       0.2073542,
 -21000.0000000, -114789.0000000,
      0.8704869,       0.0078373,       0.2067055,
 -21000.0000000, -114681.5000000,
      0.8668378,       0.0282723,       0.2076786,
 -21000.0000000, -114551.5000000,
      0.8734062,       0.0231635,       0.2080030,
 -21000.0000000, -114397.5000000,
      0.8989500,       0.0567353,       0.2076786,
 -21000.0000000, -114262.0000000,
      0.8354554,       0.0392196,       0.2076786,
 -21000.0000000, -114146.0000000,
      0.8500519,       0.0552757,       0.2076786,
 -21000.0000000, -114005.5000000,
      0.8938412,       0.0457880,       0.2086517,
 -21000.0000000, -113863.0000000,
      0.8719465,       0.0304618,       0.2089761,
 -21000.0000000, -113694.5000000,
      0.8442133,       0.0589248,       0.2086517,
 -21000.0000000, -113570.0000000,
      0.9033289,       0.0012689,       0.2093004,
 -21000.0000000, -113371.0000000,
      0.8595396,       0.0530862,       0.2089761,
 -21000.0000000, -113268.0000000,
      0.8544308,      -0.0198960,       0.2083273,
 -21000.0000000, -113061.5000000,
      0.9011394,       0.0268126,       0.2080030,
 -21000.0000000, -112955.5000000,
      0.8558905,       0.0589248,       0.2080030,
 -21000.0000000, -112795.5000000,
      0.8821641,       0.0596546,       0.2076786,
 -21000.0000000, -112633.0000000,
      0.8865430,       0.0472477,       0.2050837,
 -21000.0000000, -112468.0000000,
      0.8522414,       0.0589248,       0.2067055,
 -21000.0000000, -112300.5000000,
      0.8755957,       0.0282723,       0.2060568,
 -21000.0000000, -112093.0000000,
      0.8653782,       0.0479775,       0.2054080,
 -21000.0000000, -111957.5000000,
      0.8339958,       0.0414091,       0.2054080,
 -21000.0000000, -111724.5000000,
      0.8288870,       0.0355705,       0.2054080,
 -21000.0000000, -111605.0000000,
      0.8310765,       0.0034583,       0.2050837,
 -21000.0000000, -111365.0000000,
      0.8456730,       0.0238934,       0.2050837,
 -21000.0000000, -111242.0000000,
      0.8558905,       0.0406793,       0.2037862,
 -21000.0000000, -110995.5000000,
      0.8361853,       0.0735213,       0.2031375,
 -21000.0000000, -110869.0000000,
      0.8040731,       0.0530862,       0.2031375,
 -21000.0000000, -110659.0000000,
      0.8339958,       0.0647634,       0.2034619,
 -21000.0000000, -110402.5000000,
      0.8609992,       0.0560055,       0.2018400,
 -21000.0000000, -110270.5000000,
      0.8471326,       0.0231635,       0.2021644,
 -21000.0000000, -110029.0000000,
      0.8128310,       0.0282723,       0.2024888,
 -21000.0000000, -109894.0000000,
      0.7960451,       0.0633037,       0.2034619,
 -21000.0000000, -109692.0000000,
      0.8106415,       0.0487073,       0.2031375,
 -21000.0000000, -109463.5000000,
      0.8245081,       0.0961457,       0.2024888,
 -21000.0000000, -109221.5000000,
      0.8055327,       0.0800896,       0.2024888,
 -21000.0000000, -109046.0000000,
      0.7858275,       0.0713318,       0.2028131,
 -21000.0000000, -108833.0000000,
      0.8026135,       0.1027141,       0.2031375,
 -21000.0000000, -108618.5000000,
      0.7756100,       0.0997948,       0.2034619,
 -21000.0000000, -108389.0000000,
      0.7690416,       0.1187702,       0.2005426,
 -21000.0000000, -108216.5000000,
      0.7661224,       0.0946861,       0.2037862,
 -21000.0000000, -107944.5000000,
      0.7449575,       0.0997948,       0.2060568,
 -21000.0000000, -107768.5000000,
      0.7646627,       0.0939563,       0.2050837,
 -21000.0000000, -107517.0000000,
      0.7719609,       0.0910370,       0.2067055,
 -21000.0000000, -107311.5000000,
      0.7486066,       0.0851984,       0.2070299,
 -21000.0000000, -107028.0000000,
      0.7559048,       0.1326368,       0.2086517,
 -21000.0000000, -106844.5000000,
      0.7507961,       0.1362859,       0.2086517,
 -21000.0000000, -106558.5000000,
      0.7259821,       0.1443140,       0.2086517,
 -21000.0000000, -106375.0000000,
      0.7653925,       0.1610999,       0.2096248,
 -21000.0000000, -106088.0000000,
      0.7982345,       0.1457736,       0.2080030,
 -21000.0000000, -105904.5000000,
      0.7405786,       0.1465035,       0.2115710,
 -21000.0000000, -105617.0000000,
      0.7216032,       0.1771560,       0.2122197,
 -21000.0000000, -105446.0000000,
      0.7135752,       0.0939563,       0.2128685,
 -21000.0000000, -105198.0000000,
      0.7376593,       0.1326368,       0.2148146,
 -21000.0000000, -104963.0000000,
      0.7580943,       0.1158509,       0.2148146,
 -21000.0000000, -104728.0000000,
      0.7077366,       0.1355561,       0.2157877,
 -21000.0000000, -104454.5000000,
      0.7289014,       0.1501526,       0.2164365,
 -21000.0000000, -104258.0000000,
      0.7310909,       0.1822647,       0.2148146,
 -21000.0000000, -103970.5000000,
      0.7150348,       0.1866437,       0.2157877,
 -21000.0000000, -103787.0000000,
      0.7413084,       0.2143769,       0.2154634,
 -21000.0000000, -103527.0000000,
      0.7442277,       0.1881033,       0.2170852,
 -21000.0000000, -103316.5000000,
      0.7077366,       0.1764262,       0.2174096,
 -21000.0000000, -103056.5000000,
      0.7325505,       0.1530719,       0.2177339,
 -21000.0000000, -102847.0000000,
      0.7230629,       0.1610999,       0.2183827,
 -21000.0000000, -102587.5000000,
      0.7150348,       0.1786156,       0.2177339,
 -21000.0000000, -102377.0000000,
      0.7449575,       0.1654788,       0.2180583,
 -21000.0000000, -102117.0000000,
      0.6938700,       0.1939419,       0.2164365,
 -21000.0000000, -101906.5000000,
      0.6982489,       0.1961314,       0.2151390,
 -21000.0000000, -101646.5000000,
      0.7376593,       0.1983208,       0.2151390,
 -21000.0000000, -101411.5000000,
      0.7259821,       0.2056190,       0.2144903,
 -21000.0000000, -101162.5000000,
      0.6778139,       0.2005103,       0.2128685,
 -21000.0000000, -100965.5000000,
      0.7354698,       0.2078085,       0.2125441,
 -21000.0000000, -100706.0000000,
      0.7091962,       0.1764262,       0.2131928,
 -21000.0000000, -100495.5000000,
      0.6851121,       0.1990506,       0.2125441,
 -21000.0000000, -100222.0000000,
      0.6880314,       0.2180260,       0.2118954,
 -21000.0000000, -100038.0000000,
      0.6668666,       0.1939419,       0.2115710,
 -21000.0000000,  -99790.0000000,
      0.6683262,       0.2282435,       0.2099492,
 -21000.0000000,  -99516.5000000,
      0.6770841,       0.2151067,       0.2096248,
 -21000.0000000,  -99295.0000000,
      0.6464315,       0.2194857,       0.2089761,
 -21000.0000000,  -99084.5000000,
      0.6632174,       0.2691136,       0.2080030,
 -21000.0000000,  -98825.0000000,
      0.6705157,       0.2851696,       0.2067055,
 -21000.0000000,  -98615.5000000,
      0.6347544,       0.2202155,       0.2073542,
 -21000.0000000,  -98342.0000000,
      0.6566490,       0.2457592,       0.2070299,
 -21000.0000000,  -98145.5000000,
      0.6727051,       0.2421101,       0.2070299,
 -21000.0000000,  -97885.5000000,
      0.5997229,       0.2078085,       0.2067055,
 -21000.0000000,  -97676.0000000,
      0.6778139,       0.2391909,       0.2063811,
 -21000.0000000,  -97415.0000000,
      0.6384035,       0.2545171,       0.2063811,
 -21000.0000000,  -97205.5000000,
      0.6172387,       0.2537873,       0.2067055,
 -21000.0000000,  -96945.0000000,
      0.6756244,       0.2837100,       0.2063811,
 -21000.0000000,  -96709.0000000,
      0.6478912,       0.3063345,       0.2063811,
 -21000.0000000,  -96475.0000000,
      0.5770984,       0.2713030,       0.2063811,
 -21000.0000000,  -96251.5000000,
      0.6259965,       0.2931977,       0.2070299,
 -21000.0000000,  -96004.5000000,
      0.6179685,       0.2764118,       0.2080030,
 -21000.0000000,  -95781.0000000,
      0.5566634,       0.2647346,       0.2096248,
 -21000.0000000,  -95534.0000000,
      0.5887756,       0.2880889,       0.2063811,
 -21000.0000000,  -95323.5000000,
      0.6150492,       0.2997661,       0.2105979,
 -21000.0000000,  -95064.0000000,
      0.5311197,       0.2727627,       0.2115710,
 -21000.0000000,  -94854.5000000,
      0.5727195,       0.2910082,       0.2128685,
 -21000.0000000,  -94569.0000000,
      0.5318495,       0.2975766,       0.2135172,
 -21000.0000000,  -94384.5000000,
      0.5384179,       0.3231204,       0.2144903,
 -21000.0000000,  -94085.0000000,
      0.5763686,       0.3274993,       0.2141659,
 -21000.0000000,  -93914.0000000,
      0.5530143,       0.3121731,       0.2154634,
 -21000.0000000,  -93654.0000000,
      0.5230916,       0.3289590,       0.2170852,
 -21000.0000000,  -93443.5000000,
      0.5690704,       0.3077941,       0.2167608,
 -21000.0000000,  -93184.0000000,
      0.5610424,       0.3063345,       0.2170852,
 -21000.0000000,  -92974.5000000,
      0.5486354,       0.2990363,       0.2180583,
 -21000.0000000,  -92713.0000000,
      0.5603125,       0.2990363,       0.2174096,
 -21000.0000000,  -92465.0000000,
      0.5084952,       0.3129029,       0.2174096,
 -21000.0000000,  -92243.5000000,
      0.5376881,       0.3479343,       0.2174096,
 -21000.0000000,  -92033.0000000,
      0.5668809,       0.3245800,       0.2167608,
 -21000.0000000,  -91773.0000000,
      0.5296600,       0.3311484,       0.2174096,
 -21000.0000000,  -91589.0000000,
      0.5581231,       0.3537729,       0.2177339,
 -21000.0000000,  -91263.5000000,
      0.5362284,       0.3683693,       0.2190314,
 -21000.0000000,  -91092.5000000,
      0.5318495,       0.3953728,       0.2190314,
 -21000.0000000,  -90820.0000000,
      0.5303898,       0.4143481,       0.2206532,
 -21000.0000000,  -90623.5000000,
      0.5267407,       0.3413659,       0.2203289,
 -21000.0000000,  -90350.0000000,
      0.5055759,       0.3012257,       0.2203289,
 -21000.0000000,  -90140.5000000,
      0.5114145,       0.3326081,       0.2180583,
 -21000.0000000,  -89893.0000000,
      0.5106846,       0.3165520,       0.2174096,
 -21000.0000000,  -89670.0000000,
      0.4712743,       0.3333379,       0.2151390,
 -21000.0000000,  -89409.0000000,
      0.5201723,       0.3618010,       0.2125441,
 -21000.0000000,  -89199.5000000,
      0.4836812,       0.3661799,       0.2118954,
 -21000.0000000,  -88939.0000000,
      0.4705444,       0.3734781,       0.2128685,
 -21000.0000000,  -88729.5000000,
      0.4778427,       0.4216464,       0.2135172,
 -21000.0000000,  -88469.0000000,
      0.4552182,       0.3982921,       0.2138415,
 -21000.0000000,  -88284.0000000,
      0.5209022,       0.3632606,       0.2148146,
 -21000.0000000,  -87997.5000000,
      0.4734637,       0.3326081,       0.2135172,
 -21000.0000000,  -87827.5000000,
      0.5004671,       0.3508536,       0.2122197,
 -21000.0000000,  -87527.5000000,
      0.5048461,       0.3676395,       0.2118954,
 -21000.0000000,  -87357.0000000,
      0.5311197,       0.3771272,       0.2112466,
 -21000.0000000,  -87122.0000000,
      0.4537585,       0.3355274,       0.2105979,
 -21000.0000000,  -86772.0000000,
      0.4793023,       0.4019412,       0.2093004,
 -21000.0000000,  -86588.0000000,
      0.4720041,       0.4282148,       0.2096248,
 -21000.0000000,  -86418.0000000,
      0.4676251,       0.4296744,       0.2089761,
 -21000.0000000,  -86118.0000000,
      0.4165376,       0.3829658,       0.2086517,
 -21000.0000000,  -85947.5000000,
      0.4231060,       0.3785869,       0.2089761,
 -21000.0000000,  -85712.5000000,
      0.4041306,       0.3793167,       0.2093004,
 -21000.0000000,  -85450.5000000,
      0.4537585,       0.3924535,       0.2089761,
 -21000.0000000,  -85203.5000000,
      0.4223762,       0.3858851,       0.2093004,
 -21000.0000000,  -85007.0000000,
      0.4012113,       0.3778570,       0.2096248,
 -21000.0000000,  -84758.0000000,
      0.4522989,       0.3939131,       0.2099492,
 -21000.0000000,  -84498.5000000,
      0.3523133,       0.4179972,       0.2099492,
 -21000.0000000,  -84237.0000000,
      0.3931833,       0.4428112,       0.2102735,
 -21000.0000000,  -83963.0000000,
      0.4201867,       0.4501094,       0.2099492,
 -21000.0000000,  -83793.0000000,
      0.3450150,       0.4267551,       0.2105979,
 -21000.0000000,  -83582.5000000,
      0.3997517,       0.4347832,       0.2115710,
 -21000.0000000,  -83245.0000000,
      0.3822360,       0.4464603,       0.2118954,
 -21000.0000000,  -83061.0000000,
      0.3472045,       0.4121587,       0.2128685,
 -21000.0000000,  -82878.0000000,
      0.3479343,       0.3961026,       0.2138415,
 -21000.0000000,  -82592.0000000,
      0.3676395,       0.4377024,       0.2144903,
 -21000.0000000,  -82422.0000000,
      0.3603413,       0.4150780,       0.2148146,
 -21000.0000000,  -82187.0000000,
      0.3464747,       0.3931833,       0.2164365,
 -21000.0000000,  -81886.5000000,
      0.3771272,       0.4705444,       0.2161121,
 -21000.0000000,  -81716.0000000,
      0.3618010,       0.4610567,       0.2174096,
 -21000.0000000,  -81481.0000000,
      0.3428256,       0.5114145,       0.2183827,
 -21000.0000000,  -81181.0000000,
      0.3362572,       0.4793023,       0.2193558,
 -21000.0000000,  -81011.0000000,
      0.3253098,       0.4603269,       0.2206532,
 -21000.0000000,  -80762.0000000,
      0.3508536,       0.4537585,       0.2209776,
 -21000.0000000,  -80527.0000000,
      0.3070643,       0.4493796,       0.2222750,
 -21000.0000000,  -80240.5000000,
      0.3034152,       0.4450007,       0.2225994,
 -21000.0000000,  -80005.5000000,
      0.3603413,       0.4391621,       0.2229238,
 -21000.0000000,  -79745.5000000,
      0.2895486,       0.4530287,       0.2242212,
 -21000.0000000,  -79600.0000000,
      0.3165520,       0.4647059,       0.2245456,
 -21000.0000000,  -79365.0000000,
      0.3384466,       0.4712743,       0.2245456,
 -21000.0000000,  -79130.0000000,
      0.2990363,       0.4603269,       0.2251943,
 -21000.0000000,  -78894.5000000,
      0.3318782,       0.4632462,       0.2255187,
 -21000.0000000,  -78622.5000000,
      0.3552326,       0.4741935,       0.2255187,
 -21000.0000000,  -78426.0000000,
      0.3063345,       0.4435410,       0.2261674,
 -21000.0000000,  -78177.0000000,
      0.3413659,       0.4325937,       0.2258431,
 -21000.0000000,  -77955.5000000,
      0.3253098,       0.4384323,       0.2255187,
 -21000.0000000,  -77720.0000000,
      0.2910082,       0.4471901,       0.2245456,
 -21000.0000000,  -77485.0000000,
      0.3669097,       0.4574076,       0.2232481,
 -21000.0000000,  -77185.0000000,
      0.3012257,       0.4705444,       0.2235725,
 -21000.0000000,  -76911.0000000,
      0.2866293,       0.4661655,       0.2213020,
 -21000.0000000,  -76766.0000000,
      0.3231204,       0.4924391,       0.2209776,
 -21000.0000000,  -76479.5000000,
      0.3187415,       0.4668953,       0.2219507,
 -21000.0000000,  -76244.5000000,
      0.3077941,       0.5099548,       0.2213020,
 -21000.0000000,  -76060.5000000,
      0.3063345,       0.4917093,       0.2216263,
 -21000.0000000,  -75787.0000000,
      0.2815205,       0.4734637,       0.2209776,
 -21000.0000000,  -75539.0000000,
      0.3326081,       0.4690848,       0.2203289,
 -21000.0000000,  -75355.0000000,
      0.2807907,       0.4559480,       0.2196801,
 -21000.0000000,  -75120.0000000,
      0.2705732,       0.4807619,       0.2190314,
 -21000.0000000,  -74898.5000000,
      0.3077941,       0.4909794,       0.2187070,
 -21000.0000000,  -74651.0000000,
      0.2829802,       0.4866005,       0.2177339,
 -21000.0000000,  -74416.0000000,
      0.2800609,       0.4938987,       0.2170852,
 -21000.0000000,  -74129.5000000,
      0.2866293,       0.4909794,       0.2157877,
 -21000.0000000,  -73894.0000000,
      0.2515978,       0.4938987,       0.2138415,
 -21000.0000000,  -73710.0000000,
      0.2618153,       0.4975478,       0.2141659,
 -21000.0000000,  -73436.5000000,
      0.3085239,       0.4895198,       0.2148146,
 -21000.0000000,  -73188.5000000,
      0.1990506,       0.4683550,       0.2144903,
 -21000.0000000,  -73004.5000000,
      0.2224049,       0.4690848,       0.2141659,
 -21000.0000000,  -72732.0000000,
      0.2851696,       0.4741935,       0.2135172,
 -21000.0000000,  -72483.5000000,
      0.2056190,       0.4807619,       0.2138415,
 -21000.0000000,  -72299.5000000,
      0.2209453,       0.4814918,       0.2131928,
 -21000.0000000,  -72026.0000000,
      0.1866437,       0.4909794,       0.2131928,
 -21000.0000000,  -71829.0000000,
      0.1676683,       0.5209022,       0.2122197,
 -21000.0000000,  -71542.5000000,
      0.2661943,       0.5136039,       0.2112466,
 -21000.0000000,  -71358.5000000,
      0.1946717,       0.5157934,       0.2109223,
 -21000.0000000,  -71085.0000000,
      0.1632894,       0.4938987,       0.2109223,
 -21000.0000000,  -70889.5000000,
      0.2377312,       0.5172530,       0.2105979,
 -21000.0000000,  -70603.5000000,
      0.1713174,       0.4895198,       0.2115710,
 -21000.0000000,  -70433.5000000,
      0.1808051,       0.5165232,       0.2118954,
 -21000.0000000,  -70133.0000000,
      0.2063489,       0.5099548,       0.2118954,
 -21000.0000000,  -69846.5000000,
      0.1406649,       0.5077654,       0.2073542,
 -21000.0000000,  -69662.5000000,
      0.1516122,       0.5238214,       0.2118954,
 -21000.0000000,  -69478.5000000,
      0.1968612,       0.5427968,       0.2115710,
 -21000.0000000,  -69205.0000000,
      0.1348263,       0.5340389,       0.2122197,
 -21000.0000000,  -69008.5000000,
      0.1625595,       0.5522845,       0.2128685,
 -21000.0000000,  -68735.0000000,
      0.1348263,       0.5376881,       0.2135172,
 -21000.0000000,  -68487.0000000,
      0.0654932,       0.5333091,       0.2138415,
 -21000.0000000,  -68303.5000000,
      0.1289877,       0.5252811,       0.2144903,
 -21000.0000000,  -68017.0000000,
      0.1501526,       0.5457161,       0.2154634,
 -21000.0000000,  -67846.5000000,
      0.0917668,       0.5406073,       0.2157877,
 -21000.0000000,  -67546.5000000,
      0.1362859,       0.5369582,       0.2157877,
 -21000.0000000,  -67362.5000000,
      0.0997948,       0.5522845,       0.2167608,
 -21000.0000000,  -67076.0000000,
      0.0808195,       0.5683406,       0.2177339,
 -21000.0000000,  -66893.5000000,
      0.1151211,       0.5384179,       0.2174096,
 -21000.0000000,  -66607.0000000,
      0.0538161,       0.5719897,       0.2170852,
 -21000.0000000,  -66423.5000000,
      0.0757107,       0.5617722,       0.2190314,
 -21000.0000000,  -66137.0000000,
      0.0924966,       0.5544740,       0.2148146,
 -21000.0000000,  -65953.0000000,
      0.0516266,       0.5646915,       0.2196801,
 -21000.0000000,  -65666.5000000,
      0.0611143,       0.4953584,       0.2203289,
 -21000.0000000,  -65482.5000000,
      0.0954159,       0.5391477,       0.2209776,
 -21000.0000000,  -65196.0000000,
      0.0530862,       0.5457161,       0.2216263,
 -21000.0000000,  -65039.0000000,
      0.0676827,       0.5668809,       0.2213020,
 -21000.0000000,  -64726.0000000,
      0.0735213,       0.5880458,       0.2213020,
 -21000.0000000,  -64542.0000000,
      0.0377600,       0.6026422,       0.2213020,
 -21000.0000000,  -64231.0000000,
      0.0443284,       0.5829370,       0.2219507,
 -21000.0000000,  -64033.5000000,
      0.0640336,       0.6208878,       0.2213020,
 -21000.0000000,  -63785.5000000,
      0.0165951,       0.5946142,       0.2222750,
 -21000.0000000,  -63601.5000000,
      0.0633037,       0.5734493,       0.2219507,
 -21000.0000000,  -63315.0000000,
      0.0363003,       0.5354986,       0.2225994,
 -21000.0000000,  -63131.0000000,
     -0.0052995,       0.5296600,       0.2229238,
 -21000.0000000,  -62846.0000000,
      0.0691423,       0.5997229,       0.2219507,
 -21000.0000000,  -62662.0000000,
      0.0487073,       0.5749090,       0.2222750,
 -21000.0000000,  -62376.0000000,
      0.0165951,       0.6114001,       0.2235725,
 -21000.0000000,  -62192.0000000,
      0.0268126,       0.6084808,       0.2245456,
 -21000.0000000,  -61932.0000000,
     -0.0052995,       0.5814774,       0.2242212,
 -21000.0000000,  -61748.0000000,
      0.0231635,       0.5865861,       0.2248700,
 -21000.0000000,  -61448.0000000,
      0.0691423,       0.6296456,       0.2251943,
 -21000.0000000,  -61212.5000000,
     -0.0045697,       0.5975335,       0.2251943,
 -21000.0000000,  -60965.0000000,
      0.0195144,       0.5632318,       0.2255187,
 -21000.0000000,  -60705.0000000,
      0.0180548,       0.5617722,       0.2248700,
 -21000.0000000,  -60546.0000000,
     -0.0271942,       0.5909651,       0.2251943,
 -21000.0000000,  -60259.5000000,
     -0.0133276,       0.5741792,       0.2251943,
 -21000.0000000,  -59999.5000000,
      0.0158653,       0.5902352,       0.2251943,
 -21000.0000000,  -59840.5000000,
     -0.0191661,       0.5822072,       0.2248700,
 -21000.0000000,  -59566.5000000,
     -0.0089486,       0.6048317,       0.2245456,
 -21000.0000000,  -59331.5000000,
     -0.0191661,       0.6092106,       0.2248700,
 -21000.0000000,  -59148.0000000,
     -0.0337626,       0.6267263,       0.2242212,
 -21000.0000000,  -58862.5000000,
      0.0107566,       0.6398631,       0.2235725,
 -21000.0000000,  -58576.5000000,
      0.0085671,       0.5931545,       0.2242212,
 -21000.0000000,  -58380.0000000,
     -0.0607660,       0.6252667,       0.2242212,
 -21000.0000000,  -58196.0000000,
      0.0085671,       0.5916949,       0.2235725,
 -21000.0000000,  -57909.0000000,
     -0.0235451,       0.5763686,       0.2235725,
 -21000.0000000,  -57725.5000000,
     -0.0366819,       0.6077510,       0.2238969,
 -21000.0000000,  -57465.5000000,
     -0.0060293,       0.6062913,       0.2232481,
 -21000.0000000,  -57255.0000000,
     -0.0388713,       0.6267263,       0.2235725,
 -21000.0000000,  -56981.5000000,
     -0.0563871,       0.6384035,       0.2232481,
 -21000.0000000,  -56785.0000000,
     -0.0140574,       0.6427824,       0.2235725,
 -21000.0000000,  -56550.0000000,
     -0.0702537,       0.6230772,       0.2225994,
 -21000.0000000,  -56276.0000000,
     -0.0607660,       0.6296456,       0.2222750,
 -21000.0000000,  -56054.5000000,
     -0.0826607,       0.6062913,       0.2216263,
 -21000.0000000,  -55844.5000000,
     -0.0651449,       0.6077510,       0.2216263,
 -21000.0000000,  -55609.0000000,
     -0.0571169,       0.5924247,       0.2209776,
 -21000.0000000,  -55349.0000000,
     -0.0541976,       0.5895054,       0.2209776,
 -21000.0000000,  -55100.5000000,
     -0.0855799,       0.5968036,       0.2216263,
 -21000.0000000,  -54905.0000000,
     -0.0782817,       0.6537298,       0.2203289,
 -21000.0000000,  -54631.5000000,
     -0.0498187,       0.6135896,       0.2209776,
 -21000.0000000,  -54383.5000000,
     -0.0819308,       0.6602982,       0.2203289,
 -21000.0000000,  -54199.5000000,
     -0.0600362,       0.6259965,       0.2203289,
 -21000.0000000,  -53913.0000000,
     -0.0812010,       0.6179685,       0.2203289,
 -21000.0000000,  -53729.0000000,
     -0.0906887,       0.6595683,       0.2200045,
 -21000.0000000,  -53469.0000000,
     -0.0790116,       0.6325649,       0.2196801,
 -21000.0000000,  -53234.0000000,
     -0.0841203,       0.6697858,       0.2193558,
 -21000.0000000,  -53024.0000000,
     -0.1198816,       0.6311053,       0.2206532,
 -21000.0000000,  -52764.0000000,
     -0.0884992,       0.5989931,       0.2193558,
 -21000.0000000,  -52529.0000000,
     -0.0936080,       0.6092106,       0.2187070,
 -21000.0000000,  -52345.0000000,
     -0.1082044,       0.6289158,       0.2183827,
 -21000.0000000,  -52032.0000000,
     -0.0928782,       0.6602982,       0.2183827,
 -21000.0000000,  -51848.0000000,
     -0.1257202,       0.6464315,       0.2177339,
 -21000.0000000,  -51561.5000000,
     -0.1373973,       0.6420526,       0.2174096,
 -21000.0000000,  -51353.0000000,
     -0.1279096,       0.6639473,       0.2180583,
 -21000.0000000,  -51118.0000000,
     -0.1439657,       0.6471614,       0.2187070,
 -21000.0000000,  -50882.5000000,
     -0.1410464,       0.6522701,       0.2187070,
 -21000.0000000,  -50673.5000000,
     -0.1147728,       0.6332947,       0.2177339,
 -21000.0000000,  -50438.5000000,
     -0.1636709,       0.6588385,       0.2180583,
 -21000.0000000,  -50178.5000000,
     -0.1395868,       0.6384035,       0.2180583,
 -21000.0000000,  -49929.5000000,
     -0.1388570,       0.6727051,       0.2174096,
 -21000.0000000,  -49733.0000000,
     -0.2052708,       0.6748946,       0.2170852,
 -21000.0000000,  -49473.0000000,
     -0.1972427,       0.6843823,       0.2177339,
 -21000.0000000,  -49262.5000000,
     -0.1651306,       0.6814630,       0.2177339,
 -21000.0000000,  -49003.0000000,
     -0.1877550,       0.6894910,       0.2177339,
 -21000.0000000,  -48754.0000000,
     -0.1709691,       0.6756244,       0.2177339,
 -21000.0000000,  -48557.5000000,
     -0.1527236,       0.6332947,       0.2170852,
 -21000.0000000,  -48297.5000000,
     -0.2023515,       0.6493508,       0.2170852,
 -21000.0000000,  -48113.5000000,
     -0.1789972,       0.6413228,       0.2167608,
 -21000.0000000,  -47827.0000000,
     -0.1950533,       0.6778139,       0.2161121,
 -21000.0000000,  -47578.0000000,
     -0.3016073,       0.6865718,       0.2151390,
 -21000.0000000,  -47381.5000000,
     -0.2111093,       0.6683262,       0.2148146,
 -21000.0000000,  -47121.5000000,
     -0.2257058,       0.6624876,       0.2144903,
 -21000.0000000,  -46861.0000000,
     -0.2877406,       0.6712455,       0.2141659,
 -21000.0000000,  -46677.5000000,
     -0.2045409,       0.6792735,       0.2141659,
 -21000.0000000,  -46417.5000000,
     -0.2191374,       0.6500807,       0.2135172,
 -21000.0000000,  -46207.5000000,
     -0.2600074,       0.6727051,       0.2131928,
 -21000.0000000,  -45947.0000000,
     -0.2089199,       0.6544596,       0.2135172,
 -21000.0000000,  -45736.0000000,
     -0.2884705,       0.6610280,       0.2131928,
 -21000.0000000,  -45476.0000000,
     -0.2483303,       0.6551894,       0.2131928,
 -21000.0000000,  -45227.5000000,
     -0.2373829,       0.6719753,       0.2128685,
 -21000.0000000,  -45006.0000000,
     -0.3037967,       0.6763542,       0.2122197,
 -21000.0000000,  -44771.0000000,
     -0.2892003,       0.6967893,       0.2115710,
 -21000.0000000,  -44560.5000000,
     -0.2614671,       0.6902209,       0.2118954,
 -21000.0000000,  -44301.0000000,
     -0.3570737,       0.7172243,       0.2105979,
 -21000.0000000,  -44065.5000000,
     -0.2746039,       0.6756244,       0.2118954,
 -21000.0000000,  -43830.5000000,
     -0.2753337,       0.7369295,       0.2109223,
 -21000.0000000,  -43620.0000000,
     -0.3213125,       0.6734350,       0.2099492,
 -21000.0000000,  -43360.0000000,
     -0.2935792,       0.6719753,       0.2118954,
 -21000.0000000,  -43149.5000000,
     -0.2833617,       0.6624876,       0.2122197,
 -21000.0000000,  -42902.5000000,
     -0.3308001,       0.6945998,       0.2118954,
 -21000.0000000,  -42680.5000000,
     -0.2964985,       0.6624876,       0.2118954,
 -21000.0000000,  -42421.0000000,
     -0.3183932,       0.6675964,       0.2125441,
 -21000.0000000,  -42210.5000000,
     -0.3614527,       0.6938700,       0.2118954,
 -21000.0000000,  -41950.5000000,
     -0.3205826,       0.6953296,       0.2115710,
 -21000.0000000,  -41740.0000000,
     -0.3395580,       0.6997085,       0.2115710,
 -21000.0000000,  -41480.0000000,
     -0.3380984,       0.6858419,       0.2115710,
 -21000.0000000,  -41231.0000000,
     -0.3037967,       0.6602982,       0.2115710,
 -21000.0000000,  -40996.0000000,
     -0.3775088,       0.6705157,       0.2115710,
 -21000.0000000,  -40799.5000000,
     -0.3672912,       0.7055471,       0.2118954,
 -21000.0000000,  -40526.0000000,
     -0.3286107,       0.6756244,       0.2125441,
 -21000.0000000,  -40329.5000000,
     -0.4227577,       0.6800034,       0.2128685,
 -21000.0000000,  -40094.0000000,
     -0.3899157,       0.6982489,       0.2131928,
 -21000.0000000,  -39807.5000000,
     -0.4081613,       0.7179541,       0.2135172,
 -21000.0000000,  -39585.0000000,
     -0.4052420,       0.6821928,       0.2125441,
 -21000.0000000,  -39415.0000000,
     -0.3840772,       0.6960594,       0.2128685,
 -21000.0000000,  -39128.5000000,
     -0.4293261,       0.6493508,       0.2125441,
 -21000.0000000,  -38919.5000000,
     -0.3950245,       0.6843823,       0.2131928,
 -21000.0000000,  -38646.0000000,
     -0.3709404,       0.6595683,       0.2131928,
 -21000.0000000,  -38411.0000000,
     -0.3957543,       0.6712455,       0.2118954,
 -21000.0000000,  -38227.0000000,
     -0.4132700,       0.6529999,       0.2112466,
 -21000.0000000,  -37979.0000000,
     -0.3753193,       0.6727051,       0.2109223,
 -21000.0000000,  -37719.0000000,
     -0.4351647,       0.6734350,       0.2096248,
 -21000.0000000,  -37508.5000000,
     -0.4030525,       0.7040875,       0.2089761,
 -21000.0000000,  -37235.0000000,
     -0.3738596,       0.6800034,       0.2076786,
 -21000.0000000,  -37065.0000000,
     -0.4322454,       0.6873016,       0.2086517,
 -21000.0000000,  -36764.5000000,
     -0.4446524,       0.6821928,       0.2093004,
 -21000.0000000,  -36594.5000000,
     -0.3818877,       0.6894910,       0.2109223,
 -21000.0000000,  -36294.5000000,
     -0.4555997,       0.6931402,       0.2112466,
 -21000.0000000,  -36098.0000000,
     -0.4212981,       0.6807332,       0.2128685,
 -21000.0000000,  -35851.0000000,
     -0.4534102,       0.7055471,       0.2125441,
 -21000.0000000,  -35654.0000000,
     -0.4767646,       0.6654069,       0.2138415,
 -21000.0000000,  -35405.0000000,
     -0.4205683,       0.6916805,       0.2144903,
 -21000.0000000,  -35106.0000000,
     -0.4986592,       0.7157646,       0.2151390,
 -21000.0000000,  -34948.5000000,
     -0.5015785,       0.6851121,       0.2148146,
 -21000.0000000,  -34663.5000000,
     -0.5008487,       0.6997085,       0.2164365,
 -21000.0000000,  -34414.5000000,
     -0.4935505,       0.6712455,       0.2161121,
 -21000.0000000,  -34244.5000000,
     -0.5088767,       0.6493508,       0.2151390,
 -21000.0000000,  -33982.5000000,
     -0.5088767,       0.6705157,       0.2167608,
 -21000.0000000,  -33709.0000000,
     -0.5344205,       0.6705157,       0.2164365,
 -21000.0000000,  -33525.0000000,
     -0.5132557,       0.6639473,       0.2157877,
 -21000.0000000,  -33303.5000000,
     -0.5044978,       0.6748946,       0.2167608,
 -21000.0000000,  -33003.5000000,
     -0.5460976,       0.6719753,       0.2154634,
 -21000.0000000,  -32782.5000000,
     -0.5731011,       0.6938700,       0.2161121,
 -21000.0000000,  -32598.5000000,
     -0.5614239,       0.6800034,       0.2161121,
 -21000.0000000,  -32349.5000000,
     -0.5920764,       0.6887612,       0.2157877,
 -21000.0000000,  -32063.0000000,
     -0.5482871,       0.7135752,       0.2157877,
 -21000.0000000,  -31893.0000000,
     -0.5519362,       0.6858419,       0.2167608,
 -21000.0000000,  -31592.5000000,
     -0.5840484,       0.6763542,       0.2154634,
 -21000.0000000,  -31422.5000000,
     -0.5592344,       0.6427824,       0.2161121,
 -21000.0000000,  -31174.0000000,
     -0.5825887,       0.6376737,       0.2164365,
 -21000.0000000,  -30952.5000000,
     -0.5957255,       0.6391333,       0.2164365,
 -21000.0000000,  -30718.5000000,
     -0.5679923,       0.6610280,       0.2157877,
 -21000.0000000,  -30483.5000000,
     -0.6030238,       0.6836525,       0.2157877,
 -21000.0000000,  -30183.5000000,
     -0.6030238,       0.6741648,       0.2141659,
 -21000.0000000,  -29948.0000000,
     -0.5949957,       0.6281860,       0.2141659,
 -21000.0000000,  -29751.5000000,
     -0.5862379,       0.7011682,       0.2135172,
 -21000.0000000,  -29477.5000000,
     -0.6161606,       0.6741648,       0.2141659,
 -21000.0000000,  -29307.5000000,
     -0.5738309,       0.6610280,       0.2131928,
 -21000.0000000,  -29058.5000000,
     -0.6774656,       0.6559192,       0.2125441,
 -21000.0000000,  -28785.5000000,
     -0.6482727,       0.6486210,       0.2131928,
 -21000.0000000,  -28564.0000000,
     -0.6095922,       0.6617578,       0.2138415,
 -21000.0000000,  -28367.5000000,
     -0.6986304,       0.6515403,       0.2122197,
 -21000.0000000,  -28118.5000000,
     -0.6351359,       0.6150492,       0.2083273,
 -21000.0000000,  -27897.0000000,
     -0.5993746,       0.5376881,       0.2024888,
 -21000.0000000,  -27661.5000000,
     -0.5738309,       0.5953440,       0.1953527,
 -21000.0000000,  -27426.5000000,
     -0.5307714,       0.6581087,       0.1885411,
 -21000.0000000,  -27191.5000000,
     -0.6256482,       0.7230629,       0.1872436,
 -21000.0000000,  -26956.0000000,
     -0.6176202,       0.7405786,       0.1901629,
 -21000.0000000,  -26657.5000000,
     -0.6592201,       0.6865718,       0.1937309,
 -21000.0000000,  -26473.5000000,
     -0.6752761,       0.7033577,       0.1937309,
 -21000.0000000,  -26187.0000000,
     -0.6738165,       0.6581087,       0.1972989,
 -21000.0000000,  -26017.0000000,
     -0.6949813,       0.6500807,       0.1969746,
 -21000.0000000,  -25781.5000000,
     -0.6533815,       0.6588385,       0.1966502,
 -21000.0000000,  -25546.5000000,
     -0.7227146,       0.6573789,       0.1972989,
 -21000.0000000,  -25311.5000000,
     -0.6314868,       0.6537298,       0.1969746,
 -21000.0000000,  -25076.0000000,
     -0.6665183,       0.6559192,       0.1963258,
 -21000.0000000,  -24789.0000000,
     -0.7073883,       0.6515403,       0.1956771,
 -21000.0000000,  -24541.0000000,
     -0.6906024,       0.6661367,       0.1969746,
 -21000.0000000,  -24357.5000000,
     -0.7037392,       0.6362140,       0.1953527,
 -21000.0000000,  -24083.5000000,
     -0.7132269,       0.6318351,       0.1969746,
 -21000.0000000,  -23835.5000000,
     -0.7117672,       0.6588385,       0.1969746,
 -21000.0000000,  -23651.5000000,
     -0.7373110,       0.6566490,       0.1966502,
 -21000.0000000,  -23352.5000000,
     -0.7613951,       0.6800034,       0.1963258,
 -21000.0000000,  -23181.5000000,
     -0.7285531,       0.6442421,       0.1966502,
 -21000.0000000,  -22960.0000000,
     -0.6942515,       0.6559192,       0.1966502,
 -21000.0000000,  -22728.0000000,
     -0.7270935,       0.6551894,       0.1963258,
 -21000.0000000,  -22434.5000000,
     -0.7183356,       0.6522701,       0.1963258,
 -21000.0000000,  -22219.0000000,
     -0.7234444,       0.6624876,       0.1960015,
 -21000.0000000,  -21982.0000000,
     -0.7351215,       0.6522701,       0.1972989,
 -21000.0000000,  -21771.5000000,
     -0.7351215,       0.6778139,       0.1979476,
 -21000.0000000,  -21539.0000000,
     -0.7416899,       0.6347544,       0.1982720,
 -21000.0000000,  -21381.5000000,
     -0.7161462,       0.6537298,       0.1982720,
 -21000.0000000,  -21119.0000000,
     -0.7613951,       0.6515403,       0.1985964,
 -21000.0000000,  -20940.0000000,
     -0.7752618,       0.6829226,       0.1976233,
 -21000.0000000,  -20684.0000000,
     -0.7613951,       0.6486210,       0.1908116,
 -21000.0000000,  -20476.5000000,
     -0.8154020,       0.6909507,       0.1989207,
 -21000.0000000,  -20328.0000000,
     -0.8008055,       0.7033577,       0.1998938,
 -21000.0000000,  -20113.5000000,
     -0.8168616,       0.6814630,       0.2002182,
 -21000.0000000,  -19869.5000000,
     -0.8102932,       0.6712455,       0.2002182,
 -21000.0000000,  -19737.5000000,
     -0.8497036,       0.6734350,       0.2005426,
 -21000.0000000,  -19477.5000000,
     -0.8686790,       0.6610280,       0.2011913,
 -21000.0000000,  -19328.5000000,
     -0.8256195,       0.6033720,       0.2008669,
 -21000.0000000,  -19108.0000000,
     -0.8263493,       0.6332947,       0.2002182,
 -21000.0000000,  -18909.5000000,
     -0.7949669,       0.6537298,       0.1966502,
 -21000.0000000,  -18765.0000000,
     -0.7978862,       0.6588385,       0.1998938,
 -21000.0000000,  -18543.0000000,
     -0.8730579,       0.6800034,       0.2002182,
 -21000.0000000,  -18402.5000000,
     -0.8482440,       0.6982489,       0.2015157,
 -21000.0000000,  -18186.0000000,
     -0.8453247,       0.6384035,       0.2011913,
 -21000.0000000,  -18049.0000000,
     -0.8358370,       0.6230772,       0.2015157,
 -21000.0000000,  -17848.0000000,
     -0.8248897,       0.6924103,       0.2024888,
 -21000.0000000,  -17706.0000000,
     -0.8460545,       0.6778139,       0.2024888,
 -21000.0000000,  -17502.0000000,
     -0.8694088,       0.6500807,       0.2028131,
 -21000.0000000,  -17372.5000000,
     -0.8818158,       0.6478912,       0.2031375,
 -21000.0000000,  -17174.5000000,
     -0.8591913,       0.6515403,       0.2044350,
 -21000.0000000,  -17067.5000000,
     -0.8701386,       0.6734350,       0.2047593,
 -21000.0000000,  -16857.5000000,
     -0.8752474,       0.6953296,       0.2028131,
 -21000.0000000,  -16736.5000000,
     -0.9248753,       0.6551894,       0.2034619,
 -21000.0000000,  -16584.0000000,
     -0.9241454,       0.6690560,       0.2067055,
 -21000.0000000,  -16402.0000000,
     -0.9153876,       0.6427824,       0.2076786,
 -21000.0000000,  -16303.0000000,
     -0.9540681,       0.6821928,       0.2086517,
 -21000.0000000,  -16110.0000000,
     -0.9329033,       0.6734350,       0.2096248,
 -21000.0000000,  -15998.5000000,
     -0.9219560,       0.6705157,       0.2096248,
 -21000.0000000,  -15828.0000000,
     -0.9015210,       0.6770841,       0.2105979,
 -21000.0000000,  -15720.5000000,
     -0.9080894,       0.6639473,       0.2118954,
 -21000.0000000,  -15585.5000000,
     -0.9212262,       0.6369439,       0.2122197,
 -21000.0000000,  -15424.0000000,
     -0.9460401,       0.5982633,       0.2102735,
 -21000.0000000,  -15322.5000000,
     -0.9292542,       0.6019124,       0.2096248,
 -21000.0000000,  -15167.0000000,
     -0.9139279,       0.5654213,       0.2067055,
 -21000.0000000,  -15069.5000000,
     -0.9321735,       0.5194425,       0.2002182,
 -21000.0000000,  -14927.0000000,
     -0.8854649,       0.4610567,       0.1914603,
 -21000.0000000,  -14807.5000000,
     -0.8540825,       0.3997517,       0.1823781,
 -21000.0000000,  -14709.0000000,
     -0.8132125,       0.4143481,       0.1732959,
 -21000.0000000,  -14569.5000000,
     -0.7482583,       0.3508536,       0.1648624,
 -21000.0000000,  -14457.0000000,
     -0.7343917,       0.3537729,       0.1541583,
 -21000.0000000,  -14371.5000000,
     -0.6716270,       0.4304042,       0.1450761,
 -21000.0000000,  -14264.0000000,
     -0.6292974,       0.4990075,       0.1382644,
 -21000.0000000,  -14136.5000000,
     -0.5979150,       0.5887756,       0.1372913,
 -21000.0000000,  -14056.0000000,
     -0.5811291,       0.7267120,       0.1392375,
 -21000.0000000,  -13934.5000000,
     -0.6249184,       0.8420238,       0.1450761,
 -21000.0000000,  -13858.0000000,
     -0.6979006,       0.8434835,       0.1515634,
 -21000.0000000,  -13742.5000000,
     -0.7197953,       0.8814342,       0.1586994,
 -21000.0000000,  -13670.5000000,
     -0.7526373,       0.8777851,       0.1658355,
 -21000.0000000,  -13561.0000000,
     -0.8241598,       0.8420238,       0.1745933,
 -21000.0000000,  -13492.5000000,
     -0.8584615,       0.8288870,       0.1849730,
 -21000.0000000,  -13389.0000000,
     -0.9117385,       0.8201292,       0.1937309,
 -21000.0000000,  -13324.5000000,
     -0.9292542,       0.7858275,       0.2002182,
 -21000.0000000,  -13227.5000000,
     -0.9504190,       0.8033433,       0.2060568,
 -21000.0000000,  -13142.5000000,
     -0.9686646,       0.7420382,       0.2099492,
 -21000.0000000,  -13091.5000000,
     -0.9474997,       0.7099261,       0.2135172,
 -21000.0000000,  -13007.5000000,
     -0.9708541,       0.7157646,       0.2157877,
 -21000.0000000,  -12949.0000000,
     -0.9781523,       0.7245225,       0.2161121,
 -21000.0000000,  -12867.0000000,
     -0.9912891,       0.7208734,       0.2170852,
 -21000.0000000,  -12816.5000000,
     -0.9898294,       0.6945998,       0.2183827,
 -21000.0000000,  -12740.5000000,
     -1.0285100,       0.6668666,       0.2187070,
 -21000.0000000,  -12694.0000000,
     -0.9796119,       0.6734350,       0.2190314,
 -21000.0000000,  -12624.0000000,
     -1.0394573,       0.6800034,       0.2187070,
 -21000.0000000,  -12581.0000000,
     -1.0190223,       0.6770841,       0.2190314,
 -21000.0000000,  -12517.5000000,
     -1.0015066,       0.6566490,       0.2196801,
 -21000.0000000,  -12462.5000000,
     -1.0095346,       0.6610280,       0.2200045,
 -21000.0000000,  -12423.0000000,
     -1.0263205,       0.6500807,       0.2200045,
 -21000.0000000,  -12376.0000000,
     -0.9810716,       0.6690560,       0.2203289,
 -21000.0000000,  -12343.0000000,
     -1.0095346,       0.6851121,       0.2196801,
 -21000.0000000,  -12294.5000000,
     -1.0248609,       0.6311053,       0.2200045,
 -21000.0000000,  -12269.5000000,
     -0.9956680,       0.6661367,       0.2203289,
 -21000.0000000,  -12222.5000000,
     -1.0204820,       0.6362140,       0.2203289,
 -21000.0000000,  -12197.5000000,
     -1.0299696,       0.6376737,       0.2193558,
 -21000.0000000,  -12164.5000000,
     -0.9963978,       0.6800034,       0.2200045,
 -21000.0000000,  -12139.5000000,
     -1.0270503,       0.6537298,       0.2196801,
 -21000.0000000,  -12114.5000000,
     -1.0051557,       0.6617578,       0.2193558,
 -21000.0000000,  -12088.5000000,
     -1.0095346,       0.6624876,       0.2193558,
 -21000.0000000,  -12069.0000000,
     -1.0102644,       0.6836525,       0.2193558,
 -21000.0000000,  -12051.0000000,
     -1.0263205,       0.6719753,       0.2193558,
 -21000.0000000,  -12040.5000000,
     -0.9963978,       0.6493508,       0.2196801,
 -21000.0000000,  -12024.0000000,
     -1.0423766,       0.6581087,       0.2190314,
 -21000.0000000,  -12016.5000000,
     -1.0080750,       0.6675964,       0.2200045,
 -21000.0000000,  -12007.5000000,
     -1.0365380,       0.6413228,       0.2193558,
 -21000.0000000,  -12004.0000000,
     -1.0146434,       0.6683262,       0.2190314,
 -21000.0000000,  -12000.5000000,
     -1.0613520,       0.6493508,       0.2193558,
 -21000.0000000,  -12000.5000000,
     -1.0161030,       0.6865718,       0.2200045,
 -21000.0000000,  -12000.5000000,
     -1.0328889,       0.6595683,       0.2203289,
 -21000.0000000,  -12000.5000000,
     -1.0219416,       0.6909507,       0.2196801,
 -21000.0000000,  -12000.5000000,
     -1.0219416,       0.6391333,       0.2206532,
 -21000.0000000,  -12000.5000000,
     -1.0007768,       0.6478912,       0.2187070,
 -21000.0000000,  -12000.5000000,
     -0.9963978,       0.6683262,       0.2203289,
 -21000.0000000,  -12000.5000000,
     -1.0350784,       0.6508105,       0.2203289,
 -21000.0000000,  -12000.5000000,
     -1.0372679,       0.6478912,       0.2190314,
 -21000.0000000,  -12000.5000000,
     -0.9890996,       0.6267263,       0.2203289,
 -21000.0000000,  -12000.5000000,
     -1.0343486,       0.6661367,       0.2193558,
 -21000.0000000,  -12000.5000000,
     -1.0306995,       0.6661367,       0.2196801,
 -21000.0000000,  -12000.0000000,
     -1.0234012,       0.6318351,       0.2200045,
 -21000.0000000,  -12000.0000000,
     -1.0241311,       0.6500807,       0.2196801,
 -21000.0000000,  -12000.0000000,
     -1.0219416,       0.6398631,       0.2196801,
 -21000.0000000,  -12000.0000000,
     -1.0358082,       0.6442421,       0.2200045,
 -21000.0000000,  -12000.0000000,
     -1.0102644,       0.6216176,       0.2200045,
 -21000.0000000,  -12000.0000000,
     -1.0102644,       0.6369439,       0.2206532,
 -21000.0000000,  -12000.0000000,
     -1.0555134,       0.6449719,       0.2200045,
 -21000.0000000,  -12000.0000000,
     -1.0460257,       0.6719753,       0.2193558,
 -21000.0000000,  -12000.0000000,
     -1.0007768,       0.6661367,       0.2196801,
 -21000.0000000,  -12000.0000000,
     -1.0241311,       0.6435123,       0.2200045,
 -21000.0000000,  -12000.0000000,
     -1.0255907,       0.6602982,       0.2196801,
 -21000.0000000,  -12000.0000000,
     -1.0117241,       0.6464315,       0.2203289,
 -21000.0000000,  -12000.0000000,
     -1.0248609,       0.6186983,       0.2200045,
 -21000.0000000,  -12000.0000000,
     -1.0241311,       0.6668666,       0.2196801,
 -21000.0000000,  -12000.0000000,
     -1.0598923,       0.6369439,       0.2203289,
 -21000.0000000,  -12000.0000000,
     -1.0117241,       0.6778139,       0.2200045,
 -21000.0000000,  -12000.0000000,
     -1.0577029,       0.6639473,       0.2203289,
 -21000.0000000,  -12000.0000000,
     -0.9810716,       0.6500807,       0.2200045,
 -21000.0000000,  -12000.0000000,
     -0.9876400,       0.6617578,       0.2196801,
 -21000.0000000,  -12000.0000000,
     -1.0722993,       0.6683262,       0.2196801,
 -21000.0000000,  -12000.0000000,
     -1.0547836,       0.6500807,       0.2203289,
 -21000.0000000,  -12000.0000000,
     -1.0547836,       0.6690560,       0.2196801,
 -21000.0000000,  -12000.0000000,
     -1.0066153,       0.6778139,       0.2200045,
 -21000.0000000,  -12000.0000000,
     -1.0314293,       0.6734350,       0.2196801,
 -21000.0000000,  -12000.0000000,
     -1.0299696,       0.6610280,       0.2196801,
 -21000.0000000,  -12000.0000000,
     -1.0095346,       0.6624876,       0.2203289,
 -21000.0000000,  -12000.0000000,
     -1.0197521,       0.6573789,       0.2200045,
 -21000.0000000,  -12000.0000000,
     -1.0306995,       0.6486210,       0.2196801,
 -21000.0000000,  -12000.0000000,
     -1.0102644,       0.6332947,       0.2200045,
 -21000.0000000,  -12000.0000000,
     -1.0197521,       0.6610280,       0.2200045,
 -21000.0000000,  -12000.0000000,
     -1.0139136,       0.6522701,       0.2200045,
 -21000.0000000,  -12000.0000000,
     -1.0343486,       0.6405930,       0.2203289,
 -21000.0000000,  -12000.0000000,
     -1.0161030,       0.6763542,       0.2196801,
 -21000.0000000,  -12000.0000000,
     -1.0358082,       0.6624876,       0.2196801,
 -21000.0000000,  -12000.0000000,
     -1.0182925,       0.6493508,       0.2200045,
 -21000.0000000,  -12000.0000000,
     -1.0299696,       0.6529999,       0.2200045,
 -21000.0000000,  -12000.0000000,
     -1.0445661,       0.6551894,       0.2200045,
 -21000.0000000,  -12000.0000000,
     -1.0263205,       0.6544596,       0.2200045,
 -21000.0000000,  -12000.0000000,
     -1.0248609,       0.6610280,       0.2196801,
 -21000.0000000,  -12000.0000000,
     -0.9956680,       0.6705157,       0.2200045,
 -21000.0000000,  -12000.0000000,
     -1.0226714,       0.6420526,       0.2206532,
 -21000.0000000,  -12000.0000000,
     -1.0175627,       0.6435123,       0.2200045,
 -21000.0000000,  -12000.0000000,
     -1.0387275,       0.6661367,       0.2200045,
 -21000.0000000,  -12000.0000000,
     -1.0321591,       0.6325649,       0.2200045,
 -21000.0000000,  -12000.0000000,
     -1.0504047,       0.6274562,       0.2200045,
 -21000.0000000,  -12000.0000000,
     -1.0248609,       0.6573789,       0.2200045,
 -21000.0000000,  -12000.0000000,
     -1.0197521,       0.6384035,       0.2193558,
 -21000.0000000,  -12000.0000000,
     -1.0197521,       0.6646771,       0.2196801,
 -21000.0000000,  -12000.0000000,
     -1.0146434,       0.6493508,       0.2196801,
 -21000.0000000,  -12000.0000000,
     -1.0161030,       0.6697858,       0.2196801,
 -21000.0000000,  -12000.0000000,
     -1.0365380,       0.6529999,       0.2196801,
 -21000.0000000,  -12000.0000000,
     -0.9883698,       0.6690560,       0.2196801,
 -21000.0000000,  -12000.0000000,
     -1.0562432,       0.6573789,       0.2193558,
 -21000.0000000,  -12000.0000000,
     -1.0015066,       0.6821928,       0.2196801,
 -21000.0000000,  -12000.0000000,
     -1.0022364,       0.6529999,       0.2200045,
 -21000.0000000,  -12000.0000000,
     -1.0226714,       0.6551894,       0.2200045,
 -21000.0000000,  -12000.0000000,
     -1.0007768,       0.6238071,       0.2196801,
 -21000.0000000,  -12000.0000000,
     -0.9993171,       0.6646771,       0.2200045,
 -21000.0000000,  -12000.0000000,
     -1.0255907,       0.6595683,       0.2196801,
 -21000.0000000,  -12000.0000000,
     -1.0182925,       0.6500807,       0.2196801,
 -21000.0000000,  -12000.0000000,
     -1.0358082,       0.6318351,       0.2200045,
 -21000.0000000,  -12000.0000000,
     -1.0394573,       0.6573789,       0.2196801,
 -21000.0000000,  -12000.0000000,
     -0.9971276,       0.6602982,       0.2196801,
 -21000.0000000,  -12000.0000000,
     -1.0409170,       0.6595683,       0.2196801,
 -21000.0000000,  -12000.0000000,
     -1.0452959,       0.6427824,       0.2200045,
 -21000.0000000,  -12000.0000000,
     -1.0285100,       0.6354842,       0.2203289,
 -21000.0000000,  -12000.0000000,
     -1.0022364,       0.6814630,       0.2193558,
 -21000.0000000,  -12000.0000000,
     -1.0277802,       0.6303755,       0.2196801,
 -21000.0000000,  -12000.0000000,
     -1.0409170,       0.6405930,       0.2200045,
 -21000.0000000,  -12000.0000000,
     -1.0387275,       0.6325649,       0.2200045,
 -21000.0000000,  -12000.0000000,
     -1.0000469,       0.6705157,       0.2203289,
 -21000.0000000,  -12000.0000000,
     -1.0416468,       0.6369439,       0.2196801,
 -21000.0000000,  -12000.0000000,
     -1.0511345,       0.6610280,       0.2193558,
 -21000.0000000,  -12000.0000000,
     -1.0117241,       0.6785437,       0.2196801,
 -21000.0000000,  -12000.0000000,
     -1.0306995,       0.6617578,       0.2203289,
 -21000.0000000,  -12000.0000000,
     -1.0051557,       0.6515403,       0.2200045,
 -21000.0000000,  -12000.0000000,
     -1.0379977,       0.6515403,       0.2196801,
 -21000.0000000,  -12000.0000000,
     -1.0190223,       0.6413228,       0.2196801,
 -21000.0000000,  -12000.0000000,
     -1.0328889,       0.6464315,       0.2196801,
 -21000.0000000,  -12000.0000000,
