     -0.9190367,       1.4412077,       0.1950284,
  -1000.0000000, -118000.0000000,
     -0.9460401,       1.4492358,       0.1950284,
  -1000.0000000, -118000.0000000,
     -0.9277946,       1.4236920,       0.1953527,
  -1000.0000000, -118000.0000000,
     -0.9642857,       1.4492358,       0.1956771,
  -1000.0000000, -118000.0000000,
     -0.9504190,       1.4280709,       0.1953527,
  -1000.0000000, -118000.0000000,
     -0.9168472,       1.4266113,       0.1953527,
  -1000.0000000, -118000.0000000,
     -0.9416612,       1.4047166,       0.1943796,
  -1000.0000000, -117999.5000000,
     -0.9511489,       1.4200429,       0.1953527,
  -1000.0000000, -117996.0000000,
     -0.9256051,       1.4280709,       0.1943796,
  -1000.0000000, -117988.0000000,
     -0.9117385,       1.4499656,       0.1960015,
  -1000.0000000, -117980.5000000,
     -0.9416612,       1.4178534,       0.1956771,
  -1000.0000000, -117966.5000000,
     -0.9547980,       1.4470463,       0.1953527,
  -1000.0000000, -117956.0000000,
     -0.9131981,       1.4222324,       0.1953527,
  -1000.0000000, -117934.0000000,
     -0.9117385,       1.4492358,       0.1953527,
  -1000.0000000, -117918.5000000,
     -0.9292542,       1.4623726,       0.1963258,
  -1000.0000000, -117893.0000000,
     -0.9307138,       1.4623726,       0.1960015,
  -1000.0000000, -117875.5000000,
     -0.9431208,       1.4069061,       0.1960015,
  -1000.0000000, -117841.0000000,
     -0.9051701,       1.4492358,       0.1963258,
  -1000.0000000, -117810.0000000,
     -0.9518787,       1.4543445,       0.1956771,
  -1000.0000000, -117788.5000000,
     -0.9380121,       1.4412077,       0.1950284,
  -1000.0000000, -117743.0000000,
     -0.9569874,       1.4331797,       0.1960015,
  -1000.0000000, -117718.5000000,
     -0.9277946,       1.4485060,       0.1956771,
  -1000.0000000, -117666.5000000,
     -0.9489594,       1.4200429,       0.1956771,
  -1000.0000000, -117624.5000000,
     -0.9423910,       1.4477761,       0.1956771,
  -1000.0000000, -117589.5000000,
     -0.9139279,       1.4550744,       0.1960015,
  -1000.0000000, -117535.0000000,
     -0.9387419,       1.4222324,       0.1956771,
  -1000.0000000, -117482.5000000,
     -0.8891140,       1.4309902,       0.1950284,
  -1000.0000000, -117448.0000000,
     -0.8796263,       1.4455867,       0.1956771,
  -1000.0000000, -117376.0000000,
     -0.9387419,       1.4090956,       0.1953527,
  -1000.0000000, -117338.0000000,
     -0.9321735,       1.4295306,       0.1956771,
  -1000.0000000, -117266.0000000,
     -0.9482296,       1.4404779,       0.1953527,
  -1000.0000000, -117204.0000000,
     -0.9321735,       1.4689410,       0.1947040,
  -1000.0000000, -117150.0000000,
     -0.9161174,       1.4309902,       0.1950284,
  -1000.0000000, -117068.5000000,
     -0.9037104,       1.4090956,       0.1956771,
  -1000.0000000, -116999.0000000,
     -0.9453103,       1.4412077,       0.1950284,
  -1000.0000000, -116947.0000000,
     -0.9431208,       1.4704006,       0.1953527,
  -1000.0000000, -116857.0000000,
     -0.9256051,       1.4514252,       0.1960015,
  -1000.0000000, -116775.5000000,
     -0.9161174,       1.4448568,       0.1947040,
  -1000.0000000, -116692.0000000,
     -0.9438506,       1.4360990,       0.1937309,
  -1000.0000000, -116637.5000000,
     -0.9146578,       1.4339095,       0.1869192,
  -1000.0000000, -116535.0000000,
     -0.9168472,       1.4003377,       0.1852974,
  -1000.0000000, -116457.0000000,
     -0.9460401,       1.4295306,       0.1927578,
  -1000.0000000, -116348.0000000,
     -0.9540681,       1.4309902,       0.1940553,
  -1000.0000000, -116287.0000000,
     -0.9029806,       1.3755238,       0.1924334,
  -1000.0000000, -116193.0000000,
     -0.9022508,       1.4368288,       0.1924334,
  -1000.0000000, -116075.0000000,
     -0.9307138,       1.4426674,       0.1924334,
  -1000.0000000, -115997.5000000,
     -0.9314437,       1.4368288,       0.1911360,
  -1000.0000000, -115867.5000000,
     -0.9299840,       1.4499656,       0.1914603,
  -1000.0000000, -115757.0000000,
     -0.9117385,       1.4514252,       0.1911360,
  -1000.0000000, -115662.0000000,
     -0.9409314,       1.4331797,       0.1914603,
  -1000.0000000, -115576.5000000,
     -0.8810859,       1.4441270,       0.1914603,
  -1000.0000000, -115440.5000000,
     -0.9080894,       1.4842672,       0.1908116,
  -1000.0000000, -115344.5000000,
     -0.9204963,       1.4426674,       0.1911360,
  -1000.0000000, -115209.5000000,
     -0.9102788,       1.4280709,       0.1921091,
  -1000.0000000, -115102.5000000,
     -0.9920189,       1.4470463,       0.1911360,
  -1000.0000000, -114968.0000000,
     -0.9058999,       1.4353692,       0.1911360,
  -1000.0000000, -114871.5000000,
     -0.9453103,       1.4390183,       0.1924334,
  -1000.0000000, -114702.5000000,
     -0.9190367,       1.4448568,       0.1927578,
  -1000.0000000, -114616.0000000,
     -0.9380121,       1.4200429,       0.1937309,
  -1000.0000000, -114440.5000000,
     -0.9117385,       1.4543445,       0.1937309,
  -1000.0000000, -114305.5000000,
     -0.9197665,       1.4645620,       0.1937309,
  -1000.0000000, -114184.0000000,
     -0.9146578,       1.4477761,       0.1950284,
  -1000.0000000, -114067.0000000,
     -0.9168472,       1.4550744,       0.1953527,
  -1000.0000000, -113902.5000000,
     -0.9438506,       1.4492358,       0.1947040,
  -1000.0000000, -113780.5000000,
     -0.9358226,       1.4689410,       0.1953527,
  -1000.0000000, -113610.5000000,
     -0.9248753,       1.4543445,       0.1960015,
  -1000.0000000, -113461.0000000,
     -0.9460401,       1.4120149,       0.1943796,
  -1000.0000000, -113342.5000000,
     -0.9139279,       1.4601831,       0.1966502,
  -1000.0000000, -113154.5000000,
     -0.9146578,       1.4521551,       0.1969746,
  -1000.0000000, -113023.0000000,
     -0.9759628,       1.4572638,       0.1960015,
  -1000.0000000, -112864.0000000,
     -0.9416612,       1.4638322,       0.1960015,
  -1000.0000000, -112676.5000000,
     -0.9190367,       1.4171236,       0.1956771,
  -1000.0000000, -112512.5000000,
     -0.9292542,       1.4901058,       0.1976233,
  -1000.0000000, -112383.0000000,
     -0.9453103,       1.4499656,       0.1982720,
  -1000.0000000, -112167.0000000,
     -0.9489594,       1.4317201,       0.1969746,
  -1000.0000000, -112032.5000000,
     -0.9518787,       1.4908356,       0.1992451,
  -1000.0000000, -111858.5000000,
     -0.9723137,       1.4492358,       0.1976233,
  -1000.0000000, -111633.0000000,
     -0.9277946,       1.4339095,       0.1989207,
  -1000.0000000, -111513.5000000,
     -0.9358226,       1.4412077,       0.1995695,
  -1000.0000000, -111271.0000000,
     -0.9307138,       1.4266113,       0.1998938,
  -1000.0000000, -111127.0000000,
     -0.9467699,       1.4273411,       0.1989207,
  -1000.0000000, -110929.0000000,
     -0.9226858,       1.4339095,       0.1989207,
  -1000.0000000, -110730.0000000,
     -0.9022508,       1.4631024,       0.1992451,
  -1000.0000000, -110569.0000000,
     -0.9358226,       1.4339095,       0.1995695,
  -1000.0000000, -110332.0000000,
     -0.9314437,       1.4382884,       0.1995695,
  -1000.0000000, -110178.0000000,
     -0.9292542,       1.4463165,       0.1998938,
  -1000.0000000, -109978.5000000,
     -0.9248753,       1.4360990,       0.2008669,
  -1000.0000000, -109789.0000000,
     -0.9577173,       1.4339095,       0.2011913,
  -1000.0000000, -109528.0000000,
     -0.9175770,       1.4441270,       0.2011913,
  -1000.0000000, -109367.5000000,
     -0.9460401,       1.4463165,       0.2005426,
  -1000.0000000, -109113.0000000,
     -0.9197665,       1.4171236,       0.2005426,
  -1000.0000000, -108947.5000000,
     -0.9562576,       1.4441270,       0.1998938,
  -1000.0000000, -108687.0000000,
     -0.9037104,       1.3996079,       0.1982720,
  -1000.0000000, -108517.5000000,
     -0.9080894,       1.4222324,       0.1995695,
  -1000.0000000, -108298.5000000,
     -0.9321735,       1.4565340,       0.1989207,
  -1000.0000000, -108077.0000000,
     -0.9146578,       1.4572638,       0.1998938,
  -1000.0000000, -107804.0000000,
     -0.9241454,       1.4171236,       0.1989207,
  -1000.0000000, -107626.5000000,
     -0.9270647,       1.4163938,       0.1985964,
  -1000.0000000, -107398.0000000,
     -0.9380121,       1.4207727,       0.1995695,
  -1000.0000000, -107115.5000000,
     -0.9438506,       1.4601831,       0.1989207,
  -1000.0000000, -106881.0000000,
     -0.9299840,       1.4258815,       0.1979476,
  -1000.0000000, -106697.0000000,
     -0.9095490,       1.4448568,       0.1969746,
  -1000.0000000, -106411.0000000,
     -0.9212262,       1.4543445,       0.1966502,
  -1000.0000000, -106227.0000000,
     -0.9073595,       1.4280709,       0.1956771,
  -1000.0000000, -105940.5000000,
     -0.8840052,       1.4623726,       0.1966502,
  -1000.0000000, -105705.0000000,
     -0.9088192,       1.4791585,       0.1969746,
  -1000.0000000, -105471.0000000,
     -0.9642857,       1.4937549,       0.1982720,
  -1000.0000000, -105236.0000000,
     -0.9139279,       1.5120005,       0.1995695,
  -1000.0000000, -105052.0000000,
     -0.9153876,       1.4944847,       0.2002182,
  -1000.0000000, -104817.0000000,
     -0.9679348,       1.5083514,       0.2005426,
  -1000.0000000, -104582.0000000,
     -0.9095490,       1.4952146,       0.2015157,
  -1000.0000000, -104322.5000000,
     -0.9402015,       1.5236776,       0.2005426,
  -1000.0000000, -104112.0000000,
     -0.9540681,       1.5017830,       0.2005426,
  -1000.0000000, -103825.5000000,
     -0.9350928,       1.4952146,       0.2011913,
  -1000.0000000, -103590.0000000,
     -0.9409314,       1.5280566,       0.2002182,
  -1000.0000000, -103406.0000000,
     -0.9153876,       1.5579793,       0.2008669,
  -1000.0000000, -103120.0000000,
     -0.9372822,       1.5017830,       0.2018400,
  -1000.0000000, -102936.0000000,
     -0.9380121,       1.5244074,       0.2015157,
  -1000.0000000, -102650.0000000,
     -0.9204963,       1.5207583,       0.2015157,
  -1000.0000000, -102414.5000000,
     -0.9467699,       1.4937549,       0.2011913,
  -1000.0000000, -102231.0000000,
     -0.9504190,       1.5068917,       0.2011913,
  -1000.0000000, -101944.5000000,
     -0.9482296,       1.5222180,       0.2015157,
  -1000.0000000, -101709.0000000,
     -0.9190367,       1.5076215,       0.2005426,
  -1000.0000000, -101526.0000000,
     -0.9168472,       1.5390039,       0.2002182,
  -1000.0000000, -101305.0000000,
     -0.9314437,       1.5346250,       0.2002182,
  -1000.0000000, -101005.0000000,
     -0.9234156,       1.5244074,       0.2008669,
  -1000.0000000, -100821.0000000,
     -0.9029806,       1.5098110,       0.2008669,
  -1000.0000000, -100522.0000000,
     -0.8949526,       1.5171092,       0.2011913,
  -1000.0000000, -100351.0000000,
     -0.8920333,       1.5105408,       0.2008669,
  -1000.0000000, -100064.5000000,
     -0.9533383,       1.5112707,       0.1995695,
  -1000.0000000,  -99880.5000000,
     -0.9110086,       1.5156496,       0.2005426,
  -1000.0000000,  -99594.0000000,
     -0.9350928,       1.5433828,       0.2002182,
  -1000.0000000,  -99409.5000000,
     -0.9146578,       1.5156496,       0.1995695,
  -1000.0000000,  -99123.0000000,
     -0.8730579,       1.5061619,       0.2011913,
  -1000.0000000,  -98939.0000000,
     -0.9372822,       1.5222180,       0.1995695,
  -1000.0000000,  -98653.0000000,
     -0.9080894,       1.4974040,       0.2002182,
  -1000.0000000,  -98469.0000000,
     -0.9562576,       1.4930251,       0.1995695,
  -1000.0000000,  -98169.5000000,
     -0.9212262,       1.5068917,       0.1995695,
  -1000.0000000,  -97947.0000000,
     -0.9409314,       1.4791585,       0.1998938,
  -1000.0000000,  -97763.0000000,
     -0.9146578,       1.4893760,       0.2002182,
  -1000.0000000,  -97477.5000000,
     -0.8869245,       1.4908356,       0.1989207,
  -1000.0000000,  -97293.5000000,
     -0.9146578,       1.4995935,       0.1985964,
  -1000.0000000,  -97007.0000000,
     -0.8854649,       1.4930251,       0.1982720,
  -1000.0000000,  -96823.0000000,
     -0.8686790,       1.4886462,       0.1972989,
  -1000.0000000,  -96523.5000000,
     -0.9088192,       1.4426674,       0.1960015,
  -1000.0000000,  -96300.5000000,
     -0.8818158,       1.4849971,       0.1963258,
  -1000.0000000,  -96116.5000000,
     -0.9219560,       1.4339095,       0.1947040,
  -1000.0000000,  -95726.5000000,
     -0.9080894,       1.4324499,       0.1908116,
  -1000.0000000,  -95621.0000000,
     -0.8854649,       1.4711304,       0.1940553,
  -1000.0000000,  -95410.5000000,
     -0.9029806,       1.4382884,       0.1921091,
  -1000.0000000,  -95059.5000000,
     -0.8416756,       1.4558042,       0.1940553,
  -1000.0000000,  -94966.0000000,
     -0.8905736,       1.4419376,       0.1940553,
  -1000.0000000,  -94653.5000000,
     -0.9204963,       1.4433972,       0.1953527,
  -1000.0000000,  -94469.5000000,
     -0.8781667,       1.4594533,       0.1953527,
  -1000.0000000,  -94183.0000000,
     -0.9146578,       1.4660217,       0.1937309,
  -1000.0000000,  -94025.5000000,
     -0.9409314,       1.4711304,       0.1940553,
  -1000.0000000,  -93790.5000000,
     -0.9051701,       1.4601831,       0.1953527,
  -1000.0000000,  -93530.0000000,
     -0.9007911,       1.4156640,       0.1956771,
  -1000.0000000,  -93321.5000000,
     -0.8898438,       1.4550744,       0.1956771,
  -1000.0000000,  -93008.5000000,
     -0.9080894,       1.4105552,       0.1963258,
  -1000.0000000,  -92773.5000000,
     -0.9110086,       1.4193131,       0.1963258,
  -1000.0000000,  -92616.0000000,
     -0.9307138,       1.4244218,       0.1969746,
  -1000.0000000,  -92303.0000000,
     -0.8869245,       1.4098254,       0.1969746,
  -1000.0000000,  -92146.0000000,
     -0.9088192,       1.4331797,       0.1960015,
  -1000.0000000,  -91845.5000000,
     -0.9029806,       1.4353692,       0.1956771,
  -1000.0000000,  -91675.5000000,
     -0.8840052,       1.4171236,       0.1960015,
  -1000.0000000,  -91389.0000000,
     -0.9234156,       1.4353692,       0.1956771,
  -1000.0000000,  -91114.5000000,
     -0.9212262,       1.4631024,       0.1956771,
  -1000.0000000,  -90956.0000000,
     -0.9131981,       1.3981482,       0.1960015,
  -1000.0000000,  -90735.0000000,
     -0.8927631,       1.4039868,       0.1960015,
  -1000.0000000,  -90422.0000000,
     -0.8971420,       1.4098254,       0.1963258,
  -1000.0000000,  -90251.0000000,
     -0.8818158,       1.4419376,       0.1960015,
  -1000.0000000,  -90029.5000000,
     -0.9175770,       1.4032570,       0.1956771,
  -1000.0000000,  -89716.5000000,
     -0.9022508,       1.4295306,       0.1953527,
  -1000.0000000,  -89559.0000000,
     -0.9146578,       1.4025272,       0.1950284,
  -1000.0000000,  -89247.5000000,
     -0.8854649,       1.4142043,       0.1947040,
  -1000.0000000,  -89077.0000000,
     -0.8934929,       1.4069061,       0.1956771,
  -1000.0000000,  -88855.0000000,
     -0.8905736,       1.4215025,       0.1947040,
  -1000.0000000,  -88542.5000000,
     -0.8920333,       1.4215025,       0.1947040,
  -1000.0000000,  -88385.0000000,
     -0.8978719,       1.4346393,       0.1956771,
  -1000.0000000,  -88098.5000000,
     -0.8883842,       1.4470463,       0.1960015,
  -1000.0000000,  -87888.0000000,
     -0.8883842,       1.3988781,       0.1960015,
  -1000.0000000,  -87628.0000000,
     -0.8759772,       1.4339095,       0.1963258,
  -1000.0000000,  -87379.0000000,
     -0.8825456,       1.4017973,       0.1956771,
  -1000.0000000,  -87158.0000000,
     -0.8774368,       1.4346393,       0.1950284,
  -1000.0000000,  -86922.5000000,
     -0.8934929,       1.4251517,       0.1956771,
  -1000.0000000,  -86739.0000000,
     -0.8971420,       1.4689410,       0.1953527,
  -1000.0000000,  -86413.0000000,
     -0.8949526,       1.4609129,       0.1953527,
  -1000.0000000,  -86242.0000000,
     -0.8577316,       1.4390183,       0.1953527,
  -1000.0000000,  -85982.0000000,
     -0.8694088,       1.4178534,       0.1940553,
  -1000.0000000,  -85784.5000000,
     -0.8913035,       1.4572638,       0.1940553,
  -1000.0000000,  -85499.0000000,
     -0.8526229,       1.4375586,       0.1943796,
  -1000.0000000,  -85251.5000000,
     -0.8394861,       1.4317201,       0.1937309,
  -1000.0000000,  -85094.0000000,
     -0.8730579,       1.4382884,       0.1930822,
  -1000.0000000,  -84781.0000000,
     -0.8453247,       1.4725901,       0.1930822,
  -1000.0000000,  -84610.0000000,
     -0.8402159,       1.4638322,       0.1924334,
  -1000.0000000,  -84389.0000000,
     -0.8679492,       1.4747796,       0.1947040,
  -1000.0000000,  -84075.5000000,
     -0.9066297,       1.4448568,       0.1950284,
  -1000.0000000,  -83840.5000000,
     -0.8351072,       1.4353692,       0.1950284,
  -1000.0000000,  -83656.5000000,
     -0.8555422,       1.4718603,       0.1953527,
  -1000.0000000,  -83408.5000000,
     -0.8321879,       1.4346393,       0.1956771,
  -1000.0000000,  -83148.0000000,
     -0.8840052,       1.4506954,       0.1960015,
  -1000.0000000,  -82964.0000000,
     -0.8723281,       1.4886462,       0.1966502,
  -1000.0000000,  -82742.5000000,
     -0.8971420,       1.4463165,       0.1960015,
  -1000.0000000,  -82456.5000000,
     -0.8723281,       1.4426674,       0.1960015,
  -1000.0000000,  -82272.5000000,
     -0.8635702,       1.4755094,       0.1969746,
  -1000.0000000,  -81972.5000000,
     -0.9088192,       1.4718603,       0.1960015,
  -1000.0000000,  -81775.5000000,
     -0.9058999,       1.4696708,       0.1963258,
  -1000.0000000,  -81490.0000000,
     -0.8555422,       1.4974040,       0.1972989,
  -1000.0000000,  -81306.5000000,
     -0.8460545,       1.5025128,       0.1969746,
  -1000.0000000,  -81033.0000000,
     -0.8584615,       1.4959444,       0.1969746,
  -1000.0000000,  -80797.5000000,
     -0.8606509,       1.4886462,       0.1982720,
  -1000.0000000,  -80627.5000000,
     -0.8913035,       1.4616428,       0.1976233,
  -1000.0000000,  -80327.5000000,
     -0.8562720,       1.4711304,       0.1982720,
  -1000.0000000,  -80092.5000000,
     -0.8577316,       1.4638322,       0.1982720,
  -1000.0000000,  -79844.5000000,
     -0.8818158,       1.4667515,       0.1985964,
  -1000.0000000,  -79687.0000000,
     -0.8453247,       1.4784287,       0.1982720,
  -1000.0000000,  -79387.0000000,
     -0.8372966,       1.4908356,       0.1982720,
  -1000.0000000,  -79203.0000000,
     -0.8672193,       1.4828076,       0.1969746,
  -1000.0000000,  -78981.5000000,
     -0.8453247,       1.5156496,       0.1979476,
  -1000.0000000,  -78681.5000000,
     -0.8351072,       1.5171092,       0.1976233,
  -1000.0000000,  -78511.5000000,
     -0.8409457,       1.5017830,       0.1979476,
  -1000.0000000,  -78225.0000000,
     -0.8270791,       1.4740497,       0.1979476,
  -1000.0000000,  -78041.0000000,
     -0.8635702,       1.4791585,       0.1979476,
  -1000.0000000,  -77728.0000000,
     -0.8285388,       1.4886462,       0.1953527,
  -1000.0000000,  -77545.0000000,
     -0.8394861,       1.5054321,       0.1972989,
  -1000.0000000,  -77285.5000000,
     -0.8453247,       1.5127303,       0.1943796,
  -1000.0000000,  -77101.5000000,
     -0.8672193,       1.5309758,       0.1956771,
  -1000.0000000,  -76801.5000000,
     -0.8329177,       1.5222180,       0.1982720,
  -1000.0000000,  -76631.5000000,
     -0.8621106,       1.5244074,       0.1982720,
  -1000.0000000,  -76345.0000000,
     -0.8248897,       1.5156496,       0.1976233,
  -1000.0000000,  -76161.5000000,
     -0.8445948,       1.5244074,       0.1982720,
  -1000.0000000,  -75874.5000000,
     -0.8555422,       1.4944847,       0.1982720,
  -1000.0000000,  -75691.0000000,
     -0.8380264,       1.5010531,       0.1972989,
  -1000.0000000,  -75404.5000000,
     -0.8263493,       1.5207583,       0.1995695,
  -1000.0000000,  -75220.5000000,
     -0.8504334,       1.5893616,       0.2002182,
  -1000.0000000,  -74934.0000000,
     -0.8365668,       1.5514109,       0.2002182,
  -1000.0000000,  -74736.5000000,
     -0.8292686,       1.5477618,       0.2005426,
  -1000.0000000,  -74501.5000000,
     -0.8219704,       1.5470319,       0.2005426,
  -1000.0000000,  -74229.0000000,
     -0.7811003,       1.5572494,       0.1979476,
  -1000.0000000,  -73993.5000000,
     -0.8066441,       1.5594389,       0.2015157,
  -1000.0000000,  -73809.5000000,
     -0.8372966,       1.5368144,       0.2005426,
  -1000.0000000,  -73523.0000000,
     -0.8183213,       1.5835230,       0.2018400,
  -1000.0000000,  -73275.5000000,
     -0.8358370,       1.5667371,       0.2021644,
  -1000.0000000,  -73079.0000000,
     -0.8263493,       1.5587091,       0.2018400,
  -1000.0000000,  -72843.5000000,
     -0.7935073,       1.5623582,       0.2031375,
  -1000.0000000,  -72584.0000000,
     -0.8285388,       1.5572494,       0.2018400,
  -1000.0000000,  -72400.5000000,
     -0.8278089,       1.5711161,       0.2021644,
  -1000.0000000,  -72113.5000000,
     -0.8132125,       1.5572494,       0.2037862,
  -1000.0000000,  -71930.0000000,
     -0.8256195,       1.5601687,       0.2031375,
  -1000.0000000,  -71643.0000000,
     -0.7832898,       1.5645477,       0.2031375,
  -1000.0000000,  -71421.0000000,
     -0.7971564,       1.5886318,       0.2047593,
  -1000.0000000,  -71224.5000000,
     -0.8292686,       1.5390039,       0.2034619,
  -1000.0000000,  -70938.0000000,
     -0.8044546,       1.5944704,       0.2034619,
  -1000.0000000,  -70703.0000000,
     -0.7759916,       1.5601687,       0.2034619,
  -1000.0000000,  -70468.0000000,
     -0.7978862,       1.5696564,       0.2021644,
  -1000.0000000,  -70219.0000000,
     -0.7796407,       1.5630880,       0.2002182,
  -1000.0000000,  -69983.5000000,
     -0.7942371,       1.5754950,       0.2018400,
  -1000.0000000,  -69813.5000000,
     -0.7956968,       1.5973897,       0.2018400,
  -1000.0000000,  -69527.0000000,
     -0.7811003,       1.5857125,       0.2037862,
  -1000.0000000,  -69344.5000000,
     -0.8146721,       1.6156352,       0.2034619,
  -1000.0000000,  -69095.5000000,
     -0.8022652,       1.6243931,       0.2041106,
  -1000.0000000,  -68860.5000000,
     -0.7745319,       1.6280422,       0.2054080,
  -1000.0000000,  -68639.0000000,
     -0.7876687,       1.6046879,       0.2060568,
  -1000.0000000,  -68352.5000000,
     -0.8234300,       1.5638178,       0.2060568,
  -1000.0000000,  -68169.0000000,
     -0.7526373,       1.5915511,       0.2070299,
  -1000.0000000,  -67882.0000000,
     -0.8044546,       1.6046879,       0.2070299,
  -1000.0000000,  -67698.5000000,
     -0.7898582,       1.6024984,       0.2063811,
  -1000.0000000,  -67449.5000000,
     -0.7913178,       1.6419088,       0.2073542,
  -1000.0000000,  -67150.0000000,
     -0.7840196,       1.6382597,       0.2070299,
  -1000.0000000,  -66978.5000000,
     -0.7964266,       1.6492070,       0.2070299,
  -1000.0000000,  -66692.5000000,
     -0.7811003,       1.6265825,       0.2076786,
  -1000.0000000,  -66508.5000000,
     -0.7869389,       1.6068773,       0.2067055,
  -1000.0000000,  -66248.5000000,
     -0.7927775,       1.6346106,       0.2041106,
  -1000.0000000,  -65986.5000000,
     -0.8139423,       1.6725613,       0.2083273,
  -1000.0000000,  -65751.0000000,
     -0.8110230,       1.6200141,       0.2070299,
  -1000.0000000,  -65568.5000000,
     -0.7701530,       1.6616140,       0.2086517,
  -1000.0000000,  -65347.0000000,
     -0.7898582,       1.6382597,       0.2089761,
  -1000.0000000,  -65047.0000000,
     -0.8008055,       1.6156352,       0.2080030,
  -1000.0000000,  -64542.0000000,
     -0.7504478,       1.6659929,       0.2086517,
  -1000.0000000,  -64333.5000000,
     -0.7927775,       1.6623438,       0.2083273,
  -1000.0000000,  -64135.0000000,
     -0.8227002,       1.6586947,       0.2080030,
  -1000.0000000,  -64041.0000000,
     -0.7460689,       1.6557754,       0.2096248,
  -1000.0000000,  -63870.5000000,
     -0.7935073,       1.6711017,       0.2093004,
  -1000.0000000,  -63622.0000000,
     -0.7964266,       1.6601543,       0.2086517,
  -1000.0000000,  -63425.0000000,
     -0.7227146,       1.6492070,       0.2086517,
  -1000.0000000,  -63228.5000000,
     -0.7905880,       1.6689122,       0.2083273,
  -1000.0000000,  -62942.0000000,
     -0.7285531,       1.6827788,       0.2073542,
  -1000.0000000,  -62758.5000000,
     -0.7373110,       1.6813192,       0.2073542,
  -1000.0000000,  -62472.0000000,
     -0.7526373,       1.6659929,       0.2063811,
  -1000.0000000,  -62288.0000000,
     -0.7438794,       1.6966455,       0.2070299,
  -1000.0000000,  -62014.5000000,
     -0.7234444,       1.6937262,       0.2080030,
  -1000.0000000,  -61766.5000000,
     -0.7723425,       1.6835087,       0.2083273,
  -1000.0000000,  -61583.5000000,
     -0.7504478,       1.7024840,       0.2089761,
  -1000.0000000,  -61361.5000000,
     -0.7387707,       1.7302173,       0.2096248,
  -1000.0000000,  -61062.0000000,
     -0.7555566,       1.6959156,       0.2089761,
  -1000.0000000,  -60878.5000000,
     -0.7467987,       1.7178103,       0.2105979,
  -1000.0000000,  -60592.0000000,
     -0.7497180,       1.7039437,       0.2102735,
  -1000.0000000,  -60421.0000000,
     -0.7971564,       1.7185401,       0.2105979,
  -1000.0000000,  -60121.5000000,
     -0.7314724,       1.7032138,       0.2109223,
  -1000.0000000,  -59938.0000000,
     -0.7511776,       1.7119717,       0.2102735,
  -1000.0000000,  -59664.0000000,
     -0.7482583,       1.7039437,       0.2102735,
  -1000.0000000,  -59480.0000000,
     -0.6833042,       1.6995647,       0.2115710,
  -1000.0000000,  -59232.5000000,
     -0.7329321,       1.7068630,       0.2099492,
  -1000.0000000,  -58958.5000000,
     -0.7263637,       1.6981051,       0.2086517,
  -1000.0000000,  -58762.0000000,
     -0.7424198,       1.7083226,       0.2102735,
  -1000.0000000,  -58476.0000000,
     -0.7526373,       1.7280278,       0.2093004,
  -1000.0000000,  -58240.5000000,
     -0.7030094,       1.7608698,       0.2089761,
  -1000.0000000,  -58005.5000000,
     -0.7103076,       1.7360558,       0.2102735,
  -1000.0000000,  -57834.5000000,
     -0.7555566,       1.7462733,       0.2089761,
  -1000.0000000,  -57561.5000000,
     -0.6957112,       1.7506523,       0.2115710,
  -1000.0000000,  -57352.5000000,
     -0.7497180,       1.7316769,       0.2115710,
  -1000.0000000,  -57117.5000000,
     -0.7599355,       1.7418944,       0.2112466,
  -1000.0000000,  -56830.5000000,
     -0.6949813,       1.7579505,       0.2115710,
  -1000.0000000,  -56647.0000000,
     -0.6906024,       1.7564909,       0.2099492,
  -1000.0000000,  -56387.5000000,
     -0.7540969,       1.7214594,       0.2086517,
  -1000.0000000,  -56138.5000000,
     -0.6979006,       1.7156208,       0.2073542,
  -1000.0000000,  -55941.5000000,
     -0.6818445,       1.7667084,       0.2063811,
  -1000.0000000,  -55655.0000000,
     -0.6935217,       1.7345962,       0.2063811,
  -1000.0000000,  -55446.5000000,
     -0.6519218,       1.7776557,       0.2080030,
  -1000.0000000,  -55211.5000000,
     -0.6833042,       1.7776557,       0.2086517,
  -1000.0000000,  -55027.5000000,
     -0.7365812,       1.7776557,       0.2096248,
  -1000.0000000,  -54741.0000000,
     -0.6854936,       1.7776557,       0.2115710,
  -1000.0000000,  -54479.5000000,
     -0.6818445,       1.8214450,       0.2105979,
  -1000.0000000,  -54322.5000000,
     -0.7000901,       1.7937118,       0.2109223,
  -1000.0000000,  -54036.0000000,
     -0.6745463,       1.8061188,       0.2118954,
  -1000.0000000,  -53787.0000000,
     -0.6979006,       1.7754662,       0.2089761,
  -1000.0000000,  -53591.5000000,
     -0.6818445,       1.7907925,       0.2096248,
  -1000.0000000,  -53317.5000000,
     -0.6453534,       1.7827645,       0.2099492,
  -1000.0000000,  -53121.0000000,
     -0.7073883,       1.7776557,       0.2089761,
  -1000.0000000,  -52834.5000000,
     -0.6577604,       1.8104977,       0.2096248,
  -1000.0000000,  -52677.5000000,
     -0.6584902,       1.7805750,       0.2093004,
  -1000.0000000,  -52416.0000000,
     -0.6913322,       1.8031995,       0.2080030,
  -1000.0000000,  -52156.0000000,
     -0.6570306,       1.8002802,       0.2083273,
  -1000.0000000,  -51958.0000000,
     -0.6519218,       1.7834943,       0.2076786,
  -1000.0000000,  -51736.5000000,
     -0.7103076,       1.7937118,       0.2060568,
  -1000.0000000,  -51450.5000000,
     -0.6417043,       1.8214450,       0.2080030,
  -1000.0000000,  -51240.0000000,
     -0.6635990,       1.8134170,       0.2070299,
  -1000.0000000,  -50980.0000000,
     -0.6409745,       1.8221748,       0.2070299,
  -1000.0000000,  -50745.0000000,
     -0.6074027,       1.8002802,       0.2080030,
  -1000.0000000,  -50510.0000000,
     -0.6818445,       1.8068486,       0.2070299,
  -1000.0000000,  -50261.0000000,
     -0.6300272,       1.8221748,       0.2060568,
  -1000.0000000,  -50091.0000000,
     -0.6380552,       1.8002802,       0.2060568,
  -1000.0000000,  -49804.5000000,
     -0.6738165,       1.8214450,       0.2054080,
  -1000.0000000,  -49608.0000000,
     -0.6329465,       1.7995504,       0.2041106,
  -1000.0000000,  -49360.0000000,
     -0.5650730,       1.7783855,       0.2018400,
  -1000.0000000,  -49100.0000000,
     -0.5964554,       1.7805750,       0.1985964,
  -1000.0000000,  -48865.0000000,
     -0.5548555,       1.7710873,       0.1963258,
  -1000.0000000,  -48681.0000000,
     -0.5344205,       1.7922521,       0.1947040,
  -1000.0000000,  -48395.0000000,
     -0.5417187,       1.7813048,       0.1943796,
  -1000.0000000,  -48211.0000000,
     -0.5679923,       1.7688978,       0.1940553,
  -1000.0000000,  -47924.5000000,
     -0.6132413,       1.8156064,       0.1934065,
  -1000.0000000,  -47675.5000000,
     -0.6044834,       1.8637747,       0.1937309,
  -1000.0000000,  -47505.5000000,
     -0.6351359,       1.8652343,       0.1953527,
  -1000.0000000,  -47205.5000000,
     -0.6358658,       1.8966167,       0.1982720,
  -1000.0000000,  -47035.0000000,
     -0.6351359,       1.8878588,       0.2011913,
  -1000.0000000,  -46721.5000000,
     -0.6168904,       1.8396906,       0.2021644,
  -1000.0000000,  -46564.5000000,
     -0.6497324,       1.8477186,       0.2021644,
  -1000.0000000,  -46278.0000000,
     -0.6176202,       1.8309327,       0.2018400,
  -1000.0000000,  -46067.5000000,
     -0.5855080,       1.8039293,       0.2021644,
  -1000.0000000,  -45807.5000000,
     -0.5913466,       1.8338520,       0.2024888,
  -1000.0000000,  -45598.5000000,
     -0.6234588,       1.8053889,       0.2034619,
  -1000.0000000,  -45338.5000000,
     -0.6198097,       1.8367713,       0.2034619,
  -1000.0000000,  -45128.0000000,
     -0.6395149,       1.8163363,       0.2054080,
  -1000.0000000,  -44919.5000000,
     -0.6001045,       1.8455291,       0.2050837,
  -1000.0000000,  -44633.5000000,
     -0.5636134,       1.8185257,       0.2008669,
  -1000.0000000,  -44449.5000000,
     -0.6022939,       1.8469888,       0.2057324,
  -1000.0000000,  -44135.5000000,
     -0.5628835,       1.8265538,       0.2057324,
  -1000.0000000,  -43952.0000000,
     -0.6219991,       1.7966311,       0.1998938,
  -1000.0000000,  -43678.0000000,
     -0.6336763,       1.8097679,       0.2067055,
  -1000.0000000,  -43508.0000000,
     -0.6417043,       1.8375011,       0.2060568,
  -1000.0000000,  -43182.0000000,
     -0.6176202,       1.8148766,       0.2063811,
  -1000.0000000,  -43011.0000000,
     -0.5833186,       1.7805750,       0.2057324,
  -1000.0000000,  -42737.5000000,
     -0.5971852,       1.7769259,       0.2063811,
  -1000.0000000,  -42567.5000000,
     -0.5577748,       1.7703575,       0.2057324,
  -1000.0000000,  -42267.0000000,
     -0.5833186,       1.8083082,       0.2054080,
  -1000.0000000,  -42071.0000000,
     -0.6322166,       1.7761961,       0.2037862,
  -1000.0000000,  -41796.5000000,
     -0.5738309,       1.7893329,       0.2037862,
  -1000.0000000,  -41613.5000000,
     -0.5701818,       1.7791153,       0.2031375,
  -1000.0000000,  -41392.5000000,
     -0.5504766,       1.7878732,       0.2028131,
  -1000.0000000,  -41157.0000000,
     -0.5066873,       1.8163363,       0.2041106,
  -1000.0000000,  -40922.0000000,
     -0.5300416,       1.7761961,       0.2034619,
  -1000.0000000,  -40622.0000000,
     -0.5096065,       1.7747364,       0.2044350,
  -1000.0000000,  -40425.0000000,
     -0.5263924,       1.7944416,       0.2063811,
  -1000.0000000,  -40151.0000000,
     -0.5293117,       1.7871434,       0.2073542,
  -1000.0000000,  -39981.0000000,
     -0.5344205,       1.7827645,       0.2086517,
  -1000.0000000,  -39745.5000000,
     -0.5475573,       1.7900627,       0.2093004,
  -1000.0000000,  -39421.0000000,
     -0.5658028,       1.7776557,       0.2086517,
  -1000.0000000,  -39210.5000000,
     -0.5132557,       1.7637891,       0.2089761,
  -1000.0000000,  -39040.5000000,
     -0.5110662,       1.7944416,       0.2086517,
  -1000.0000000,  -38778.5000000,
     -0.5256626,       1.7645189,       0.2086517,
  -1000.0000000,  -38532.0000000,
     -0.5336907,       1.7389751,       0.2076786,
  -1000.0000000,  -38231.5000000,
     -0.5190942,       1.7608698,       0.2083273,
  -1000.0000000,  -38035.0000000,
     -0.5570450,       1.7477330,       0.2076786,
  -1000.0000000,  -37787.5000000,
     -0.5453678,       1.7360558,       0.2080030,
  -1000.0000000,  -37629.5000000,
     -0.5023083,       1.7674382,       0.2070299,
  -1000.0000000,  -37305.0000000,
     -0.5278521,       1.7258383,       0.2076786,
  -1000.0000000,  -37108.5000000,
     -0.5366100,       1.7623294,       0.2067055,
  -1000.0000000,  -36834.5000000,
     -0.4979294,       1.7134314,       0.2057324,
  -1000.0000000,  -36690.0000000,
     -0.4979294,       1.7105121,       0.2054080,
  -1000.0000000,  -36377.5000000,
     -0.4738453,       1.7521119,       0.2054080,
  -1000.0000000,  -36091.0000000,
     -0.4862522,       1.8017398,       0.2067055,
  -1000.0000000,  -35933.5000000,
     -0.4979294,       1.7856837,       0.2089761,
  -1000.0000000,  -35723.0000000,
     -0.4672769,       1.7623294,       0.2102735,
  -1000.0000000,  -35488.0000000,
     -0.5161749,       1.7791153,       0.2099492,
  -1000.0000000,  -35253.0000000,
     -0.4869821,       1.7550312,       0.2089761,
  -1000.0000000,  -34966.5000000,
     -0.4804137,       1.7404348,       0.2089761,
  -1000.0000000,  -34731.5000000,
     -0.4731154,       1.7397050,       0.2086517,
  -1000.0000000,  -34547.5000000,
     -0.4592488,       1.7054033,       0.2063811,
  -1000.0000000,  -34261.0000000,
     -0.4424629,       1.7513821,       0.2047593,
  -1000.0000000,  -34026.0000000,
     -0.4935505,       1.7221892,       0.2041106,
  -1000.0000000,  -33842.0000000,
     -0.4541401,       1.7294874,       0.2050837,
  -1000.0000000,  -33608.0000000,
     -0.4957399,       1.7688978,       0.2060568,
  -1000.0000000,  -33373.0000000,
     -0.4884417,       1.7725469,       0.2073542,
  -1000.0000000,  -33086.5000000,
     -0.4869821,       1.7988205,       0.2089761,
  -1000.0000000,  -32851.5000000,
     -0.4920908,       1.7849539,       0.2125441,
  -1000.0000000,  -32667.5000000,
     -0.5037680,       1.7484628,       0.2125441,
  -1000.0000000,  -32382.0000000,
     -0.4526804,       1.7178103,       0.2112466,
  -1000.0000000,  -32146.0000000,
     -0.4731154,       1.7294874,       0.2089761,
  -1000.0000000,  -31962.0000000,
     -0.4212981,       1.7397050,       0.2063811,
  -1000.0000000,  -31727.0000000,
     -0.4081613,       1.6944560,       0.2050837,
  -1000.0000000,  -31454.5000000,
     -0.4570594,       1.7265682,       0.2037862,
  -1000.0000000,  -31205.5000000,
     -0.4169191,       1.7258383,       0.2028131,
  -1000.0000000,  -31021.5000000,
     -0.4074315,       1.7141612,       0.2037862,
  -1000.0000000,  -30786.5000000,
     -0.4570594,       1.6966455,       0.2024888,
  -1000.0000000,  -30551.5000000,
     -0.4628979,       1.6849683,       0.2028131,
  -1000.0000000,  -30279.0000000,
     -0.4300559,       1.7046735,       0.2024888,
  -1000.0000000,  -30029.5000000,
     -0.4701962,       1.7075928,       0.1992451,
  -1000.0000000,  -29846.0000000,
     -0.4358945,       1.6929963,       0.2015157,
  -1000.0000000,  -29560.5000000,
     -0.4468418,       1.6557754,       0.2008669,
  -1000.0000000,  -29376.5000000,
     -0.3972140,       1.6842385,       0.1998938,
  -1000.0000000,  -29104.0000000,
     -0.4147297,       1.6871578,       0.1998938,
  -1000.0000000,  -28869.0000000,
     -0.4278665,       1.6608842,       0.2002182,
  -1000.0000000,  -28634.0000000,
     -0.4461120,       1.7192699,       0.2005426,
  -1000.0000000,  -28385.0000000,
     -0.4176490,       1.6886174,       0.2002182,
  -1000.0000000,  -28215.0000000,
     -0.3672912,       1.7265682,       0.2008669,
  -1000.0000000,  -27966.0000000,
     -0.3986736,       1.6725613,       0.2018400,
  -1000.0000000,  -27730.5000000,
     -0.3592632,       1.7294874,       0.2015157,
  -1000.0000000,  -27444.5000000,
     -0.4110806,       1.6557754,       0.2005426,
  -1000.0000000,  -27274.0000000,
     -0.3388282,       1.7170805,       0.2018400,
  -1000.0000000,  -27025.5000000,
     -0.3731298,       1.6703719,       0.2028131,
  -1000.0000000,  -26753.0000000,
     -0.4285963,       1.7068630,       0.2024888,
  -1000.0000000,  -26555.5000000,
     -0.3840772,       1.7112419,       0.2041106,
  -1000.0000000,  -26269.0000000,
     -0.3862666,       1.6959156,       0.2054080,
  -1000.0000000,  -26033.5000000,
     -0.4344349,       1.6915367,       0.2057324,
  -1000.0000000,  -25849.5000000,
     -0.4548699,       1.6871578,       0.2080030,
  -1000.0000000,  -25564.5000000,
     -0.3957543,       1.6732911,       0.2083273,
  -1000.0000000,  -25380.5000000,
     -0.4256770,       1.6674526,       0.2086517,
  -1000.0000000,  -25108.0000000,
     -0.3826175,       1.6878876,       0.2086517,
  -1000.0000000,  -24910.0000000,
     -0.3483159,       1.6783999,       0.2086517,
  -1000.0000000,  -24624.0000000,
     -0.3957543,       1.7032138,       0.2089761,
  -1000.0000000,  -24440.5000000,
     -0.3380984,       1.6878876,       0.2105979,
  -1000.0000000,  -24154.0000000,
     -0.3198528,       1.6813192,       0.2148146,
  -1000.0000000,  -23918.5000000,
     -0.3687509,       1.7345962,       0.2164365,
  -1000.0000000,  -23748.5000000,
     -0.3359089,       1.7105121,       0.2190314,
  -1000.0000000,  -23448.0000000,
     -0.3505053,       1.7236489,       0.2206532,
  -1000.0000000,  -23264.5000000,
     -0.3402878,       1.6813192,       0.2219507,
  -1000.0000000,  -23004.5000000,
     -0.3380984,       1.6959156,       0.2232481,
  -1000.0000000,  -22795.5000000,
     -0.3782386,       1.7141612,       0.2238969,
  -1000.0000000,  -22514.0000000,
     -0.3308001,       1.6973753,       0.2242212,
  -1000.0000000,  -22285.5000000,
     -0.3052564,       1.6981051,       0.2255187,
  -1000.0000000,  -22109.0000000,
     -0.3680211,       1.6900771,       0.2251943,
  -1000.0000000,  -21836.5000000,
     -0.3380984,       1.6856981,       0.2251943,
  -1000.0000000,  -21664.5000000,
     -0.3359089,       1.6908069,       0.2251943,
  -1000.0000000,  -21398.0000000,
     -0.3818877,       1.6740210,       0.2245456,
  -1000.0000000,  -21182.0000000,
     -0.3154739,       1.6360702,       0.2264918,
  -1000.0000000,  -20968.5000000,
     -0.3724000,       1.7046735,       0.2213020,
  -1000.0000000,  -20758.0000000,
     -0.3884561,       1.6324211,       0.2229238,
  -1000.0000000,  -20594.5000000,
     -0.3388282,       1.6951858,       0.2274649,
  -1000.0000000,  -20388.0000000,
     -0.3724000,       1.6798595,       0.2274649,
  -1000.0000000,  -20140.5000000,
     -0.3928350,       1.6513965,       0.2281136,
  -1000.0000000,  -19983.0000000,
     -0.2986880,       1.6659929,       0.2277893,
  -1000.0000000,  -19784.5000000,
     -0.3804280,       1.6659929,       0.2258431,
  -1000.0000000,  -19546.0000000,
     -0.3220423,       1.6251229,       0.2238969,
  -1000.0000000,  -19395.0000000,
     -0.3074458,       1.6455579,       0.2235725,
  -1000.0000000,  -19184.0000000,
     -0.3417475,       1.6331509,       0.2222750,
  -1000.0000000,  -19015.5000000,
     -0.2921196,       1.6404492,       0.2174096,
  -1000.0000000,  -18829.0000000,
     -0.3140142,       1.6440983,       0.2206532,
  -1000.0000000,  -18626.5000000,
     -0.3388282,       1.6645333,       0.2229238,
  -1000.0000000,  -18464.5000000,
     -0.3103651,       1.6608842,       0.2222750,
  -1000.0000000,  -18248.5000000,
     -0.3059862,       1.6316913,       0.2232481,
  -1000.0000000,  -18110.5000000,
     -0.3337194,       1.6506667,       0.2229238,
  -1000.0000000,  -17899.5000000,
     -0.2629267,       1.6090668,       0.2203289,
  -1000.0000000,  -17765.5000000,
     -0.2979582,       1.5769546,       0.2161121,
  -1000.0000000,  -17560.5000000,
     -0.2249760,       1.5163794,       0.2112466,
  -1000.0000000,  -17431.0000000,
     -0.1731586,       1.4660217,       0.2050837,
  -1000.0000000,  -17231.5000000,
     -0.2132988,       1.4295306,       0.1982720,
  -1000.0000000,  -17071.0000000,
     -0.2337338,       1.4930251,       0.1908116,
  -1000.0000000,  -16947.0000000,
     -0.1665902,       1.4674813,       0.1839999,
  -1000.0000000,  -16757.0000000,
     -0.2556285,       1.5346250,       0.1843243,
  -1000.0000000,  -16637.5000000,
     -0.2694951,       1.5959300,       0.1852974,
  -1000.0000000,  -16486.5000000,
     -0.3096353,       1.6988349,       0.1891898,
  -1000.0000000,  -16305.5000000,
     -0.3424773,       1.7608698,       0.1976233,
  -1000.0000000,  -16191.5000000,
     -0.3402878,       1.8148766,       0.2089761,
  -1000.0000000,  -16048.0000000,
     -0.3942947,       1.8688835,       0.2232481,
  -1000.0000000,  -15876.0000000,
     -0.4337051,       1.8579361,       0.2378446,
  -1000.0000000,  -15768.0000000,
     -0.3942947,       1.8462590,       0.2501705,
  -1000.0000000,  -15632.5000000,
     -0.4293261,       1.8126872,       0.2592527,
  -1000.0000000,  -15470.0000000,
     -0.4008631,       1.7032138,       0.2673618,
  -1000.0000000,  -15382.5000000,
     -0.2797126,       1.6550456,       0.2715786,
  -1000.0000000,  -15211.0000000,
     -0.2592776,       1.5886318,       0.2683349,
  -1000.0000000,  -15127.0000000,
     -0.2008918,       1.5324355,       0.2592527,
  -1000.0000000,  -14962.5000000,
     -0.1439657,       1.5120005,       0.2482243,
  -1000.0000000,  -14868.0000000,
     -0.1512639,       1.4849971,       0.2371959,
  -1000.0000000,  -14730.5000000,
     -0.1206114,       1.5214882,       0.2274649,
  -1000.0000000,  -14608.5000000,
     -0.1249903,       1.5455723,       0.2216263,
  -1000.0000000,  -14533.0000000,
     -0.1935936,       1.5711161,       0.2167608,
  -1000.0000000,  -14385.0000000,
     -0.2096497,       1.6236632,       0.2167608,
  -1000.0000000,  -14300.5000000,
     -0.2213268,       1.6908069,       0.2190314,
  -1000.0000000,  -14171.5000000,
     -0.2943090,       1.7491926,       0.2248700,
  -1000.0000000,  -14102.0000000,
     -0.2643863,       1.7827645,       0.2329791,
  -1000.0000000,  -13968.0000000,
     -0.3183932,       1.8243643,       0.2417370,
  -1000.0000000,  -13891.0000000,
     -0.3855368,       1.8528274,       0.2498461,
  -1000.0000000,  -13774.5000000,
     -0.3855368,       1.8382309,       0.2576309,
  -1000.0000000,  -13701.5000000,
     -0.4468418,       1.7980907,       0.2647669,
  -1000.0000000,  -13601.0000000,
     -0.4417331,       1.7594101,       0.2725517,
  -1000.0000000,  -13503.0000000,
     -0.3811579,       1.7119717,       0.2793633,
  -1000.0000000,  -13445.5000000,
     -0.4577892,       1.6630736,       0.2800121,
  -1000.0000000,  -13334.5000000,
     -0.3796982,       1.6375299,       0.2787146,
  -1000.0000000,  -13271.5000000,
     -0.3059862,       1.6003089,       0.2754710,
  -1000.0000000,  -13176.5000000,
     -0.3607229,       1.5280566,       0.2696324,
  -1000.0000000,  -13117.0000000,
     -0.2775231,       1.5353548,       0.2621720,
  -1000.0000000,  -12947.0000000,
     -0.2264356,       1.5149198,       0.2540629,
  -1000.0000000,  -12850.5000000,
     -0.2519794,       1.4572638,       0.2469268,
  -1000.0000000,  -12835.0000000,
     -0.1614814,       1.4820778,       0.2407639,
  -1000.0000000,  -12813.0000000,
     -0.1264500,       1.4689410,       0.2355740,
  -1000.0000000,  -12767.5000000,
     -0.1833761,       1.4448568,       0.2303842,
  -1000.0000000,  -12719.5000000,
     -0.1030957,       1.4813479,       0.2258431,
  -1000.0000000,  -12654.5000000,
     -0.1446955,       1.4674813,       0.2225994,
  -1000.0000000,  -12593.0000000,
     -0.1322886,       1.4879163,       0.2196801,
  -1000.0000000,  -12539.5000000,
     -0.1016360,       1.5229478,       0.2183827,
  -1000.0000000,  -12497.0000000,
     -0.1322886,       1.4718603,       0.2167608,
  -1000.0000000,  -12451.5000000,
     -0.1213412,       1.5200285,       0.2148146,
  -1000.0000000,  -12395.5000000,
     -0.0782817,       1.5426530,       0.2131928,
  -1000.0000000,  -12350.0000000,
     -0.1264500,       1.5105408,       0.2109223,
  -1000.0000000,  -12318.0000000,
     -0.1052851,       1.5382741,       0.2099492,
  -1000.0000000,  -12279.5000000,
     -0.0987167,       1.5251373,       0.2089761,
  -1000.0000000,  -12235.5000000,
     -0.1731586,       1.5441126,       0.2076786,
  -1000.0000000,  -12211.5000000,
     -0.1242605,       1.5455723,       0.2076786,
  -1000.0000000,  -12174.0000000,
     -0.1322886,       1.5630880,       0.2070299,
  -1000.0000000,  -12144.0000000,
     -0.1702393,       1.5594389,       0.2073542,
  -1000.0000000,  -12125.5000000,
     -0.1366675,       1.5791441,       0.2073542,
  -1000.0000000,  -12097.0000000,
     -0.1665902,       1.5740353,       0.2067055,
  -1000.0000000,  -12080.5000000,
     -0.1687797,       1.6017686,       0.2060568,
  -1000.0000000,  -12058.0000000,
     -0.1498043,       1.5798739,       0.2067055,
  -1000.0000000,  -12043.0000000,
     -0.1651306,       1.6149054,       0.2067055,
  -1000.0000000,  -12031.0000000,
     -0.1979725,       1.5937405,       0.2070299,
  -1000.0000000,  -12020.0000000,
     -0.1768077,       1.5959300,       0.2067055,
  -1000.0000000,  -12010.0000000,
     -0.1884849,       1.5813336,       0.2067055,
  -1000.0000000,  -12005.0000000,
     -0.2417619,       1.6024984,       0.2067055,
  -1000.0000000,  -12001.5000000,
     -0.1300991,       1.5922809,       0.2076786,
  -1000.0000000,  -12000.5000000,
     -0.2052708,       1.5390039,       0.2070299,
  -1000.0000000,  -12000.5000000,
     -0.2096497,       1.6083370,       0.2073542,
  -1000.0000000,  -12000.5000000,
     -0.1833761,       1.5857125,       0.2073542,
  -1000.0000000,  -12000.5000000,
     -0.2789828,       1.5681968,       0.2067055,
  -1000.0000000,  -12000.5000000,
     -0.1935936,       1.5557898,       0.2073542,
  -1000.0000000,  -12000.5000000,
     -0.1716989,       1.5973897,       0.2073542,
  -1000.0000000,  -12000.5000000,
     -0.1987024,       1.5733055,       0.2070299,
  -1000.0000000,  -12000.5000000,
     -0.1636709,       1.5879020,       0.2073542,
  -1000.0000000,  -12000.5000000,
     -0.1914041,       1.6105264,       0.2076786,
  -1000.0000000,  -12000.5000000,
     -0.1899445,       1.5397337,       0.2067055,
  -1000.0000000,  -12000.0000000,
     -0.1519938,       1.5973897,       0.2073542,
  -1000.0000000,  -12000.0000000,
     -0.2081900,       1.5952002,       0.2070299,
  -1000.0000000,  -12000.0000000,
     -0.1914041,       1.5718459,       0.2070299,
  -1000.0000000,  -12000.0000000,
     -0.1804568,       1.6024984,       0.2076786,
  -1000.0000000,  -12000.0000000,
     -0.2023515,       1.5718459,       0.2070299,
  -1000.0000000,  -12000.0000000,
     -0.2125690,       1.5813336,       0.2070299,
  -1000.0000000,  -12000.0000000,
     -0.1731586,       1.5835230,       0.2073542,
  -1000.0000000,  -12000.0000000,
     -0.1979725,       1.5776845,       0.2070299,
  -1000.0000000,  -12000.0000000,
     -0.2242461,       1.5966598,       0.2067055,
  -1000.0000000,  -12000.0000000,
     -0.1373973,       1.5952002,       0.2076786,
  -1000.0000000,  -12000.0000000,
     -0.2235163,       1.5674669,       0.2070299,
  -1000.0000000,  -12000.0000000,
     -0.1673200,       1.5652775,       0.2073542,
  -1000.0000000,  -12000.0000000,
     -0.1841059,       1.5806037,       0.2076786,
  -1000.0000000,  -12000.0000000,
     -0.2147584,       1.6134457,       0.2067055,
  -1000.0000000,  -12000.0000000,
     -0.1979725,       1.5747652,       0.2073542,
  -1000.0000000,  -12000.0000000,
     -0.1687797,       1.5857125,       0.2076786,
  -1000.0000000,  -12000.0000000,
     -0.2410320,       1.5638178,       0.2073542,
  -1000.0000000,  -12000.0000000,
     -0.2008918,       1.5995791,       0.2073542,
  -1000.0000000,  -12000.0000000,
     -0.1899445,       1.5827932,       0.2070299,
  -1000.0000000,  -12000.0000000,
     -0.1979725,       1.5674669,       0.2073542,
  -1000.0000000,  -12000.0000000,
     -0.1658604,       1.5959300,       0.2076786,
  -1000.0000000,  -12000.0000000,
     -0.1994322,       1.5886318,       0.2073542,
  -1000.0000000,  -12000.0000000,
     -0.2140286,       1.5798739,       0.2073542,
  -1000.0000000,  -12000.0000000,
     -0.1928638,       1.5842529,       0.2076786,
  -1000.0000000,  -12000.0000000,
     -0.2052708,       1.6076072,       0.2076786,
  -1000.0000000,  -12000.0000000,
     -0.2308145,       1.5718459,       0.2076786,
  -1000.0000000,  -12000.0000000,
     -0.1571025,       1.6061475,       0.2073542,
  -1000.0000000,  -12000.0000000,
     -0.2008918,       1.5784143,       0.2073542,
  -1000.0000000,  -12000.0000000,
     -0.2424917,       1.5762248,       0.2073542,
  -1000.0000000,  -12000.0000000,
     -0.1600218,       1.5827932,       0.2076786,
  -1000.0000000,  -12000.0000000,
     -0.2125690,       1.5966598,       0.2073542,
  -1000.0000000,  -12000.0000000,
     -0.1651306,       1.5660073,       0.2076786,
  -1000.0000000,  -12000.0000000,
     -0.1760779,       1.6054177,       0.2073542,
  -1000.0000000,  -12000.0000000,
     -0.2505197,       1.5711161,       0.2073542,
  -1000.0000000,  -12000.0000000,
     -0.1768077,       1.5930107,       0.2080030,
  -1000.0000000,  -12000.0000000,
     -0.1987024,       1.5499512,       0.2076786,
  -1000.0000000,  -12000.0000000,
     -0.2154883,       1.5879020,       0.2073542,
  -1000.0000000,  -12000.0000000,
     -0.1870252,       1.5849827,       0.2070299,
  -1000.0000000,  -12000.0000000,
     -0.2140286,       1.5798739,       0.2076786,
  -1000.0000000,  -12000.0000000,
     -0.2125690,       1.5733055,       0.2073542,
  -1000.0000000,  -12000.0000000,
     -0.1607516,       1.5492214,       0.2076786,
  -1000.0000000,  -12000.0000000,
     -0.2125690,       1.5506810,       0.2076786,
  -1000.0000000,  -12000.0000000,
     -0.2300847,       1.5806037,       0.2073542,
  -1000.0000000,  -12000.0000000,
     -0.1716989,       1.5820634,       0.2073542,
  -1000.0000000,  -12000.0000000,
     -0.2016217,       1.5879020,       0.2076786,
  -1000.0000000,  -12000.0000000,
     -0.1534534,       1.5652775,       0.2080030,
  -1000.0000000,  -12000.0000000,
     -0.1782673,       1.5915511,       0.2080030,
  -1000.0000000,  -12000.0000000,
     -0.2089199,       1.6039581,       0.2073542,
  -1000.0000000,  -12000.0000000,
     -0.1702393,       1.5587091,       0.2080030,
  -1000.0000000,  -12000.0000000,
     -0.2154883,       1.5681968,       0.2076786,
  -1000.0000000,  -12000.0000000,
     -0.1841059,       1.5952002,       0.2076786,
  -1000.0000000,  -12000.0000000,
     -0.1716989,       1.5543302,       0.2080030,
  -1000.0000000,  -12000.0000000,
     -0.1775375,       1.5689266,       0.2073542,
  -1000.0000000,  -12000.0000000,
     -0.2118392,       1.5827932,       0.2070299,
  -1000.0000000,  -12000.0000000,
     -0.2140286,       1.5572494,       0.2076786,
  -1000.0000000,  -12000.0000000,
     -0.2184076,       1.5893616,       0.2076786,
  -1000.0000000,  -12000.0000000,
     -0.2235163,       1.5813336,       0.2073542,
  -1000.0000000,  -12000.0000000,
     -0.1950533,       1.5886318,       0.2076786,
  -1000.0000000,  -12000.0000000,
     -0.1768077,       1.5681968,       0.2070299,
  -1000.0000000,  -12000.0000000,
     -0.2081900,       1.5827932,       0.2070299,
  -1000.0000000,  -12000.0000000,
     -0.1994322,       1.5762248,       0.2076786,
  -1000.0000000,  -12000.0000000,
     -0.1811866,       1.5893616,       0.2073542,
  -1000.0000000,  -12000.0000000,
     -0.1979725,       1.5849827,       0.2076786,
  -1000.0000000,  -12000.0000000,
     -0.1819165,       1.5747652,       0.2073542,
  -1000.0000000,  -12000.0000000,
     -0.1965129,       1.5784143,       0.2073542,
  -1000.0000000,  -12000.0000000,
     -0.1841059,       1.6032282,       0.2073542,
  -1000.0000000,  -12000.0000000,
     -0.2220567,       1.5827932,       0.2073542,
  -1000.0000000,  -12000.0000000,
     -0.2169479,       1.5944704,       0.2073542,
  -1000.0000000,  -12000.0000000,
     -0.1687797,       1.5827932,       0.2073542,
  -1000.0000000,  -12000.0000000,
     -0.2198672,       1.5601687,       0.2073542,
  -1000.0000000,  -12000.0000000,
     -0.2038111,       1.5703862,       0.2076786,
  -1000.0000000,  -12000.0000000,
     -0.1592920,       1.5776845,       0.2073542,
  -1000.0000000,  -12000.0000000,
     -0.1636709,       1.5813336,       0.2076786,
  -1000.0000000,  -12000.0000000,
     -0.2154883,       1.5769546,       0.2070299,
  -1000.0000000,  -12000.0000000,
     -0.1819165,       1.5594389,       0.2076786,
  -1000.0000000,  -12000.0000000,
     -0.2286251,       1.5835230,       0.2073542,
  -1000.0000000,  -12000.0000000,
     -0.2081900,       1.5827932,       0.2076786,
  -1000.0000000,  -12000.0000000,
     -0.1950533,       1.5740353,       0.2073542,
  -1000.0000000,  -12000.0000000,
     -0.2169479,       1.5915511,       0.2080030,
  -1000.0000000,  -12000.0000000,
