     -0.9569874,       1.1733630,       0.1934065,
  -3000.0000000, -118000.0000000,
     -0.9701242,       1.1952577,       0.1934065,
  -3000.0000000, -118000.0000000,
     -0.9912891,       1.1521982,       0.1927578,
  -3000.0000000, -118000.0000000,
     -0.9613664,       1.1594964,       0.1927578,
  -3000.0000000, -118000.0000000,
     -0.9372822,       1.1602263,       0.1930822,
  -3000.0000000, -118000.0000000,
     -0.9650155,       1.1332228,       0.1927578,
  -3000.0000000, -117998.0000000,
     -0.9540681,       1.1660648,       0.1927578,
  -3000.0000000, -117994.0000000,
     -0.9511489,       1.1799314,       0.1937309,
  -3000.0000000, -117986.5000000,
     -0.9577173,       1.1609561,       0.1930822,
  -3000.0000000, -117975.5000000,
     -0.9380121,       1.1967174,       0.1927578,
  -3000.0000000, -117961.5000000,
     -0.9234156,       1.1521982,       0.1943796,
  -3000.0000000, -117951.5000000,
     -0.9774225,       1.1689841,       0.1934065,
  -3000.0000000, -117928.5000000,
     -0.9642857,       1.1806613,       0.1937309,
  -3000.0000000, -117914.5000000,
     -0.9212262,       1.1879595,       0.1934065,
  -3000.0000000, -117885.5000000,
     -0.9175770,       1.2288295,       0.1924334,
  -3000.0000000, -117867.5000000,
     -0.9365524,       1.1565771,       0.1934065,
  -3000.0000000, -117837.5000000,
     -0.9832610,       1.1594964,       0.1927578,
  -3000.0000000, -117806.0000000,
     -0.9547980,       1.1332228,       0.1921091,
  -3000.0000000, -117777.0000000,
     -0.9606365,       1.1733630,       0.1934065,
  -3000.0000000, -117744.5000000,
     -0.9533383,       1.1697139,       0.1924334,
  -3000.0000000, -117699.0000000,
     -0.9350928,       1.1565771,       0.1934065,
  -3000.0000000, -117656.0000000,
     -0.9168472,       1.1792016,       0.1937309,
  -3000.0000000, -117625.5000000,
     -0.9234156,       1.1500087,       0.1937309,
  -3000.0000000, -117571.0000000,
     -0.9329033,       1.2047454,       0.1930822,
  -3000.0000000, -117520.5000000,
     -0.9168472,       1.2127734,       0.1927578,
  -3000.0000000, -117484.0000000,
     -0.8993315,       1.1594964,       0.1924334,
  -3000.0000000, -117417.0000000,
     -0.9336331,       1.1514684,       0.1917847,
  -3000.0000000, -117377.5000000,
     -0.8942227,       1.1711736,       0.1930822,
  -3000.0000000, -117314.0000000,
     -0.9212262,       1.2018261,       0.1927578,
  -3000.0000000, -117254.0000000,
     -0.9350928,       1.1543877,       0.1921091,
  -3000.0000000, -117181.0000000,
     -0.9394717,       1.1667947,       0.1927578,
  -3000.0000000, -117134.0000000,
     -0.9044403,       1.1536579,       0.1917847,
  -3000.0000000, -117067.0000000,
     -0.9555278,       1.1719034,       0.1924334,
  -3000.0000000, -116989.5000000,
     -0.9402015,       1.1799314,       0.1924334,
  -3000.0000000, -116905.0000000,
     -0.9212262,       1.1485491,       0.1914603,
  -3000.0000000, -116829.5000000,
     -0.9139279,       1.1813911,       0.1914603,
  -3000.0000000, -116765.0000000,
     -0.9321735,       1.1558473,       0.1924334,
  -3000.0000000, -116671.5000000,
     -0.8891140,       1.1799314,       0.1917847,
  -3000.0000000, -116607.5000000,
     -0.9241454,       1.1945279,       0.1895141,
  -3000.0000000, -116503.5000000,
     -0.9102788,       1.1646052,       0.1820537,
  -3000.0000000, -116426.0000000,
     -0.9102788,       1.1507386,       0.1820537,
  -3000.0000000, -116351.0000000,
     -0.9380121,       1.1813911,       0.1898385,
  -3000.0000000, -116232.5000000,
     -0.9168472,       1.1376018,       0.1904872,
  -3000.0000000, -116164.0000000,
     -0.9285244,       1.1850402,       0.1895141,
  -3000.0000000, -116066.5000000,
     -0.9234156,       1.1660648,       0.1891898,
  -3000.0000000, -115939.0000000,
     -0.8905736,       1.2054752,       0.1882167,
  -3000.0000000, -115865.0000000,
     -0.8788965,       1.1879595,       0.1882167,
  -3000.0000000, -115760.0000000,
     -0.9102788,       1.2047454,       0.1888654,
  -3000.0000000, -115653.0000000,
     -0.9080894,       1.1857700,       0.1885411,
  -3000.0000000, -115543.0000000,
     -0.8759772,       1.1901490,       0.1882167,
  -3000.0000000, -115431.5000000,
     -0.8752474,       1.1864998,       0.1878923,
  -3000.0000000, -115285.0000000,
     -0.8694088,       1.1631455,       0.1878923,
  -3000.0000000, -115186.5000000,
     -0.8548124,       1.1740929,       0.1888654,
  -3000.0000000, -115066.5000000,
     -0.8752474,       1.1719034,       0.1885411,
  -3000.0000000, -114924.0000000,
     -0.9058999,       1.1864998,       0.1869192,
  -3000.0000000, -114798.5000000,
     -0.8723281,       1.1967174,       0.1862705,
  -3000.0000000, -114706.0000000,
     -0.8745175,       1.2208015,       0.1865949,
  -3000.0000000, -114576.5000000,
     -0.8847351,       1.1937981,       0.1872436,
  -3000.0000000, -114437.0000000,
     -0.8555422,       1.1886893,       0.1869192,
  -3000.0000000, -114287.5000000,
     -0.9146578,       1.2076647,       0.1869192,
  -3000.0000000, -114172.5000000,
     -0.8993315,       1.1740929,       0.1882167,
  -3000.0000000, -114024.5000000,
     -0.9263349,       1.2186120,       0.1895141,
  -3000.0000000, -113851.0000000,
     -0.8832754,       1.1930682,       0.1895141,
  -3000.0000000, -113737.5000000,
     -0.9175770,       1.2083945,       0.1901629,
  -3000.0000000, -113598.5000000,
     -0.8905736,       1.2332085,       0.1904872,
  -3000.0000000, -113449.0000000,
     -0.9299840,       1.2361277,       0.1908116,
  -3000.0000000, -113297.0000000,
     -0.8920333,       1.2237208,       0.1904872,
  -3000.0000000, -113134.0000000,
     -0.8854649,       1.2054752,       0.1921091,
  -3000.0000000, -112976.5000000,
     -0.8949526,       1.2266401,       0.1917847,
  -3000.0000000, -112781.5000000,
     -0.9307138,       1.2426961,       0.1921091,
  -3000.0000000, -112654.5000000,
     -0.8956824,       1.2361277,       0.1911360,
  -3000.0000000, -112472.5000000,
     -0.9058999,       1.1981770,       0.1917847,
  -3000.0000000, -112323.0000000,
     -0.9226858,       1.2485347,       0.1934065,
  -3000.0000000, -112115.5000000,
     -0.9212262,       1.2215313,       0.1930822,
  -3000.0000000, -111980.5000000,
     -0.9314437,       1.2156927,       0.1924334,
  -3000.0000000, -111767.0000000,
     -0.9183069,       1.2251804,       0.1937309,
  -3000.0000000, -111628.0000000,
     -0.9270647,       1.2419663,       0.1930822,
  -3000.0000000, -111408.5000000,
     -0.9613664,       1.2441558,       0.1947040,
  -3000.0000000, -111236.5000000,
     -0.8847351,       1.2397769,       0.1943796,
  -3000.0000000, -110968.5000000,
     -0.9635558,       1.2405067,       0.1937309,
  -3000.0000000, -110894.0000000,
     -0.8942227,       1.2076647,       0.1943796,
  -3000.0000000, -110662.0000000,
     -0.9672049,       1.1952577,       0.1943796,
  -3000.0000000, -110511.5000000,
     -0.8854649,       1.2368576,       0.1947040,
  -3000.0000000, -110274.5000000,
     -0.9314437,       1.2390470,       0.1953527,
  -3000.0000000, -110131.5000000,
     -0.9453103,       1.2405067,       0.1947040,
  -3000.0000000, -109876.0000000,
     -0.9664751,       1.2339383,       0.1943796,
  -3000.0000000, -109729.5000000,
     -0.9277946,       1.2229909,       0.1950284,
  -3000.0000000, -109491.0000000,
     -0.9453103,       1.2127734,       0.1943796,
  -3000.0000000, -109329.0000000,
     -0.9102788,       1.2062050,       0.1937309,
  -3000.0000000, -109050.0000000,
     -0.9818014,       1.2208015,       0.1934065,
  -3000.0000000, -108884.0000000,
     -0.9547980,       1.2105840,       0.1930822,
  -3000.0000000, -108634.5000000,
     -0.9234156,       1.2032858,       0.1940553,
  -3000.0000000, -108405.0000000,
     -0.9226858,       1.1879595,       0.1908116,
  -3000.0000000, -108233.0000000,
     -0.9329033,       1.1667947,       0.1917847,
  -3000.0000000, -107962.0000000,
     -0.9533383,       1.2164225,       0.1924334,
  -3000.0000000, -107786.0000000,
     -0.9117385,       1.2010963,       0.1914603,
  -3000.0000000, -107509.0000000,
     -0.9183069,       1.1653350,       0.1901629,
  -3000.0000000, -107329.0000000,
     -0.9022508,       1.2083945,       0.1911360,
  -3000.0000000, -107123.5000000,
     -0.9102788,       1.1916086,       0.1911360,
  -3000.0000000, -106811.0000000,
     -0.9197665,       1.1602263,       0.1904872,
  -3000.0000000, -106628.5000000,
     -0.8913035,       1.2069349,       0.1904872,
  -3000.0000000, -106369.0000000,
     -0.9591769,       1.1901490,       0.1885411,
  -3000.0000000, -106184.5000000,
     -0.8869245,       1.1631455,       0.1875680,
  -3000.0000000, -105871.5000000,
     -0.9226858,       1.1872297,       0.1885411,
  -3000.0000000, -105687.5000000,
     -0.9511489,       1.2105840,       0.1882167,
  -3000.0000000, -105401.5000000,
     -0.8840052,       1.1916086,       0.1888654,
  -3000.0000000, -105217.5000000,
     -0.9416612,       1.2178822,       0.1904872,
  -3000.0000000, -104931.0000000,
     -0.9299840,       1.2200717,       0.1908116,
  -3000.0000000, -104774.0000000,
     -0.8920333,       1.2164225,       0.1924334,
  -3000.0000000, -104461.0000000,
     -0.9562576,       1.2164225,       0.1921091,
  -3000.0000000, -104277.0000000,
     -0.9387419,       1.2485347,       0.1911360,
  -3000.0000000, -104017.0000000,
     -0.9088192,       1.2441558,       0.1927578,
  -3000.0000000, -103806.5000000,
     -0.9117385,       1.2178822,       0.1911360,
  -3000.0000000, -103520.0000000,
     -0.9256051,       1.2105840,       0.1927578,
  -3000.0000000, -103336.0000000,
     -0.9482296,       1.2332085,       0.1937309,
  -3000.0000000, -103050.0000000,
     -0.9540681,       1.2193418,       0.1927578,
  -3000.0000000, -102854.0000000,
     -0.9307138,       1.2368576,       0.1924334,
  -3000.0000000, -102581.0000000,
     -0.9358226,       1.2383172,       0.1921091,
  -3000.0000000, -102411.0000000,
     -0.9219560,       1.2164225,       0.1917847,
  -3000.0000000, -102124.5000000,
     -0.9387419,       1.2003665,       0.1914603,
  -3000.0000000, -101914.0000000,
     -0.8971420,       1.1886893,       0.1930822,
  -3000.0000000, -101743.5000000,
     -0.9453103,       1.2186120,       0.1924334,
  -3000.0000000, -101443.5000000,
     -0.9292542,       1.2434260,       0.1914603,
  -3000.0000000, -101260.0000000,
     -0.9066297,       1.1872297,       0.1914603,
  -3000.0000000, -101024.5000000,
     -0.9489594,       1.2507242,       0.1914603,
  -3000.0000000, -100752.0000000,
     -0.9307138,       1.2091243,       0.1921091,
  -3000.0000000, -100554.5000000,
     -0.8752474,       1.2171524,       0.1921091,
  -3000.0000000, -100268.0000000,
     -0.9358226,       1.2186120,       0.1911360,
  -3000.0000000, -100084.0000000,
     -0.8978719,       1.2120436,       0.1917847,
  -3000.0000000,  -99849.0000000,
     -0.8737877,       1.2135033,       0.1914603,
  -3000.0000000,  -99613.5000000,
     -0.9051701,       1.2726188,       0.1911360,
  -3000.0000000,  -99378.5000000,
     -0.9051701,       1.2324786,       0.1924334,
  -3000.0000000,  -99143.5000000,
     -0.8796263,       1.2003665,       0.1921091,
  -3000.0000000,  -98908.5000000,
     -0.9183069,       1.1952577,       0.1908116,
  -3000.0000000,  -98674.5000000,
     -0.8964122,       1.2558329,       0.1914603,
  -3000.0000000,  -98388.0000000,
     -0.8971420,       1.1996366,       0.1921091,
  -3000.0000000,  -98204.5000000,
     -0.8847351,       1.2229909,       0.1917847,
  -3000.0000000,  -97917.5000000,
     -0.8934929,       1.2412365,       0.1927578,
  -3000.0000000,  -97734.0000000,
     -0.9555278,       1.2208015,       0.1917847,
  -3000.0000000,  -97447.5000000,
     -0.8986017,       1.2302892,       0.1911360,
  -3000.0000000,  -97263.5000000,
     -0.9044403,       1.2208015,       0.1924334,
  -3000.0000000,  -97028.5000000,
     -0.9380121,       1.2543733,       0.1921091,
  -3000.0000000,  -96742.0000000,
     -0.8628404,       1.2178822,       0.1904872,
  -3000.0000000,  -96558.5000000,
     -0.8723281,       1.2127734,       0.1904872,
  -3000.0000000,  -96323.5000000,
     -0.8869245,       1.1762823,       0.1901629,
  -3000.0000000,  -96088.0000000,
     -0.8591913,       1.1901490,       0.1911360,
  -3000.0000000,  -95853.0000000,
     -0.8672193,       1.1675245,       0.1908116,
  -3000.0000000,  -95617.5000000,
     -0.8672193,       1.1777420,       0.1849730,
  -3000.0000000,  -95382.5000000,
     -0.8759772,       1.1872297,       0.1888654,
  -3000.0000000,  -95096.0000000,
     -0.8577316,       1.1981770,       0.1888654,
  -3000.0000000,  -94861.0000000,
     -0.8774368,       1.1952577,       0.1875680,
  -3000.0000000,  -94678.5000000,
     -0.8343773,       1.2069349,       0.1891898,
  -3000.0000000,  -94443.5000000,
     -0.8504334,       1.1740929,       0.1891898,
  -3000.0000000,  -94208.0000000,
     -0.9161174,       1.1770122,       0.1869192,
  -3000.0000000,  -93973.0000000,
     -0.8978719,       1.2120436,       0.1888654,
  -3000.0000000,  -93686.5000000,
     -0.8672193,       1.1864998,       0.1885411,
  -3000.0000000,  -93502.5000000,
     -0.9037104,       1.2178822,       0.1888654,
  -3000.0000000,  -93216.0000000,
     -0.8540825,       1.1653350,       0.1908116,
  -3000.0000000,  -92981.0000000,
     -0.8650299,       1.1806613,       0.1898385,
  -3000.0000000,  -92797.5000000,
     -0.8840052,       1.2171524,       0.1898385,
  -3000.0000000,  -92562.5000000,
     -0.8453247,       1.2083945,       0.1917847,
  -3000.0000000,  -92289.5000000,
     -0.8679492,       1.2054752,       0.1911360,
  -3000.0000000,  -92092.0000000,
     -0.8986017,       1.1981770,       0.1901629,
  -3000.0000000,  -91856.5000000,
     -0.8730579,       1.1711736,       0.1911360,
  -3000.0000000,  -91570.0000000,
     -0.8489738,       1.1879595,       0.1904872,
  -3000.0000000,  -91386.5000000,
     -0.8562720,       1.1624157,       0.1914603,
  -3000.0000000,  -91100.0000000,
     -0.8679492,       1.1616859,       0.1908116,
  -3000.0000000,  -90916.0000000,
     -0.8759772,       1.1675245,       0.1904872,
  -3000.0000000,  -90656.5000000,
     -0.8321879,       1.1923384,       0.1917847,
  -3000.0000000,  -90447.0000000,
     -0.8803561,       1.1901490,       0.1914603,
  -3000.0000000,  -90160.5000000,
     -0.9263349,       1.1806613,       0.1898385,
  -3000.0000000,  -89976.5000000,
     -0.8285388,       1.1901490,       0.1911360,
  -3000.0000000,  -89689.5000000,
     -0.8533527,       1.1872297,       0.1908116,
  -3000.0000000,  -89506.0000000,
     -0.8358370,       1.2156927,       0.1908116,
  -3000.0000000,  -89219.5000000,
     -0.8650299,       1.1996366,       0.1917847,
  -3000.0000000,  -89035.5000000,
     -0.8708684,       1.1828507,       0.1914603,
  -3000.0000000,  -88749.0000000,
     -0.9029806,       1.1748227,       0.1911360,
  -3000.0000000,  -88565.0000000,
     -0.8431352,       1.1580368,       0.1927578,
  -3000.0000000,  -88305.0000000,
     -0.8737877,       1.1755525,       0.1927578,
  -3000.0000000,  -88094.5000000,
     -0.8672193,       1.1624157,       0.1927578,
  -3000.0000000,  -87808.0000000,
     -0.8803561,       1.1792016,       0.1937309,
  -3000.0000000,  -87624.0000000,
     -0.8380264,       1.2054752,       0.1940553,
  -3000.0000000,  -87337.5000000,
     -0.8591913,       1.1864998,       0.1930822,
  -3000.0000000,  -87153.5000000,
     -0.8299984,       1.1675245,       0.1947040,
  -3000.0000000,  -86866.5000000,
     -0.8745175,       1.1580368,       0.1937309,
  -3000.0000000,  -86709.5000000,
     -0.8715983,       1.1974472,       0.1940553,
  -3000.0000000,  -86398.0000000,
     -0.8489738,       1.2098542,       0.1943796,
  -3000.0000000,  -86214.0000000,
     -0.8847351,       1.1675245,       0.1947040,
  -3000.0000000,  -85939.5000000,
     -0.8949526,       1.2025559,       0.1947040,
  -3000.0000000,  -85743.0000000,
     -0.8920333,       1.2040156,       0.1940553,
  -3000.0000000,  -85508.0000000,
     -0.9146578,       1.1959875,       0.1927578,
  -3000.0000000,  -85208.5000000,
     -0.8964122,       1.1616859,       0.1921091,
  -3000.0000000,  -84986.0000000,
     -0.8372966,       1.1507386,       0.1921091,
  -3000.0000000,  -84829.0000000,
     -0.8431352,       1.1383316,       0.1904872,
  -3000.0000000,  -84516.0000000,
     -0.8409457,       1.1682543,       0.1898385,
  -3000.0000000,  -84359.0000000,
     -0.8037248,       1.2054752,       0.1895141,
  -3000.0000000,  -84097.0000000,
     -0.7971564,       1.1967174,       0.1891898,
  -3000.0000000,  -83810.5000000,
     -0.7796407,       1.2003665,       0.1908116,
  -3000.0000000,  -83639.5000000,
     -0.7745319,       1.2091243,       0.1914603,
  -3000.0000000,  -83418.0000000,
     -0.7913178,       1.1952577,       0.1927578,
  -3000.0000000,  -83105.0000000,
     -0.7869389,       1.2280997,       0.1953527,
  -3000.0000000,  -82947.5000000,
     -0.8190511,       1.2076647,       0.1963258,
  -3000.0000000,  -82635.5000000,
     -0.8657597,       1.2062050,       0.1976233,
  -3000.0000000,  -82478.5000000,
     -0.8511632,       1.2288295,       0.1989207,
  -3000.0000000,  -82165.5000000,
     -0.8752474,       1.2426961,       0.1985964,
  -3000.0000000,  -82008.0000000,
     -0.8664895,       1.2361277,       0.1995695,
  -3000.0000000,  -81694.5000000,
     -0.8402159,       1.2032858,       0.1998938,
  -3000.0000000,  -81537.5000000,
     -0.9124683,       1.2280997,       0.2002182,
  -3000.0000000,  -81237.5000000,
     -0.8409457,       1.2054752,       0.2011913,
  -3000.0000000,  -81067.0000000,
     -0.8723281,       1.2054752,       0.2011913,
  -3000.0000000,  -80781.0000000,
     -0.8825456,       1.2259102,       0.2008669,
  -3000.0000000,  -80597.0000000,
     -0.8591913,       1.2426961,       0.2018400,
  -3000.0000000,  -80284.5000000,
     -0.8650299,       1.2310190,       0.2015157,
  -3000.0000000,  -80099.5000000,
     -0.8599211,       1.2412365,       0.2015157,
  -3000.0000000,  -79826.0000000,
     -0.8365668,       1.2229909,       0.2021644,
  -3000.0000000,  -79642.0000000,
     -0.8540825,       1.1996366,       0.2018400,
  -3000.0000000,  -79394.0000000,
     -0.8081037,       1.1843104,       0.2031375,
  -3000.0000000,  -79134.5000000,
     -0.8781667,       1.2237208,       0.2021644,
  -3000.0000000,  -78936.5000000,
     -0.8372966,       1.1784718,       0.2024888,
  -3000.0000000,  -78664.0000000,
     -0.8263493,       1.1653350,       0.2021644,
  -3000.0000000,  -78481.5000000,
     -0.8737877,       1.2332085,       0.2018400,
  -3000.0000000,  -78155.0000000,
     -0.8365668,       1.1835806,       0.1995695,
  -3000.0000000,  -78010.5000000,
     -0.8154020,       1.1981770,       0.1979476,
  -3000.0000000,  -77724.0000000,
     -0.8117529,       1.2193418,       0.1966502,
  -3000.0000000,  -77526.5000000,
     -0.8475141,       1.2142331,       0.1927578,
  -3000.0000000,  -77254.0000000,
     -0.8015353,       1.2310190,       0.1943796,
  -3000.0000000,  -77018.5000000,
     -0.8759772,       1.2127734,       0.1917847,
  -3000.0000000,  -76821.0000000,
     -0.8248897,       1.1974472,       0.1950284,
  -3000.0000000,  -76586.0000000,
     -0.8270791,       1.2273699,       0.1972989,
  -3000.0000000,  -76364.5000000,
     -0.8475141,       1.2302892,       0.1985964,
  -3000.0000000,  -76078.0000000,
     -0.8256195,       1.2069349,       0.1998938,
  -3000.0000000,  -75867.0000000,
     -0.8489738,       1.2507242,       0.2008669,
  -3000.0000000,  -75607.0000000,
     -0.8621106,       1.2047454,       0.2015157,
  -3000.0000000,  -75409.5000000,
     -0.8460545,       1.2368576,       0.2024888,
  -3000.0000000,  -75174.5000000,
     -0.8467843,       1.2448856,       0.2047593,
  -3000.0000000,  -74902.0000000,
     -0.8497036,       1.2266401,       0.2047593,
  -3000.0000000,  -74654.0000000,
     -0.8562720,       1.2470751,       0.2057324,
  -3000.0000000,  -74470.5000000,
     -0.8299984,       1.2251804,       0.2063811,
  -3000.0000000,  -74235.0000000,
     -0.8365668,       1.2368576,       0.2076786,
  -3000.0000000,  -73962.5000000,
     -0.8037248,       1.2390470,       0.2044350,
  -3000.0000000,  -73727.0000000,
     -0.8643000,       1.2222611,       0.2073542,
  -3000.0000000,  -73529.5000000,
     -0.8643000,       1.2602119,       0.2080030,
  -3000.0000000,  -73229.5000000,
     -0.8438650,       1.2426961,       0.2080030,
  -3000.0000000,  -73058.5000000,
     -0.8321879,       1.2492645,       0.2086517,
  -3000.0000000,  -72823.5000000,
     -0.8263493,       1.2558329,       0.2089761,
  -3000.0000000,  -72551.0000000,
     -0.8299984,       1.2638610,       0.2089761,
  -3000.0000000,  -72302.5000000,
     -0.8511632,       1.2353979,       0.2093004,
  -3000.0000000,  -72118.5000000,
     -0.8066441,       1.2288295,       0.2096248,
  -3000.0000000,  -71883.0000000,
     -0.8548124,       1.2426961,       0.2099492,
  -3000.0000000,  -71596.5000000,
     -0.8402159,       1.2186120,       0.2093004,
  -3000.0000000,  -71412.5000000,
     -0.8124827,       1.2186120,       0.2099492,
  -3000.0000000,  -71113.5000000,
     -0.8431352,       1.2631312,       0.2096248,
  -3000.0000000,  -70891.0000000,
     -0.8621106,       1.2660504,       0.2099492,
  -3000.0000000,  -70708.5000000,
     -0.8190511,       1.2696996,       0.2102735,
  -3000.0000000,  -70436.0000000,
     -0.8000757,       1.2543733,       0.2105979,
  -3000.0000000,  -70148.5000000,
     -0.8511632,       1.2543733,       0.2102735,
  -3000.0000000,  -70003.0000000,
     -0.8095634,       1.2405067,       0.2063811,
  -3000.0000000,  -69716.5000000,
     -0.7818302,       1.2441558,       0.2105979,
  -3000.0000000,  -69532.5000000,
     -0.8241598,       1.2361277,       0.2096248,
  -3000.0000000,  -69220.5000000,
     -0.7650442,       1.2332085,       0.2115710,
  -3000.0000000,  -69062.5000000,
     -0.8081037,       1.2295593,       0.2112466,
  -3000.0000000,  -68827.5000000,
     -0.7832898,       1.2689697,       0.2109223,
  -3000.0000000,  -68541.5000000,
     -0.8256195,       1.2784574,       0.2115710,
  -3000.0000000,  -68357.5000000,
     -0.8073739,       1.2587522,       0.2115710,
  -3000.0000000,  -68122.0000000,
     -0.7796407,       1.2711592,       0.2122197,
  -3000.0000000,  -67835.5000000,
     -0.8088336,       1.2653206,       0.2118954,
  -3000.0000000,  -67651.5000000,
     -0.8518931,       1.2587522,       0.2115710,
  -3000.0000000,  -67365.5000000,
     -0.7825600,       1.2339383,       0.2128685,
  -3000.0000000,  -67157.0000000,
     -0.8336475,       1.2536435,       0.2125441,
  -3000.0000000,  -66946.5000000,
     -0.8321879,       1.2675101,       0.2131928,
  -3000.0000000,  -66661.0000000,
     -0.7752618,       1.2244506,       0.2128685,
  -3000.0000000,  -66477.5000000,
     -0.7818302,       1.2543733,       0.2128685,
  -3000.0000000,  -66191.0000000,
     -0.7767214,       1.2624013,       0.2115710,
  -3000.0000000,  -65981.5000000,
     -0.8015353,       1.2704294,       0.2118954,
  -3000.0000000,  -65720.5000000,
     -0.8146721,       1.2784574,       0.2131928,
  -3000.0000000,  -65536.5000000,
     -0.7686934,       1.2463453,       0.2135172,
  -3000.0000000,  -65250.5000000,
     -0.7927775,       1.2791872,       0.2135172,
  -3000.0000000,  -65066.5000000,
     -0.7920477,       1.2930539,       0.2131928,
  -3000.0000000,  -64767.0000000,
     -0.7701530,       1.2558329,       0.2135172,
  -3000.0000000,  -64596.5000000,
     -0.7716126,       1.2733487,       0.2131928,
  -3000.0000000,  -64284.5000000,
     -0.7832898,       1.2551031,       0.2128685,
  -3000.0000000,  -64126.0000000,
     -0.7570162,       1.2536435,       0.2128685,
  -3000.0000000,  -63814.0000000,
     -0.8015353,       1.2682399,       0.2125441,
  -3000.0000000,  -63655.5000000,
     -0.7832898,       1.2748083,       0.2131928,
  -3000.0000000,  -63370.0000000,
     -0.7993459,       1.2696996,       0.2118954,
  -3000.0000000,  -63185.5000000,
     -0.7584758,       1.2821065,       0.2122197,
  -3000.0000000,  -62950.0000000,
     -0.7300128,       1.2952433,       0.2122197,
  -3000.0000000,  -62716.5000000,
     -0.7322023,       1.2879451,       0.2138415,
  -3000.0000000,  -62430.0000000,
     -0.7869389,       1.2718890,       0.2131928,
  -3000.0000000,  -62246.0000000,
     -0.7453391,       1.2923240,       0.2138415,
  -3000.0000000,  -61959.5000000,
     -0.7752618,       1.2996223,       0.2135172,
  -3000.0000000,  -61775.5000000,
     -0.8110230,       1.2675101,       0.2135172,
  -3000.0000000,  -61489.5000000,
     -0.7351215,       1.2908644,       0.2138415,
  -3000.0000000,  -61305.5000000,
     -0.7446092,       1.3215169,       0.2131928,
  -3000.0000000,  -61019.0000000,
     -0.7511776,       1.3105696,       0.2122197,
  -3000.0000000,  -60835.0000000,
     -0.7081181,       1.3018117,       0.2128685,
  -3000.0000000,  -60549.0000000,
     -0.7205251,       1.2799171,       0.2125441,
  -3000.0000000,  -60365.0000000,
     -0.7482583,       1.3076503,       0.2122197,
  -3000.0000000,  -60065.5000000,
     -0.6825744,       1.2974328,       0.2135172,
  -3000.0000000,  -59894.5000000,
     -0.7438794,       1.3171380,       0.2125441,
  -3000.0000000,  -59582.5000000,
     -0.7409601,       1.2952433,       0.2131928,
  -3000.0000000,  -59424.0000000,
     -0.7263637,       1.2682399,       0.2138415,
  -3000.0000000,  -59138.0000000,
     -0.7716126,       1.2696996,       0.2128685,
  -3000.0000000,  -58954.0000000,
     -0.7132269,       1.3185976,       0.2125441,
  -3000.0000000,  -58669.0000000,
     -0.6927919,       1.2988924,       0.2122197,
  -3000.0000000,  -58485.0000000,
     -0.7365812,       1.2886749,       0.2115710,
  -3000.0000000,  -58250.0000000,
     -0.6957112,       1.2952433,       0.2122197,
  -3000.0000000,  -57963.5000000,
     -0.6614095,       1.3185976,       0.2125441,
  -3000.0000000,  -57779.5000000,
     -0.6825744,       1.3134889,       0.2125441,
  -3000.0000000,  -57493.0000000,
     -0.7154163,       1.3105696,       0.2115710,
  -3000.0000000,  -57309.0000000,
     -0.6935217,       1.3061907,       0.2125441,
  -3000.0000000,  -56984.5000000,
     -0.6716270,       1.3018117,       0.2122197,
  -3000.0000000,  -56839.0000000,
     -0.6949813,       1.3229766,       0.2125441,
  -3000.0000000,  -56554.0000000,
     -0.6869533,       1.3112994,       0.2122197,
  -3000.0000000,  -56369.0000000,
     -0.6898726,       1.3390327,       0.2118954,
  -3000.0000000,  -56082.5000000,
     -0.6679779,       1.2974328,       0.2112466,
  -3000.0000000,  -55898.5000000,
     -0.7015497,       1.3273555,       0.2109223,
  -3000.0000000,  -55626.0000000,
     -0.7300128,       1.3251660,       0.2099492,
  -3000.0000000,  -55425.5000000,
     -0.6533815,       1.3324643,       0.2105979,
  -3000.0000000,  -55139.5000000,
     -0.6723569,       1.3273555,       0.2105979,
  -3000.0000000,  -54955.5000000,
     -0.7110374,       1.3258959,       0.2096248,
  -3000.0000000,  -54683.0000000,
     -0.6446236,       1.3105696,       0.2102735,
  -3000.0000000,  -54435.5000000,
     -0.6825744,       1.3215169,       0.2096248,
  -3000.0000000,  -54251.5000000,
     -0.6701674,       1.3397625,       0.2096248,
  -3000.0000000,  -54016.0000000,
     -0.6548411,       1.3404923,       0.2102735,
  -3000.0000000,  -53729.5000000,
     -0.6657885,       1.3419519,       0.2096248,
  -3000.0000000,  -53572.5000000,
     -0.6628692,       1.3456010,       0.2083273,
  -3000.0000000,  -53259.5000000,
     -0.6037536,       1.3178678,       0.2083273,
  -3000.0000000,  -53075.5000000,
     -0.6460833,       1.3346537,       0.2093004,
  -3000.0000000,  -52802.0000000,
     -0.6344061,       1.3134889,       0.2086517,
  -3000.0000000,  -52555.0000000,
     -0.6132413,       1.3901202,       0.2089761,
  -3000.0000000,  -52370.5000000,
     -0.6322166,       1.3667659,       0.2086517,
  -3000.0000000,  -52071.0000000,
     -0.6234588,       1.3616571,       0.2083273,
  -3000.0000000,  -51900.0000000,
     -0.6066729,       1.3682255,       0.2089761,
  -3000.0000000,  -51613.5000000,
     -0.6322166,       1.3127591,       0.2080030,
  -3000.0000000,  -51429.5000000,
     -0.5796695,       1.3587378,       0.2070299,
  -3000.0000000,  -51143.5000000,
     -0.6205395,       1.3536291,       0.2086517,
  -3000.0000000,  -50959.5000000,
     -0.6241886,       1.3653062,       0.2076786,
  -3000.0000000,  -50751.0000000,
     -0.5869677,       1.3558186,       0.2073542,
  -3000.0000000,  -50439.0000000,
     -0.5957255,       1.3674957,       0.2076786,
  -3000.0000000,  -50255.5000000,
     -0.6212693,       1.3667659,       0.2073542,
  -3000.0000000,  -49956.0000000,
     -0.5855080,       1.3674957,       0.2073542,
  -3000.0000000,  -49733.5000000,
     -0.6249184,       1.3674957,       0.2063811,
  -3000.0000000,  -49524.5000000,
     -0.5847782,       1.3361134,       0.2070299,
  -3000.0000000,  -49121.5000000,
     -0.5555853,       1.3638466,       0.2080030,
  -3000.0000000,  -49054.0000000,
     -0.5949957,       1.3696852,       0.2063811,
  -3000.0000000,  -48830.5000000,
     -0.5782098,       1.3514396,       0.2067055,
  -3000.0000000,  -48584.0000000,
     -0.5037680,       1.3901202,       0.2083273,
  -3000.0000000,  -48400.0000000,
     -0.5782098,       1.3944991,       0.2083273,
  -3000.0000000,  -48087.0000000,
     -0.5453678,       1.3901202,       0.2086517,
  -3000.0000000,  -47929.5000000,
     -0.5366100,       1.3974184,       0.2102735,
  -3000.0000000,  -47616.5000000,
     -0.5913466,       1.3828220,       0.2105979,
  -3000.0000000,  -47445.5000000,
     -0.5504766,       1.3704150,       0.2105979,
  -3000.0000000,  -47224.0000000,
     -0.5460976,       1.3740641,       0.2102735,
  -3000.0000000,  -46924.0000000,
     -0.5533959,       1.3623870,       0.2102735,
  -3000.0000000,  -46754.0000000,
     -0.4957399,       1.3689554,       0.2112466,
  -3000.0000000,  -46469.0000000,
     -0.5577748,       1.4054465,       0.2102735,
  -3000.0000000,  -46285.0000000,
     -0.5687221,       1.4017973,       0.2105979,
  -3000.0000000,  -45984.5000000,
     -0.5052276,       1.3893904,       0.2105979,
  -3000.0000000,  -45763.0000000,
     -0.5424485,       1.3981482,       0.2112466,
  -3000.0000000,  -45579.5000000,
     -0.5096065,       1.4193131,       0.2118954,
  -3000.0000000,  -45344.0000000,
     -0.4928206,       1.3528993,       0.2125441,
  -3000.0000000,  -45057.5000000,
     -0.5001189,       1.3477905,       0.2112466,
  -3000.0000000,  -44874.0000000,
     -0.4519506,       1.3667659,       0.2115710,
  -3000.0000000,  -44587.5000000,
     -0.4337051,       1.3944991,       0.2105979,
  -3000.0000000,  -44404.0000000,
     -0.4045122,       1.3470607,       0.2047593,
  -3000.0000000,  -44117.5000000,
     -0.3840772,       1.3631168,       0.2086517,
  -3000.0000000,  -43919.5000000,
     -0.3848070,       1.3310046,       0.2070299,
  -3000.0000000,  -43684.5000000,
     -0.3424773,       1.3207871,       0.2002182,
  -3000.0000000,  -43463.0000000,
     -0.3402878,       1.3266257,       0.2037862,
  -3000.0000000,  -43176.5000000,
     -0.3578036,       1.3193275,       0.2037862,
  -3000.0000000,  -42965.5000000,
     -0.4067016,       1.3631168,       0.2034619,
  -3000.0000000,  -42706.0000000,
     -0.3716702,       1.3762536,       0.2028131,
  -3000.0000000,  -42523.5000000,
     -0.4088911,       1.3448712,       0.2028131,
  -3000.0000000,  -42209.5000000,
     -0.4096209,       1.3879307,       0.2031375,
  -3000.0000000,  -42038.5000000,
     -0.4139999,       1.3704150,       0.2041106,
  -3000.0000000,  -41803.5000000,
     -0.4242174,       1.3835518,       0.2037862,
  -3000.0000000,  -41582.0000000,
     -0.4373542,       1.3879307,       0.2057324,
  -3000.0000000,  -41282.0000000,
     -0.4278665,       1.4098254,       0.2054080,
  -3000.0000000,  -41098.0000000,
     -0.4971996,       1.4178534,       0.2070299,
  -3000.0000000,  -40825.5000000,
     -0.4979294,       1.4156640,       0.2089761,
  -3000.0000000,  -40628.0000000,
     -0.4826031,       1.3886605,       0.2099492,
  -3000.0000000,  -40328.0000000,
     -0.5402591,       1.4098254,       0.2093004,
  -3000.0000000,  -40157.0000000,
     -0.4534102,       1.3528993,       0.2105979,
  -3000.0000000,  -39921.5000000,
     -0.4570594,       1.3667659,       0.2109223,
  -3000.0000000,  -39649.0000000,
     -0.4563295,       1.3718746,       0.2099492,
  -3000.0000000,  -39400.0000000,
     -0.3891859,       1.3528993,       0.2093004,
  -3000.0000000,  -39216.5000000,
     -0.3709404,       1.3463309,       0.2086517,
  -3000.0000000,  -38981.0000000,
     -0.3994034,       1.3528993,       0.2057324,
  -3000.0000000,  -38747.0000000,
     -0.3395580,       1.3485203,       0.2047593,
  -3000.0000000,  -38511.5000000,
     -0.4132700,       1.3667659,       0.2034619,
  -3000.0000000,  -38212.5000000,
     -0.4125402,       1.3536291,       0.2034619,
  -3000.0000000,  -37989.5000000,
     -0.3753193,       1.3339239,       0.2031375,
  -3000.0000000,  -37805.5000000,
     -0.3899157,       1.3222467,       0.2011913,
  -3000.0000000,  -37570.0000000,
     -0.4045122,       1.2959732,       0.1998938,
  -3000.0000000,  -37284.0000000,
     -0.3198528,       1.3550887,       0.1982720,
  -3000.0000000,  -37100.0000000,
     -0.4067016,       1.3528993,       0.1976233,
  -3000.0000000,  -36864.5000000,
     -0.3899157,       1.3120292,       0.1963258,
  -3000.0000000,  -36630.0000000,
     -0.3702105,       1.3631168,       0.1953527,
  -3000.0000000,  -36343.5000000,
     -0.3782386,       1.3704150,       0.1953527,
  -3000.0000000,  -36173.5000000,
     -0.3782386,       1.3762536,       0.1963258,
  -3000.0000000,  -35860.0000000,
     -0.3869964,       1.4142043,       0.1976233,
  -3000.0000000,  -35638.0000000,
     -0.4271367,       1.3477905,       0.1995695,
  -3000.0000000,  -35454.0000000,
     -0.3913754,       1.3463309,       0.1998938,
  -3000.0000000,  -35219.0000000,
     -0.3928350,       1.3404923,       0.1976233,
  -3000.0000000,  -34932.5000000,
     -0.3979438,       1.3587378,       0.1953527,
  -3000.0000000,  -34750.0000000,
     -0.3585334,       1.3536291,       0.1943796,
  -3000.0000000,  -34463.5000000,
     -0.4052420,       1.3580080,       0.1960015,
  -3000.0000000,  -34279.5000000,
     -0.3877263,       1.3718746,       0.1979476,
  -3000.0000000,  -33992.5000000,
     -0.3519650,       1.3952289,       0.1998938,
  -3000.0000000,  -33808.5000000,
     -0.4059718,       1.3295450,       0.2005426,
  -3000.0000000,  -33509.5000000,
     -0.3526948,       1.3339239,       0.1998938,
  -3000.0000000,  -33287.0000000,
     -0.2964985,       1.3302748,       0.1992451,
  -3000.0000000,  -33103.0000000,
     -0.3052564,       1.3237064,       0.1963258,
  -3000.0000000,  -32816.0000000,
     -0.2548987,       1.3324643,       0.1940553,
  -3000.0000000,  -32632.5000000,
     -0.2395724,       1.3536291,       0.1953527,
  -3000.0000000,  -32346.0000000,
     -0.3074458,       1.3528993,       0.1960015,
  -3000.0000000,  -32162.0000000,
     -0.2563583,       1.4003377,       0.1976233,
  -3000.0000000,  -31927.0000000,
     -0.2548987,       1.3915798,       0.2005426,
  -3000.0000000,  -31640.0000000,
     -0.2753337,       1.3609273,       0.2008669,
  -3000.0000000,  -31456.0000000,
     -0.2716846,       1.3558186,       0.2034619,
  -3000.0000000,  -31182.0000000,
     -0.2797126,       1.3682255,       0.2037862,
  -3000.0000000,  -30934.0000000,
     -0.2848214,       1.3886605,       0.2034619,
  -3000.0000000,  -30751.5000000,
     -0.2607372,       1.3864711,       0.2041106,
  -3000.0000000,  -30464.5000000,
     -0.2366531,       1.3346537,       0.2050837,
  -3000.0000000,  -30280.5000000,
     -0.2490601,       1.3353835,       0.2057324,
  -3000.0000000,  -29994.0000000,
     -0.2213268,       1.3704150,       0.2070299,
  -3000.0000000,  -29836.5000000,
     -0.1549130,       1.3791729,       0.2063811,
  -3000.0000000,  -29536.5000000,
     -0.2213268,       1.4069061,       0.2096248,
  -3000.0000000,  -29339.5000000,
     -0.1724288,       1.4010675,       0.2109223,
  -3000.0000000,  -29104.0000000,
     -0.2483303,       1.3653062,       0.2128685,
  -3000.0000000,  -28804.5000000,
     -0.2629267,       1.3609273,       0.2138415,
  -3000.0000000,  -28633.5000000,
     -0.2629267,       1.3689554,       0.2148146,
  -3000.0000000,  -28347.0000000,
     -0.2789828,       1.3492502,       0.2151390,
  -3000.0000000,  -28163.0000000,
     -0.2592776,       1.3463309,       0.2148146,
  -3000.0000000,  -27876.5000000,
     -0.2855512,       1.3653062,       0.2141659,
  -3000.0000000,  -27641.0000000,
     -0.2621969,       1.3536291,       0.2125441,
  -3000.0000000,  -27483.5000000,
     -0.2476004,       1.3580080,       0.2112466,
  -3000.0000000,  -27183.5000000,
     -0.2490601,       1.3485203,       0.2096248,
  -3000.0000000,  -26999.5000000,
     -0.2439513,       1.3477905,       0.2099492,
  -3000.0000000,  -26778.0000000,
     -0.2578179,       1.3521694,       0.2089761,
  -3000.0000000,  -26454.0000000,
     -0.2162181,       1.3477905,       0.2073542,
  -3000.0000000,  -26309.0000000,
     -0.2490601,       1.3463309,       0.2083273,
  -3000.0000000,  -25995.5000000,
     -0.2184076,       1.3404923,       0.2089761,
  -3000.0000000,  -25838.0000000,
     -0.2227865,       1.3543589,       0.2083273,
  -3000.0000000,  -25525.0000000,
     -0.2607372,       1.3638466,       0.2102735,
  -3000.0000000,  -25340.5000000,
     -0.2505197,       1.3572782,       0.2109223,
  -3000.0000000,  -25081.0000000,
     -0.2008918,       1.3930395,       0.2128685,
  -3000.0000000,  -24883.5000000,
     -0.2527092,       1.3623870,       0.2131928,
  -3000.0000000,  -24662.0000000,
     -0.2154883,       1.3514396,       0.2144903,
  -3000.0000000,  -24375.5000000,
     -0.2359233,       1.3864711,       0.2144903,
  -3000.0000000,  -24192.0000000,
     -0.2351935,       1.3733343,       0.2164365,
  -3000.0000000,  -23905.0000000,
     -0.2687653,       1.3879307,       0.2170852,
  -3000.0000000,  -23707.5000000,
     -0.2476004,       1.3696852,       0.2170852,
  -3000.0000000,  -23486.0000000,
     -0.2067304,       1.3813623,       0.2167608,
  -3000.0000000,  -23135.0000000,
     -0.1724288,       1.3404923,       0.2161121,
  -3000.0000000,  -22964.5000000,
     -0.2227865,       1.3171380,       0.2144903,
  -3000.0000000,  -22782.0000000,
     -0.1687797,       1.3215169,       0.2154634,
  -3000.0000000,  -22476.0000000,
     -0.1833761,       1.3404923,       0.2144903,
  -3000.0000000,  -22323.5000000,
     -0.1673200,       1.3207871,       0.2125441,
  -3000.0000000,  -22010.5000000,
     -0.1271798,       1.3134889,       0.2141659,
  -3000.0000000,  -21873.5000000,
     -0.1855656,       1.3835518,       0.2148146,
  -3000.0000000,  -21604.0000000,
     -0.1388570,       1.3317344,       0.2154634,
  -3000.0000000,  -21433.0000000,
     -0.1271798,       1.3514396,       0.2154634,
  -3000.0000000,  -21170.0000000,
     -0.1519938,       1.3536291,       0.2157877,
  -3000.0000000,  -21003.0000000,
     -0.1279096,       1.3178678,       0.2151390,
  -3000.0000000,  -20746.0000000,
     -0.1629411,       1.3229766,       0.2093004,
  -3000.0000000,  -20583.0000000,
     -0.1461552,       1.2587522,       0.2144903,
  -3000.0000000,  -20320.5000000,
     -0.1644007,       1.3018117,       0.2167608,
  -3000.0000000,  -20173.0000000,
     -0.1067448,       1.3156783,       0.2164365,
  -3000.0000000,  -19895.0000000,
     -0.1286394,       1.3047310,       0.2170852,
  -3000.0000000,  -19720.0000000,
     -0.0600362,       1.3237064,       0.2170852,
  -3000.0000000,  -19502.5000000,
     -0.1016360,       1.3288151,       0.2167608,
  -3000.0000000,  -19384.0000000,
     -0.0972571,       1.2967030,       0.2164365,
  -3000.0000000,  -19152.0000000,
     -0.1089343,       1.3310046,       0.2154634,
  -3000.0000000,  -19005.5000000,
     -0.1060150,       1.3091099,       0.2125441,
  -3000.0000000,  -18779.5000000,
     -0.0702537,       1.3083801,       0.2131928,
  -3000.0000000,  -18636.5000000,
     -0.0768221,       1.3375730,       0.2157877,
  -3000.0000000,  -18445.0000000,
     -0.0848501,       1.3499800,       0.2174096,
  -3000.0000000,  -18277.0000000,
     -0.1096641,       1.3142187,       0.2174096,
  -3000.0000000,  -18063.0000000,
     -0.0768221,       1.3215169,       0.2200045,
  -3000.0000000,  -17927.0000000,
     -0.0790116,       1.3404923,       0.2213020,
  -3000.0000000,  -17691.0000000,
     -0.0541976,       1.3543589,       0.2213020,
  -3000.0000000,  -17568.5000000,
     -0.0775519,       1.3266257,       0.2219507,
  -3000.0000000,  -17385.5000000,
     -0.0833905,       1.3258959,       0.2219507,
  -3000.0000000,  -17248.5000000,
     -0.0257345,       1.3164082,       0.2216263,
  -3000.0000000,  -17087.5000000,
     -0.0644151,       1.2842960,       0.2209776,
  -3000.0000000,  -16911.5000000,
     -0.0417906,       1.3244362,       0.2164365,
  -3000.0000000,  -16739.5000000,
     -0.0315731,       1.2529137,       0.2118954,
  -3000.0000000,  -16620.0000000,
     -0.0213556,       1.2361277,       0.2112466,
  -3000.0000000,  -16469.0000000,
     -0.0410608,       1.2186120,       0.2080030,
  -3000.0000000,  -16321.5000000,
     -0.0417906,       1.2682399,       0.2041106,
  -3000.0000000,  -16152.5000000,
     -0.0520081,       1.2492645,       0.1998938,
  -3000.0000000,  -16032.5000000,
     -0.1067448,       1.3112994,       0.1969746,
  -3000.0000000,  -15891.5000000,
     -0.0899589,       1.3331941,       0.1963258,
  -3000.0000000,  -15731.0000000,
     -0.0775519,       1.3631168,       0.1972989,
  -3000.0000000,  -15625.0000000,
     -0.1315587,       1.3361134,       0.1979476,
  -3000.0000000,  -15441.0000000,
     -0.1125834,       1.3434116,       0.1992451,
  -3000.0000000,  -15353.0000000,
     -0.0819308,       1.3441414,       0.2008669,
  -3000.0000000,  -15204.5000000,
     -0.0863098,       1.3353835,       0.2028131,
  -3000.0000000,  -15099.0000000,
     -0.0644151,       1.3207871,       0.2047593,
  -3000.0000000,  -14976.0000000,
     -0.0556572,       1.3499800,       0.2060568,
  -3000.0000000,  -14829.0000000,
     -0.0461696,       1.3229766,       0.2076786,
  -3000.0000000,  -14737.0000000,
      0.0209741,       1.3587378,       0.2099492,
  -3000.0000000,  -14621.0000000,
      0.0457880,       1.3185976,       0.2122197,
  -3000.0000000,  -14490.0000000,
      0.0873879,       1.3587378,       0.2135172,
  -3000.0000000,  -14373.5000000,
      0.2245944,       1.3266257,       0.2151390,
  -3000.0000000,  -14289.0000000,
      0.2289733,       1.3463309,       0.2151390,
  -3000.0000000,  -14183.5000000,
      0.2596259,       1.3193275,       0.2161121,
  -3000.0000000,  -14064.0000000,
      0.3056047,       1.3244362,       0.2164365,
  -3000.0000000,  -13963.5000000,
      0.2837100,       1.3149485,       0.2161121,
  -3000.0000000,  -13881.0000000,
      0.3092538,       1.3142187,       0.2170852,
  -3000.0000000,  -13754.5000000,
      0.2515978,       1.3492502,       0.2174096,
  -3000.0000000,  -13692.0000000,
      0.2143769,       1.3083801,       0.2167608,
  -3000.0000000,  -13572.0000000,
      0.1932121,       1.3390327,       0.2170852,
  -3000.0000000,  -13513.0000000,
      0.1384754,       1.2842960,       0.2167608,
  -3000.0000000,  -13427.5000000,
      0.1027141,       1.3091099,       0.2154634,
  -3000.0000000,  -13344.0000000,
      0.0793598,       1.2959732,       0.2141659,
  -3000.0000000,  -13254.5000000,
      0.0304618,       1.2675101,       0.2125441,
  -3000.0000000,  -13168.5000000,
     -0.0009206,       1.2842960,       0.2105979,
  -3000.0000000,  -13109.0000000,
      0.0114864,       1.2689697,       0.2105979,
  -3000.0000000,  -13020.5000000,
      0.0063776,       1.3040012,       0.2096248,
  -3000.0000000,  -12965.5000000,
     -0.0498187,       1.3061907,       0.2086517,
  -3000.0000000,  -12882.5000000,
     -0.0410608,       1.3061907,       0.2089761,
  -3000.0000000,  -12831.5000000,
     -0.0520081,       1.3178678,       0.2080030,
  -3000.0000000,  -12755.0000000,
     -0.0213556,       1.3032714,       0.2076786,
  -3000.0000000,  -12708.0000000,
     -0.0512783,       1.2879451,       0.2073542,
  -3000.0000000,  -12637.0000000,
     -0.0578467,       1.2799171,       0.2073542,
  -3000.0000000,  -12582.0000000,
     -0.0578467,       1.2974328,       0.2070299,
  -3000.0000000,  -12529.5000000,
     -0.0286538,       1.2791872,       0.2067055,
  -3000.0000000,  -12490.0000000,
     -0.0541976,       1.2821065,       0.2070299,
  -3000.0000000,  -12431.5000000,
     -0.0884992,       1.2762680,       0.2070299,
  -3000.0000000,  -12396.0000000,
     -0.0527380,       1.2937837,       0.2067055,
  -3000.0000000,  -12343.5000000,
     -0.0556572,       1.2930539,       0.2070299,
  -3000.0000000,  -12312.0000000,
     -0.0374117,       1.2704294,       0.2067055,
  -3000.0000000,  -12266.0000000,
     -0.0454397,       1.2777276,       0.2063811,
  -3000.0000000,  -12238.0000000,
     -0.0863098,       1.3032714,       0.2063811,
  -3000.0000000,  -12205.0000000,
     -0.0264644,       1.3164082,       0.2063811,
  -3000.0000000,  -12168.0000000,
     -0.0556572,       1.2806469,       0.2067055,
  -3000.0000000,  -12140.0000000,
     -0.0884992,       1.2945135,       0.2057324,
  -3000.0000000,  -12120.5000000,
     -0.0622256,       1.2901346,       0.2063811,
  -3000.0000000,  -12092.5000000,
     -0.0622256,       1.2799171,       0.2060568,
  -3000.0000000,  -12076.5000000,
     -0.0695239,       1.2974328,       0.2060568,
  -3000.0000000,  -12054.5000000,
     -0.0505485,       1.2762680,       0.2060568,
  -3000.0000000,  -12042.5000000,
     -0.0775519,       1.2850258,       0.2060568,
  -3000.0000000,  -12027.0000000,
     -0.0629555,       1.2915942,       0.2057324,
  -3000.0000000,  -12018.5000000,
     -0.0461696,       1.2799171,       0.2063811,
  -3000.0000000,  -12009.0000000,
     -0.0892291,       1.2828364,       0.2060568,
  -3000.0000000,  -12004.5000000,
     -0.0264644,       1.3120292,       0.2063811,
  -3000.0000000,  -12001.5000000,
     -0.0753624,       1.2558329,       0.2054080,
  -3000.0000000,  -12000.5000000,
     -0.0125977,       1.2923240,       0.2057324,
  -3000.0000000,  -12000.5000000,
     -0.0884992,       1.2842960,       0.2060568,
  -3000.0000000,  -12000.5000000,
     -0.0899589,       1.3120292,       0.2057324,
  -3000.0000000,  -12000.5000000,
     -0.0527380,       1.2879451,       0.2060568,
  -3000.0000000,  -12000.5000000,
     -0.0483590,       1.3112994,       0.2060568,
  -3000.0000000,  -12000.5000000,
     -0.0855799,       1.2974328,       0.2060568,
  -3000.0000000,  -12000.5000000,
     -0.0520081,       1.2682399,       0.2057324,
  -3000.0000000,  -12000.5000000,
     -0.1082044,       1.2842960,       0.2054080,
  -3000.0000000,  -12000.5000000,
     -0.0731730,       1.2740785,       0.2057324,
  -3000.0000000,  -12000.5000000,
     -0.0505485,       1.2908644,       0.2060568,
  -3000.0000000,  -12000.5000000,
     -0.0768221,       1.2821065,       0.2057324,
  -3000.0000000,  -12000.0000000,
     -0.0892291,       1.3069205,       0.2057324,
  -3000.0000000,  -12000.0000000,
     -0.0512783,       1.2988924,       0.2050837,
  -3000.0000000,  -12000.0000000,
     -0.0593064,       1.2733487,       0.2060568,
  -3000.0000000,  -12000.0000000,
     -0.0498187,       1.3061907,       0.2060568,
  -3000.0000000,  -12000.0000000,
     -0.0549274,       1.3018117,       0.2057324,
  -3000.0000000,  -12000.0000000,
     -0.0695239,       1.2835662,       0.2057324,
  -3000.0000000,  -12000.0000000,
     -0.0468994,       1.2653206,       0.2060568,
  -3000.0000000,  -12000.0000000,
     -0.0461696,       1.2791872,       0.2060568,
  -3000.0000000,  -12000.0000000,
     -0.0753624,       1.2967030,       0.2054080,
  -3000.0000000,  -12000.0000000,
     -0.0454397,       1.2682399,       0.2060568,
  -3000.0000000,  -12000.0000000,
     -0.0739028,       1.2959732,       0.2060568,
  -3000.0000000,  -12000.0000000,
     -0.0644151,       1.2828364,       0.2060568,
  -3000.0000000,  -12000.0000000,
     -0.0739028,       1.2696996,       0.2057324,
  -3000.0000000,  -12000.0000000,
     -0.0819308,       1.3032714,       0.2063811,
  -3000.0000000,  -12000.0000000,
     -0.1016360,       1.3061907,       0.2057324,
  -3000.0000000,  -12000.0000000,
     -0.0870396,       1.2748083,       0.2060568,
  -3000.0000000,  -12000.0000000,
     -0.0797414,       1.2894048,       0.2060568,
  -3000.0000000,  -12000.0000000,
     -0.0826607,       1.2886749,       0.2057324,
  -3000.0000000,  -12000.0000000,
     -0.0709835,       1.2850258,       0.2057324,
  -3000.0000000,  -12000.0000000,
     -0.0293837,       1.2463453,       0.2060568,
  -3000.0000000,  -12000.0000000,
     -0.0578467,       1.2996223,       0.2060568,
  -3000.0000000,  -12000.0000000,
     -0.0877694,       1.2872153,       0.2060568,
  -3000.0000000,  -12000.0000000,
     -0.0936080,       1.2945135,       0.2060568,
  -3000.0000000,  -12000.0000000,
     -0.0695239,       1.2762680,       0.2060568,
  -3000.0000000,  -12000.0000000,
     -0.0790116,       1.2813767,       0.2057324,
  -3000.0000000,  -12000.0000000,
     -0.0870396,       1.3010819,       0.2057324,
  -3000.0000000,  -12000.0000000,
     -0.0527380,       1.3098398,       0.2057324,
  -3000.0000000,  -12000.0000000,
     -0.1016360,       1.2894048,       0.2060568,
  -3000.0000000,  -12000.0000000,
     -0.0666046,       1.2828364,       0.2057324,
  -3000.0000000,  -12000.0000000,
     -0.0870396,       1.2915942,       0.2060568,
  -3000.0000000,  -12000.0000000,
     -0.0797414,       1.2806469,       0.2063811,
  -3000.0000000,  -12000.0000000,
     -0.0571169,       1.2842960,       0.2060568,
  -3000.0000000,  -12000.0000000,
     -0.0702537,       1.2842960,       0.2060568,
  -3000.0000000,  -12000.0000000,
     -0.0658748,       1.3127591,       0.2057324,
  -3000.0000000,  -12000.0000000,
     -0.1147728,       1.2988924,       0.2057324,
  -3000.0000000,  -12000.0000000,
     -0.0651449,       1.2689697,       0.2057324,
  -3000.0000000,  -12000.0000000,
     -0.0403310,       1.2864855,       0.2060568,
  -3000.0000000,  -12000.0000000,
     -0.0454397,       1.2908644,       0.2063811,
  -3000.0000000,  -12000.0000000,
     -0.0819308,       1.2726188,       0.2057324,
  -3000.0000000,  -12000.0000000,
     -0.0870396,       1.3032714,       0.2057324,
  -3000.0000000,  -12000.0000000,
     -0.0476292,       1.2696996,       0.2060568,
  -3000.0000000,  -12000.0000000,
     -0.0629555,       1.2806469,       0.2057324,
  -3000.0000000,  -12000.0000000,
     -0.0512783,       1.2988924,       0.2060568,
  -3000.0000000,  -12000.0000000,
     -0.1067448,       1.2828364,       0.2060568,
  -3000.0000000,  -12000.0000000,
     -0.0950676,       1.2945135,       0.2057324,
  -3000.0000000,  -12000.0000000,
     -0.0651449,       1.2784574,       0.2057324,
  -3000.0000000,  -12000.0000000,
     -0.0826607,       1.3032714,       0.2060568,
  -3000.0000000,  -12000.0000000,
     -0.0739028,       1.2842960,       0.2060568,
  -3000.0000000,  -12000.0000000,
     -0.1067448,       1.2857556,       0.2060568,
  -3000.0000000,  -12000.0000000,
     -0.0447099,       1.2762680,       0.2057324,
  -3000.0000000,  -12000.0000000,
     -0.0432503,       1.2748083,       0.2060568,
  -3000.0000000,  -12000.0000000,
     -0.0593064,       1.2572926,       0.2060568,
  -3000.0000000,  -12000.0000000,
     -0.0899589,       1.3054608,       0.2060568,
  -3000.0000000,  -12000.0000000,
     -0.0578467,       1.2806469,       0.2060568,
  -3000.0000000,  -12000.0000000,
     -0.0804712,       1.3076503,       0.2057324,
  -3000.0000000,  -12000.0000000,
     -0.0863098,       1.2762680,       0.2054080,
  -3000.0000000,  -12000.0000000,
     -0.0760923,       1.2894048,       0.2060568,
  -3000.0000000,  -12000.0000000,
     -0.0571169,       1.2791872,       0.2057324,
  -3000.0000000,  -12000.0000000,
     -0.0972571,       1.2521838,       0.2057324,
  -3000.0000000,  -12000.0000000,
     -0.0702537,       1.2733487,       0.2060568,
  -3000.0000000,  -12000.0000000,
     -0.0833905,       1.2718890,       0.2060568,
  -3000.0000000,  -12000.0000000,
     -0.0797414,       1.2886749,       0.2057324,
  -3000.0000000,  -12000.0000000,
     -0.0731730,       1.2492645,       0.2060568,
  -3000.0000000,  -12000.0000000,
     -0.0527380,       1.2857556,       0.2057324,
  -3000.0000000,  -12000.0000000,
     -0.0527380,       1.2682399,       0.2060568,
  -3000.0000000,  -12000.0000000,
     -0.0914185,       1.2653206,       0.2057324,
  -3000.0000000,  -12000.0000000,
     -0.0950676,       1.3054608,       0.2057324,
  -3000.0000000,  -12000.0000000,
     -0.0739028,       1.2755381,       0.2060568,
  -3000.0000000,  -12000.0000000,
     -0.0914185,       1.3069205,       0.2057324,
  -3000.0000000,  -12000.0000000,
     -0.0717133,       1.2959732,       0.2060568,
  -3000.0000000,  -12000.0000000,
     -0.0629555,       1.2624013,       0.2060568,
  -3000.0000000,  -12000.0000000,
     -0.0921483,       1.2937837,       0.2057324,
  -3000.0000000,  -12000.0000000,
     -0.0717133,       1.2945135,       0.2060568,
  -3000.0000000,  -12000.0000000,
     -0.0629555,       1.2740785,       0.2060568,
  -3000.0000000,  -12000.0000000,
     -0.0746326,       1.3010819,       0.2060568,
  -3000.0000000,  -12000.0000000,
     -0.0717133,       1.2463453,       0.2060568,
  -3000.0000000,  -12000.0000000,
     -0.0753624,       1.3010819,       0.2057324,
  -3000.0000000,  -12000.0000000,
     -0.0541976,       1.3018117,       0.2057324,
  -3000.0000000,  -12000.0000000,
     -0.0636853,       1.3112994,       0.2057324,
  -3000.0000000,  -12000.0000000,
     -0.1264500,       1.2835662,       0.2057324,
  -3000.0000000,  -12000.0000000,
