     -1.2584039,       1.4455867,       0.0983675,
 -26000.0000000,  -12000.0000000,
     -1.3182493,       1.5236776,       0.0983675,
 -26000.0000000,  -12000.0000000,
     -1.2817582,       1.5025128,       0.0983675,
 -26000.0000000,  -12000.0000000,
     -1.3043827,       1.4579936,       0.0986919,
 -26000.0000000,  -12000.0000000,
     -1.2963547,       1.4696708,       0.0986919,
 -26000.0000000,  -12000.5000000,
     -1.3167897,       1.4820778,       0.0990162,
 -26000.0000000,  -12006.0000000,
     -1.3262774,       1.4470463,       0.0980431,
 -26000.0000000,  -12009.5000000,
     -1.2868670,       1.4784287,       0.0983675,
 -26000.0000000,  -12022.5000000,
     -1.3489019,       1.4134745,       0.0970700,
 -26000.0000000,  -12030.0000000,
     -1.2547548,       1.4229622,       0.0990162,
 -26000.0000000,  -12049.0000000,
     -1.2598636,       1.4207727,       0.0967457,
 -26000.0000000,  -12062.5000000,
     -1.3102213,       1.4988637,       0.0983675,
 -26000.0000000,  -12085.5000000,
     -1.1919901,       1.4339095,       0.0960969,
 -26000.0000000,  -12100.5000000,
     -1.3073020,       1.4638322,       0.0967457,
 -26000.0000000,  -12126.5000000,
     -1.2116953,       1.3828220,       0.0964213,
 -26000.0000000,  -12159.5000000,
     -1.2642425,       1.4317201,       0.0954482,
 -26000.0000000,  -12180.5000000,
     -1.2372391,       1.3857413,       0.0964213,
 -26000.0000000,  -12221.0000000,
     -1.1737446,       1.3565484,       0.0944751,
 -26000.0000000,  -12244.0000000,
     -1.1788533,       1.3879307,       0.0951238,
 -26000.0000000,  -12292.5000000,
     -1.2430777,       1.3310046,       0.0944751,
 -26000.0000000,  -12332.5000000,
     -1.1554990,       1.3638466,       0.0935020,
 -26000.0000000,  -12360.0000000,
     -1.0978431,       1.3215169,       0.0935020,
 -26000.0000000,  -12404.0000000,
     -1.1277658,       1.2945135,       0.0938264,
 -26000.0000000,  -12466.0000000,
     -1.1744744,       1.2740785,       0.0935020,
 -26000.0000000,  -12502.0000000,
     -1.2087760,       1.3207871,       0.0938264,
 -26000.0000000,  -12550.0000000,
     -1.1357938,       1.3083801,       0.0941507,
 -26000.0000000,  -12622.5000000,
     -1.0511345,       1.2237208,       0.0928533,
 -26000.0000000,  -12663.5000000,
     -1.1204676,       1.3193275,       0.0925289,
 -26000.0000000,  -12722.5000000,
     -1.1044115,       1.2974328,       0.0925289,
 -26000.0000000,  -12780.0000000,
     -1.0577029,       1.2959732,       0.0925289,
 -26000.0000000,  -12865.5000000,
     -1.0701098,       1.3193275,       0.0918802,
 -26000.0000000,  -12914.0000000,
     -1.0788677,       1.3317344,       0.0912314,
 -26000.0000000,  -12987.0000000,
     -1.0496748,       1.3499800,       0.0902584,
 -26000.0000000,  -13074.0000000,
     -0.9978575,       1.3091099,       0.0892853,
 -26000.0000000,  -13128.0000000,
     -1.0007768,       1.2988924,       0.0876634,
 -26000.0000000,  -13208.5000000,
     -0.9664751,       1.2791872,       0.0857172,
 -26000.0000000,  -13305.5000000,
     -0.9161174,       1.2478049,       0.0844198,
 -26000.0000000,  -13365.0000000,
     -0.8095634,       1.1857700,       0.0827980,
 -26000.0000000,  -13453.5000000,
     -0.8562720,       1.1726332,       0.0808518,
 -26000.0000000,  -13559.0000000,
     -0.8110230,       1.1390614,       0.0802030,
 -26000.0000000,  -13624.0000000,
     -0.7504478,       1.1660648,       0.0792299,
 -26000.0000000,  -13710.0000000,
     -0.7358514,       1.1011107,       0.0792299,
 -26000.0000000,  -13830.5000000,
     -0.7263637,       1.0201004,       0.0795543,
 -26000.0000000,  -13906.5000000,
     -0.8321879,       1.0288583,       0.0802030,
 -26000.0000000,  -14021.5000000,
     -0.8073739,       0.9690129,       0.0824736,
 -26000.0000000,  -14107.0000000,
     -0.8759772,       1.0222899,       0.0850685,
 -26000.0000000,  -14240.0000000,
     -0.9723137,       1.1025703,       0.0870147,
 -26000.0000000,  -14317.5000000,
     -1.0387275,       1.0799458,       0.0892853,
 -26000.0000000,  -14426.5000000,
     -1.0431064,       1.1536579,       0.0902584,
 -26000.0000000,  -14569.0000000,
     -1.0088048,       1.1573070,       0.0918802,
 -26000.0000000,  -14645.0000000,
     -1.0263205,       1.2237208,       0.0938264,
 -26000.0000000,  -14800.0000000,
     -1.1168185,       1.2675101,       0.0941507,
 -26000.0000000,  -14887.0000000,
     -1.0825168,       1.1719034,       0.0938264,
 -26000.0000000,  -15008.5000000,
     -1.1241167,       1.2901346,       0.0951238,
 -26000.0000000,  -15132.5000000,
     -1.1445517,       1.2602119,       0.0957726,
 -26000.0000000,  -15286.5000000,
     -1.0438363,       1.2689697,       0.0951238,
 -26000.0000000,  -15408.5000000,
     -1.0934642,       1.2521838,       0.0964213,
 -26000.0000000,  -15519.5000000,
     -1.1482008,       1.2251804,       0.0983675,
 -26000.0000000,  -15675.0000000,
     -1.1927199,       1.2507242,       0.1009624,
 -26000.0000000,  -15790.0000000,
     -1.2532952,       1.2113138,       0.1035573,
 -26000.0000000,  -15929.0000000,
     -1.3379545,       1.2536435,       0.1074497,
 -26000.0000000,  -16093.5000000,
     -1.4408594,       1.2769978,       0.1139370,
 -26000.0000000,  -16206.0000000,
     -1.4510769,       1.3572782,       0.1168563,
 -26000.0000000,  -16402.0000000,
     -1.4547260,       1.4032570,       0.1181538,
 -26000.0000000,  -16510.5000000,
     -1.5050838,       1.4207727,       0.1210731,
 -26000.0000000,  -16662.0000000,
     -1.5649292,       1.5302460,       0.1220462,
 -26000.0000000,  -16840.5000000,
     -1.6043396,       1.5397337,       0.1252898,
 -26000.0000000,  -16971.5000000,
     -1.5853642,       1.6156352,       0.1259385,
 -26000.0000000,  -17121.0000000,
     -1.6014203,       1.5003233,       0.1256142,
 -26000.0000000,  -17327.0000000,
     -1.6028799,       1.4893760,       0.1265873,
 -26000.0000000,  -17501.0000000,
     -1.5919326,       1.5886318,       0.1262629,
 -26000.0000000,  -17640.5000000,
     -1.5598204,       1.5331653,       0.1275604,
 -26000.0000000,  -17791.0000000,
     -1.5576309,       1.5441126,       0.1278847,
 -26000.0000000,  -17962.5000000,
     -1.6328026,       1.5689266,       0.1278847,
 -26000.0000000,  -18165.0000000,
     -1.6021501,       1.5492214,       0.1278847,
 -26000.0000000,  -18342.0000000,
     -1.5977712,       1.5338951,       0.1282091,
 -26000.0000000,  -18521.0000000,
     -1.6087185,       1.5163794,       0.1285335,
 -26000.0000000,  -18703.0000000,
     -1.5444941,       1.5419232,       0.1256142,
 -26000.0000000,  -18857.5000000,
     -1.5933922,       1.6149054,       0.1288578,
 -26000.0000000,  -19044.0000000,
     -1.5970413,       1.5995791,       0.1298309,
 -26000.0000000,  -19233.5000000,
     -1.5999606,       1.5762248,       0.1291822,
 -26000.0000000,  -19467.0000000,
     -1.5933922,       1.5565196,       0.1308040,
 -26000.0000000,  -19661.5000000,
     -1.6357219,       1.5689266,       0.1317771,
 -26000.0000000,  -19816.0000000,
     -1.6357219,       1.6010388,       0.1304797,
 -26000.0000000,  -20047.5000000,
     -1.5999606,       1.6287720,       0.1321015,
 -26000.0000000,  -20227.0000000,
     -1.6072588,       1.6017686,       0.1317771,
 -26000.0000000,  -20431.5000000,
     -1.5423047,       1.5725757,       0.1275604,
 -26000.0000000,  -20683.0000000,
     -1.5795256,       1.6368000,       0.1327502,
 -26000.0000000,  -20846.0000000,
     -1.6123676,       1.6061475,       0.1333989,
 -26000.0000000,  -21057.5000000,
     -1.6328026,       1.6032282,       0.1340477,
 -26000.0000000,  -21271.5000000,
     -1.6671042,       1.6068773,       0.1353451,
 -26000.0000000,  -21535.5000000,
     -1.6773218,       1.6513965,       0.1353451,
 -26000.0000000,  -21706.5000000,
     -1.6532376,       1.6032282,       0.1369670,
 -26000.0000000,  -21964.5000000,
     -1.6700235,       1.6492070,       0.1376157,
 -26000.0000000,  -22127.0000000,
     -1.6255044,       1.6222036,       0.1372913,
 -26000.0000000,  -22416.0000000,
     -1.6415605,       1.6484772,       0.1395619,
 -26000.0000000,  -22645.5000000,
     -1.6678341,       1.6316913,       0.1398863,
 -26000.0000000,  -22890.0000000,
     -1.6510482,       1.6331509,       0.1395619,
 -26000.0000000,  -23073.0000000,
     -1.6634551,       1.7141612,       0.1405350,
 -26000.0000000,  -23359.5000000,
     -1.6532376,       1.6513965,       0.1398863,
 -26000.0000000,  -23543.5000000,
     -1.6641850,       1.6711017,       0.1428055,
 -26000.0000000,  -23829.0000000,
     -1.6773218,       1.6835087,       0.1428055,
 -26000.0000000,  -24013.0000000,
     -1.6773218,       1.6214738,       0.1405350,
 -26000.0000000,  -24299.5000000,
     -1.6765919,       1.6616140,       0.1444274,
 -26000.0000000,  -24483.0000000,
     -1.6386412,       1.6842385,       0.1444274,
 -26000.0000000,  -24756.5000000,
     -1.6729428,       1.7090524,       0.1441030,
 -26000.0000000,  -25004.5000000,
     -1.6904585,       1.7148910,       0.1470223,
 -26000.0000000,  -25188.5000000,
     -1.7014059,       1.7112419,       0.1466979,
 -26000.0000000,  -25475.0000000,
     -1.6955673,       1.7017542,       0.1463736,
 -26000.0000000,  -25658.5000000,
     -1.7123532,       1.7156208,       0.1489685,
 -26000.0000000,  -25945.0000000,
     -1.7335180,       1.6601543,       0.1492928,
 -26000.0000000,  -26129.0000000,
     -1.7211111,       1.6915367,       0.1466979,
 -26000.0000000,  -26415.5000000,
     -1.7050550,       1.7426242,       0.1512390,
 -26000.0000000,  -26599.5000000,
     -1.7451952,       1.7404348,       0.1496172,
 -26000.0000000,  -26885.5000000,
     -1.7510338,       1.6827788,       0.1496172,
 -26000.0000000,  -27069.5000000,
     -1.7160023,       1.7272980,       0.1522121,
 -26000.0000000,  -27356.0000000,
     -1.6933778,       1.7397050,       0.1505903,
 -26000.0000000,  -27539.5000000,
     -1.7349777,       1.6776701,       0.1505903,
 -26000.0000000,  -27825.0000000,
     -1.7072445,       1.7207296,       0.1525365,
 -26000.0000000,  -28009.0000000,
     -1.7298689,       1.7046735,       0.1502659,
 -26000.0000000,  -28295.5000000,
     -1.7524934,       1.6951858,       0.1522121,
 -26000.0000000,  -28453.0000000,
     -1.7196514,       1.7367857,       0.1528609,
 -26000.0000000,  -28765.5000000,
     -1.7072445,       1.6732911,       0.1512390,
 -26000.0000000,  -28949.5000000,
     -1.7262198,       1.7243787,       0.1544827,
 -26000.0000000,  -29184.5000000,
     -1.7510338,       1.7411646,       0.1538340,
 -26000.0000000,  -29458.5000000,
     -1.7583320,       1.7440839,       0.1515634,
 -26000.0000000,  -29706.0000000,
     -1.7218409,       1.7251085,       0.1538340,
 -26000.0000000,  -29890.0000000,
     -1.7254900,       1.6973753,       0.1535096,
 -26000.0000000,  -30176.5000000,
     -1.7174620,       1.7017542,       0.1525365,
 -26000.0000000,  -30360.5000000,
     -1.7094339,       1.7630593,       0.1561045,
 -26000.0000000,  -30647.0000000,
     -1.7123532,       1.7404348,       0.1541583,
 -26000.0000000,  -30830.5000000,
     -1.7130830,       1.7054033,       0.1535096,
 -26000.0000000,  -31117.0000000,
     -1.7035953,       1.7433541,       0.1567532,
 -26000.0000000,  -31339.5000000,
     -1.7291391,       1.7170805,       0.1551314,
 -26000.0000000,  -31587.5000000,
     -1.7371672,       1.7054033,       0.1551314,
 -26000.0000000,  -31757.0000000,
     -1.7079743,       1.7382453,       0.1567532,
 -26000.0000000,  -32056.5000000,
     -1.7247602,       1.7688978,       0.1541583,
 -26000.0000000,  -32240.5000000,
     -1.7415461,       1.7207296,       0.1551314,
 -26000.0000000,  -32527.0000000,
     -1.7313286,       1.7886030,       0.1561045,
 -26000.0000000,  -32710.5000000,
     -1.7189216,       1.6966455,       0.1535096,
 -26000.0000000,  -32997.0000000,
     -1.7444654,       1.7491926,       0.1554558,
 -26000.0000000,  -33181.0000000,
     -1.7597916,       1.7572207,       0.1561045,
 -26000.0000000,  -33416.0000000,
     -1.6824305,       1.7316769,       0.1551314,
 -26000.0000000,  -33702.5000000,
     -1.7050550,       1.7309471,       0.1574020,
 -26000.0000000,  -33937.5000000,
     -1.7189216,       1.7229190,       0.1564289,
 -26000.0000000,  -34121.5000000,
     -1.7152725,       1.7338664,       0.1554558,
 -26000.0000000,  -34381.5000000,
     -1.6977568,       1.7236489,       0.1577263,
 -26000.0000000,  -34592.0000000,
     -1.7196514,       1.7360558,       0.1577263,
 -26000.0000000,  -34851.5000000,
     -1.7357075,       1.7024840,       0.1554558,
 -26000.0000000,  -35062.0000000,
     -1.7240304,       1.7105121,       0.1586994,
 -26000.0000000,  -35322.0000000,
     -1.6824305,       1.6966455,       0.1580507,
 -26000.0000000,  -35532.0000000,
     -1.6422903,       1.7316769,       0.1564289,
 -26000.0000000,  -35792.0000000,
     -1.6926480,       1.7470032,       0.1590238,
 -26000.0000000,  -36001.5000000,
     -1.6787814,       1.7433541,       0.1577263,
 -26000.0000000,  -36288.0000000,
     -1.7028655,       1.7637891,       0.1583751,
 -26000.0000000,  -36510.5000000,
     -1.6649148,       1.7426242,       0.1606456,
 -26000.0000000,  -36758.0000000,
     -1.6838902,       1.7331366,       0.1583751,
 -26000.0000000,  -36929.0000000,
     -1.6795112,       1.7156208,       0.1593482,
 -26000.0000000,  -37177.0000000,
     -1.6546973,       1.7097822,       0.1606456,
 -26000.0000000,  -37437.0000000,
     -1.6809709,       1.7229190,       0.1590238,
 -26000.0000000,  -37672.0000000,
     -1.6955673,       1.7243787,       0.1599969,
 -26000.0000000,  -37856.0000000,
     -1.6444798,       1.7345962,       0.1609700,
 -26000.0000000,  -38118.0000000,
     -1.6554271,       1.7265682,       0.1577263,
 -26000.0000000,  -38404.5000000,
     -1.6612657,       1.7360558,       0.1593482,
 -26000.0000000,  -38612.5000000,
     -1.6306131,       1.7112419,       0.1596725,
 -26000.0000000,  -38861.5000000,
     -1.6627253,       1.7214594,       0.1583751,
 -26000.0000000,  -39045.5000000,
     -1.6459394,       1.7389751,       0.1606456,
 -26000.0000000,  -39280.5000000,
     -1.6401008,       1.6937262,       0.1612944,
 -26000.0000000,  -39502.0000000,
     -1.6036097,       1.6769403,       0.1612944,
 -26000.0000000,  -39762.5000000,
     -1.6320728,       1.7156208,       0.1635649,
 -26000.0000000,  -40022.5000000,
     -1.6488587,       1.7141612,       0.1632406,
 -26000.0000000,  -40233.0000000,
     -1.6546973,       1.7032138,       0.1625918,
 -26000.0000000,  -40519.5000000,
     -1.6707534,       1.7192699,       0.1655111,
 -26000.0000000,  -40703.0000000,
     -1.6233149,       1.6711017,       0.1642137,
 -26000.0000000,  -40989.5000000,
     -1.6707534,       1.6929963,       0.1635649,
 -26000.0000000,  -41146.5000000,
     -1.6671042,       1.7251085,       0.1655111,
 -26000.0000000,  -41382.0000000,
     -1.6328026,       1.7061331,       0.1648624,
 -26000.0000000,  -41668.0000000,
     -1.6225851,       1.6988349,       0.1655111,
 -26000.0000000,  -41917.0000000,
     -1.6714832,       1.7090524,       0.1664842,
 -26000.0000000,  -42114.0000000,
     -1.5955817,       1.6944560,       0.1655111,
 -26000.0000000,  -42374.0000000,
     -1.6736726,       1.7083226,       0.1664842,
 -26000.0000000,  -42609.0000000,
     -1.6415605,       1.7068630,       0.1668086,
 -26000.0000000,  -42844.0000000,
     -1.6466692,       1.7251085,       0.1661598,
 -26000.0000000,  -43028.0000000,
     -1.6284237,       1.7404348,       0.1684304,
 -26000.0000000,  -43314.0000000,
     -1.6203956,       1.7185401,       0.1687548,
 -26000.0000000,  -43563.0000000,
     -1.6430201,       1.6835087,       0.1655111,
 -26000.0000000,  -43733.0000000,
     -1.6247746,       1.6908069,       0.1700522,
 -26000.0000000,  -44032.5000000,
     -1.6050694,       1.6908069,       0.1694035,
 -26000.0000000,  -44202.5000000,
     -1.5802554,       1.6805894,       0.1681060,
 -26000.0000000,  -44502.5000000,
     -1.6313430,       1.7367857,       0.1713497,
 -26000.0000000,  -44673.0000000,
     -1.5751467,       1.7272980,       0.1700522,
 -26000.0000000,  -44959.0000000,
     -1.6036097,       1.6937262,       0.1700522,
 -26000.0000000,  -45194.0000000,
     -1.6036097,       1.7170805,       0.1703766,
 -26000.0000000,  -45378.0000000,
     -1.5963115,       1.6893472,       0.1687548,
 -26000.0000000,  -45664.5000000,
     -1.5904729,       1.6835087,       0.1694035,
 -26000.0000000,  -45913.5000000,
     -1.5868238,       1.7229190,       0.1687548,
 -26000.0000000,  -46083.5000000,
     -1.5912028,       1.6900771,       0.1674573,
 -26000.0000000,  -46370.0000000,
     -1.5846344,       1.6711017,       0.1707010,
 -26000.0000000,  -46605.0000000,
     -1.5875536,       1.6667227,       0.1716741,
 -26000.0000000,  -46815.5000000,
     -1.5977712,       1.6689122,       0.1723228,
 -26000.0000000,  -47024.0000000,
     -1.6043396,       1.6689122,       0.1749177,
 -26000.0000000,  -47310.5000000,
     -1.5992308,       1.6973753,       0.1745933,
 -26000.0000000,  -47559.5000000,
     -1.5868238,       1.6929963,       0.1752421,
 -26000.0000000,  -47729.5000000,
     -1.6116378,       1.6791297,       0.1758908,
 -26000.0000000,  -48015.0000000,
     -1.5897431,       1.6995647,       0.1752421,
 -26000.0000000,  -48264.0000000,
     -1.6109080,       1.6798595,       0.1765395,
 -26000.0000000,  -48434.0000000,
     -1.5890133,       1.7112419,       0.1784857,
 -26000.0000000,  -48695.5000000,
     -1.5890133,       1.6769403,       0.1762152,
 -26000.0000000,  -48955.0000000,
     -1.5714976,       1.6440983,       0.1784857,
 -26000.0000000,  -49153.0000000,
     -1.5671186,       1.6893472,       0.1781614,
 -26000.0000000,  -49374.5000000,
     -1.5875536,       1.6616140,       0.1768639,
 -26000.0000000,  -49660.5000000,
     -1.5955817,       1.6718315,       0.1788101,
 -26000.0000000,  -49909.5000000,
     -1.5766063,       1.6616140,       0.1775126,
 -26000.0000000,  -50080.0000000,
     -1.5766063,       1.6623438,       0.1768639,
 -26000.0000000,  -50315.0000000,
     -1.5503327,       1.6389895,       0.1784857,
 -26000.0000000,  -50615.0000000,
     -1.5459538,       1.6754806,       0.1784857,
 -26000.0000000,  -50785.0000000,
     -1.5612801,       1.6397193,       0.1781614,
 -26000.0000000,  -51085.0000000,
     -1.5532520,       1.6528561,       0.1801076,
 -26000.0000000,  -51269.0000000,
     -1.5890133,       1.6141756,       0.1791345,
 -26000.0000000,  -51490.5000000,
     -1.5590906,       1.6499368,       0.1804319,
 -26000.0000000,  -51777.0000000,
     -1.5539818,       1.5973897,       0.1820537,
 -26000.0000000,  -52011.0000000,
     -1.5671186,       1.6470176,       0.1810806,
 -26000.0000000,  -52246.0000000,
     -1.5590906,       1.6068773,       0.1823781,
 -26000.0000000,  -52456.5000000,
     -1.5255188,       1.6170948,       0.1833512,
 -26000.0000000,  -52716.5000000,
     -1.5277082,       1.6163650,       0.1810806,
 -26000.0000000,  -52900.0000000,
     -1.5087329,       1.6762104,       0.1788101,
 -26000.0000000,  -53149.0000000,
     -1.4182349,       1.6951858,       0.1723228,
 -26000.0000000,  -53370.5000000,
     -1.2832179,       1.6908069,       0.1593482,
 -26000.0000000,  -53670.5000000,
     -1.1642569,       1.6886174,       0.1535096,
 -26000.0000000,  -53854.5000000,
     -1.1394429,       1.5740353,       0.1544827,
 -26000.0000000,  -54076.0000000,
     -1.2248321,       1.4499656,       0.1548071,
 -26000.0000000,  -54376.0000000,
     -1.2591337,       1.4178534,       0.1632406,
 -26000.0000000,  -54611.5000000,
     -1.3817438,       1.4463165,       0.1713497,
 -26000.0000000,  -54781.5000000,
     -1.4167753,       1.4901058,       0.1781614,
 -26000.0000000,  -55030.0000000,
     -1.4488875,       1.5681968,       0.1839999,
 -26000.0000000,  -55329.5000000,
     -1.5094627,       1.5886318,       0.1839999,
 -26000.0000000,  -55486.5000000,
     -1.5204100,       1.6024984,       0.1849730,
 -26000.0000000,  -55785.5000000,
     -1.4788102,       1.5295162,       0.1856218,
 -26000.0000000,  -55969.5000000,
     -1.4649436,       1.5411934,       0.1852974,
 -26000.0000000,  -56256.0000000,
     -1.5313574,       1.5754950,       0.1865949,
 -26000.0000000,  -56440.0000000,
     -1.4853786,       1.5981195,       0.1882167,
 -26000.0000000,  -56726.5000000,
     -1.5094627,       1.5937405,       0.1865949,
 -26000.0000000,  -56910.5000000,
     -1.4846487,       1.5623582,       0.1888654,
 -26000.0000000,  -57146.0000000,
     -1.4569155,       1.5455723,       0.1891898,
 -26000.0000000,  -57381.0000000,
     -1.4941364,       1.5667371,       0.1875680,
 -26000.0000000,  -57666.5000000,
     -1.5021645,       1.5616284,       0.1888654,
 -26000.0000000,  -57851.0000000,
     -1.4664032,       1.5309758,       0.1888654,
 -26000.0000000,  -58137.5000000,
     -1.4773505,       1.5463021,       0.1878923,
 -26000.0000000,  -58322.0000000,
     -1.4525366,       1.5192987,       0.1895141,
 -26000.0000000,  -58608.0000000,
     -1.4605646,       1.5477618,       0.1888654,
 -26000.0000000,  -58792.0000000,
     -1.5014347,       1.5557898,       0.1885411,
 -26000.0000000,  -59078.0000000,
     -1.4386700,       1.5105408,       0.1904872,
 -26000.0000000,  -59262.0000000,
     -1.4415892,       1.5433828,       0.1898385,
 -26000.0000000,  -59549.0000000,
     -1.4539962,       1.5696564,       0.1888654,
 -26000.0000000,  -59731.5000000,
     -1.4554559,       1.5236776,       0.1911360,
 -26000.0000000,  -60004.5000000,
     -1.4532664,       1.5127303,       0.1904872,
 -26000.0000000,  -60228.0000000,
     -1.4437787,       1.5083514,       0.1908116,
 -26000.0000000,  -60488.5000000,
     -1.4255332,       1.5295162,       0.1924334,
 -26000.0000000,  -60672.5000000,
     -1.4569155,       1.5025128,       0.1911360,
 -26000.0000000,  -60958.5000000,
     -1.4204244,       1.4806181,       0.1927578,
 -26000.0000000,  -61142.5000000,
     -1.4328314,       1.5287864,       0.1934065,
 -26000.0000000,  -61467.5000000,
     -1.4364805,       1.4769690,       0.1930822,
 -26000.0000000,  -61599.0000000,
     -1.4218841,       1.5010531,       0.1937309,
 -26000.0000000,  -61848.0000000,
     -1.4321016,       1.4922953,       0.1943796,
 -26000.0000000,  -62134.5000000,
     -1.4335612,       1.5229478,       0.1937309,
 -26000.0000000,  -62318.5000000,
     -1.4248033,       1.5185689,       0.1937309,
 -26000.0000000,  -62604.0000000,
     -1.4072876,       1.5054321,       0.1930822,
 -26000.0000000,  -62788.5000000,
     -1.4189648,       1.4784287,       0.1934065,
 -26000.0000000,  -63100.5000000,
     -1.3875824,       1.5105408,       0.1943796,
 -26000.0000000,  -63310.0000000,
     -1.4182349,       1.4689410,       0.1940553,
 -26000.0000000,  -63494.0000000,
     -1.3759053,       1.5032426,       0.1940553,
 -26000.0000000,  -63728.0000000,
     -1.3905017,       1.4755094,       0.1940553,
 -26000.0000000,  -63988.0000000,
     -1.3985297,       1.4842672,       0.1927578,
 -26000.0000000,  -64224.0000000,
     -1.3875824,       1.4813479,       0.1927578,
 -26000.0000000,  -64485.0000000,
     -1.3722562,       1.4784287,       0.1927578,
 -26000.0000000,  -64655.0000000,
     -1.3722562,       1.4922953,       0.1927578,
 -26000.0000000,  -64955.0000000,
     -1.3459826,       1.4930251,       0.1953527,
 -26000.0000000,  -65139.0000000,
     -1.3744456,       1.4682112,       0.1963258,
 -26000.0000000,  -65374.0000000,
     -1.3846631,       1.4441270,       0.1966502,
 -26000.0000000,  -65660.0000000,
     -1.3598492,       1.4704006,       0.1976233,
 -26000.0000000,  -65844.0000000,
     -1.3182493,       1.4492358,       0.1921091,
 -26000.0000000,  -66156.0000000,
     -1.3364949,       1.4565340,       0.1969746,
 -26000.0000000,  -66366.5000000,
     -1.3350352,       1.4631024,       0.1976233,
 -26000.0000000,  -66550.5000000,
     -1.3642281,       1.4682112,       0.1972989,
 -26000.0000000,  -66862.0000000,
     -1.3335756,       1.4514252,       0.1979476,
 -26000.0000000,  -67020.5000000,
     -1.3773649,       1.4528849,       0.1976233,
 -26000.0000000,  -67306.0000000,
     -1.3416036,       1.4543445,       0.1976233,
 -26000.0000000,  -67490.5000000,
     -1.3459826,       1.4718603,       0.1979476,
 -26000.0000000,  -67724.5000000,
     -1.3167897,       1.4521551,       0.1972989,
 -26000.0000000,  -68011.0000000,
     -1.3029231,       1.4368288,       0.1972989,
 -26000.0000000,  -68195.0000000,
     -1.3080318,       1.4791585,       0.1976233,
 -26000.0000000,  -68494.5000000,
     -1.3065722,       1.4412077,       0.1972989,
 -26000.0000000,  -68690.0000000,
     -1.2890564,       1.4207727,       0.1992451,
 -26000.0000000,  -68900.5000000,
     -1.3277370,       1.4207727,       0.1995695,
 -26000.0000000,  -69121.5000000,
     -1.3138704,       1.4280709,       0.1992451,
 -26000.0000000,  -69370.5000000,
     -1.2963547,       1.4682112,       0.2015157,
 -26000.0000000,  -69606.0000000,
     -1.3065722,       1.4098254,       0.1985964,
 -26000.0000000,  -69892.0000000,
     -1.3102213,       1.4302604,       0.2021644,
 -26000.0000000,  -70076.0000000,
     -1.2759197,       1.4441270,       0.2028131,
 -26000.0000000,  -70361.5000000,
     -1.3182493,       1.4419376,       0.2031375,
 -26000.0000000,  -70546.5000000,
     -1.2700811,       1.4477761,       0.2037862,
 -26000.0000000,  -70831.5000000,
     -1.2781091,       1.4295306,       0.2037862,
 -26000.0000000,  -71016.5000000,
     -1.2897863,       1.4426674,       0.2031375,
 -26000.0000000,  -71302.0000000,
     -1.2751898,       1.4390183,       0.2034619,
 -26000.0000000,  -71487.0000000,
     -1.2722705,       1.4601831,       0.2044350,
 -26000.0000000,  -71810.5000000,
     -1.3233581,       1.4324499,       0.2024888,
 -26000.0000000,  -72007.5000000,
     -1.2686214,       1.4353692,       0.2044350,
 -26000.0000000,  -72165.0000000,
     -1.2642425,       1.4346393,       0.2047593,
 -26000.0000000,  -72478.0000000,
     -1.2671618,       1.4390183,       0.2037862,
 -26000.0000000,  -72661.5000000,
     -1.2890564,       1.4360990,       0.2050837,
 -26000.0000000,  -72947.5000000,
     -1.2766495,       1.4163938,       0.2034619,
 -26000.0000000,  -73131.5000000,
     -1.2584039,       1.4200429,       0.2024888,
 -26000.0000000,  -73405.0000000,
     -1.2262918,       1.4098254,       0.2028131,
 -26000.0000000,  -73627.5000000,
     -1.2087760,       1.4127447,       0.2034619,
 -26000.0000000,  -73888.5000000,
     -1.2416180,       1.4404779,       0.2034619,
 -26000.0000000,  -74072.5000000,
     -1.2335900,       1.4390183,       0.2057324,
 -26000.0000000,  -74359.0000000,
     -1.2292110,       1.4200429,       0.2067055,
 -26000.0000000,  -74542.5000000,
     -1.2365093,       1.4412077,       0.2076786,
 -26000.0000000,  -74828.0000000,
     -1.2197234,       1.4236920,       0.2089761,
 -26000.0000000,  -74986.0000000,
     -1.2357794,       1.4134745,       0.2076786,
 -26000.0000000,  -75299.0000000,
     -1.2211830,       1.4528849,       0.2076786,
 -26000.0000000,  -75456.5000000,
     -1.2029375,       1.4280709,       0.2086517,
 -26000.0000000,  -75768.0000000,
     -1.2511057,       1.4514252,       0.2083273,
 -26000.0000000,  -75951.5000000,
     -1.1839621,       1.4324499,       0.2089761,
 -26000.0000000,  -76238.5000000,
     -1.1693656,       1.4448568,       0.2109223,
 -26000.0000000,  -76422.0000000,
     -1.2569443,       1.4127447,       0.2089761,
 -26000.0000000,  -76709.0000000,
     -1.2751898,       1.4616428,       0.2099492,
 -26000.0000000,  -76892.5000000,
     -1.2518355,       1.4616428,       0.2099492,
 -26000.0000000,  -77179.0000000,
     -1.2065866,       1.4463165,       0.2099492,
 -26000.0000000,  -77349.0000000,
     -1.1781235,       1.4280709,       0.2099492,
 -26000.0000000,  -77598.0000000,
     -1.1919901,       1.4382884,       0.2112466,
 -26000.0000000,  -77884.5000000,
     -1.2292110,       1.4105552,       0.2099492,
 -26000.0000000,  -78042.0000000,
     -1.1642569,       1.4448568,       0.2128685,
 -26000.0000000,  -78355.0000000,
     -1.2095058,       1.4543445,       0.2112466,
 -26000.0000000,  -78539.0000000,
     -1.2226426,       1.3981482,       0.2105979,
 -26000.0000000,  -78837.5000000,
     -1.1700955,       1.4324499,       0.2122197,
 -26000.0000000,  -79008.0000000,
     -1.2168041,       1.3893904,       0.2109223,
 -26000.0000000,  -79244.0000000,
     -1.1985585,       1.4412077,       0.2112466,
 -26000.0000000,  -79529.5000000,
     -1.1372535,       1.4470463,       0.2118954,
 -26000.0000000,  -79687.5000000,
     -1.1642569,       1.4543445,       0.2105979,
 -26000.0000000,  -79998.5000000,
     -1.1905305,       1.4689410,       0.2115710,
 -26000.0000000,  -80183.5000000,
     -1.1533096,       1.4521551,       0.2125441,
 -26000.0000000,  -80457.0000000,
     -1.2007480,       1.4083657,       0.2109223,
 -26000.0000000,  -80654.0000000,
     -1.1715551,       1.4317201,       0.2118954,
 -26000.0000000,  -80940.0000000,
     -1.1554990,       1.4324499,       0.2125441,
 -26000.0000000,  -81149.5000000,
     -1.1752042,       1.4215025,       0.2109223,
 -26000.0000000,  -81410.0000000,
     -1.1095202,       1.4375586,       0.2122197,
 -26000.0000000,  -81594.0000000,
     -1.1219272,       1.4448568,       0.2115710,
 -26000.0000000,  -81880.5000000,
     -1.1715551,       1.4485060,       0.2102735,
 -26000.0000000,  -82103.0000000,
     -1.1233869,       1.4667515,       0.2118954,
 -26000.0000000,  -82300.0000000,
     -1.1576885,       1.4353692,       0.2115710,
 -26000.0000000,  -82535.0000000,
     -1.1438219,       1.4558042,       0.2115710,
 -26000.0000000,  -82807.5000000,
     -1.0759484,       1.4412077,       0.2125441,
 -26000.0000000,  -83018.0000000,
     -1.1058711,       1.4061763,       0.2115710,
 -26000.0000000,  -83277.5000000,
     -1.1306851,       1.4083657,       0.2115710,
 -26000.0000000,  -83488.0000000,
     -1.1007624,       1.4419376,       0.2122197,
 -26000.0000000,  -83709.0000000,
     -1.1321447,       1.4521551,       0.2109223,
 -26000.0000000,  -83957.5000000,
     -1.1044115,       1.4893760,       0.2112466,
 -26000.0000000,  -84217.0000000,
     -1.0628116,       1.4397481,       0.2118954,
 -26000.0000000,  -84428.0000000,
     -1.0890852,       1.4433972,       0.2105979,
 -26000.0000000,  -84687.5000000,
     -1.0657309,       1.4514252,       0.2105979,
 -26000.0000000,  -84922.5000000,
     -1.0868958,       1.4704006,       0.2099492,
 -26000.0000000,  -85157.5000000,
     -1.0416468,       1.4477761,       0.2089761,
 -26000.0000000,  -85368.0000000,
     -1.0321591,       1.4594533,       0.2096248,
 -26000.0000000,  -85628.0000000,
     -1.0343486,       1.3988781,       0.2096248,
 -26000.0000000,  -85838.5000000,
     -1.0832466,       1.4368288,       0.2083273,
 -26000.0000000,  -86073.5000000,
     -1.0204820,       1.4309902,       0.2093004,
 -26000.0000000,  -86309.0000000,
     -1.0139136,       1.4616428,       0.2089761,
 -26000.0000000,  -86568.5000000,
     -1.0474854,       1.4273411,       0.2073542,
 -26000.0000000,  -86779.0000000,
     -0.9927487,       1.4382884,       0.2073542,
 -26000.0000000,  -87052.0000000,
     -1.0263205,       1.4433972,       0.2063811,
 -26000.0000000,  -87249.0000000,
     -1.0051557,       1.4579936,       0.2063811,
 -26000.0000000,  -87509.0000000,
     -1.0088048,       1.4244218,       0.2070299,
 -26000.0000000,  -87718.5000000,
     -1.0051557,       1.4142043,       0.2067055,
 -26000.0000000,  -87978.0000000,
     -0.9394717,       1.4200429,       0.2073542,
 -26000.0000000,  -88189.0000000,
     -0.9416612,       1.4288008,       0.2067055,
 -26000.0000000,  -88424.0000000,
     -0.9664751,       1.4193131,       0.2054080,
 -26000.0000000,  -88683.5000000,
     -0.9438506,       1.4331797,       0.2063811,
 -26000.0000000,  -88918.5000000,
     -0.9409314,       1.4090956,       0.2050837,
 -26000.0000000,  -89153.5000000,
     -0.9073595,       1.4185833,       0.2050837,
 -26000.0000000,  -89402.5000000,
     -0.8920333,       1.4404779,       0.2054080,
 -26000.0000000,  -89599.5000000,
     -0.9394717,       1.4499656,       0.2047593,
 -26000.0000000,  -89859.0000000,
     -0.9387419,       1.4047166,       0.2037862,
 -26000.0000000,  -90108.0000000,
     -0.9197665,       1.4280709,       0.2050837,
 -26000.0000000,  -90278.5000000,
     -0.8847351,       1.4171236,       0.2047593,
 -26000.0000000,  -90552.0000000,
     -0.8730579,       1.4360990,       0.2047593,
 -26000.0000000,  -90775.0000000,
     -0.8752474,       1.4105552,       0.2041106,
 -26000.0000000,  -91048.5000000,
     -0.8832754,       1.4090956,       0.2054080,
 -26000.0000000,  -91245.5000000,
     -0.8409457,       1.4360990,       0.2050837,
 -26000.0000000,  -91519.5000000,
     -0.8752474,       1.4178534,       0.2047593,
 -26000.0000000,  -91753.5000000,
     -0.8256195,       1.3864711,       0.2054080,
 -26000.0000000,  -91950.5000000,
     -0.8365668,       1.4185833,       0.2060568,
 -26000.0000000,  -92197.5000000,
     -0.8424054,       1.3835518,       0.2060568,
 -26000.0000000,  -92394.0000000,
     -0.7883986,       1.3974184,       0.2060568,
 -26000.0000000,  -92655.5000000,
     -0.7767214,       1.4047166,       0.2070299,
 -26000.0000000,  -92902.5000000,
     -0.7840196,       1.4171236,       0.2073542,
 -26000.0000000,  -93099.0000000,
     -0.7548267,       1.3988781,       0.2073542,
 -26000.0000000,  -93334.5000000,
     -0.7913178,       1.3988781,       0.2080030,
 -26000.0000000,  -93634.5000000,
     -0.8008055,       1.4156640,       0.2080030,
 -26000.0000000,  -93818.5000000,
     -0.7905880,       1.3937693,       0.2080030,
 -26000.0000000,  -94105.0000000,
     -0.7307426,       1.3755238,       0.2093004,
 -26000.0000000,  -94340.0000000,
     -0.7949669,       1.3944991,       0.2086517,
 -26000.0000000,  -94524.0000000,
     -0.7643144,       1.3886605,       0.2093004,
 -26000.0000000,  -94759.0000000,
     -0.7066585,       1.4090956,       0.2109223,
 -26000.0000000,  -95045.0000000,
     -0.7657741,       1.4076359,       0.2102735,
 -26000.0000000,  -95215.5000000,
     -0.7249040,       1.3828220,       0.2099492,
 -26000.0000000,  -95515.5000000,
     -0.7453391,       1.3930395,       0.2109223,
 -26000.0000000,  -95685.5000000,
     -0.7241742,       1.3835518,       0.2122197,
 -26000.0000000,  -95920.0000000,
     -0.7110374,       1.4039868,       0.2131928,
 -26000.0000000,  -96155.0000000,
     -0.7139567,       1.3828220,       0.2138415,
 -26000.0000000,  -96390.5000000,
     -0.7241742,       1.3879307,       0.2138415,
 -26000.0000000,  -96625.5000000,
     -0.6913322,       1.4047166,       0.2148146,
 -26000.0000000,  -96874.0000000,
     -0.6716270,       1.4032570,       0.2154634,
 -26000.0000000,  -97095.5000000,
     -0.7212549,       1.3820922,       0.2157877,
 -26000.0000000,  -97395.5000000,
     -0.6679779,       1.3777132,       0.2170852,
 -26000.0000000,  -97565.5000000,
     -0.6694376,       1.3872009,       0.2180583,
 -26000.0000000,  -97801.0000000,
     -0.6584902,       1.3733343,       0.2180583,
 -26000.0000000,  -98036.0000000,
     -0.6555709,       1.3762536,       0.2193558,
 -26000.0000000,  -98336.5000000,
     -0.6767358,       1.3820922,       0.2193558,
 -26000.0000000,  -98506.5000000,
     -0.6803849,       1.3565484,       0.2190314,
 -26000.0000000,  -98806.5000000,
     -0.6227290,       1.3653062,       0.2209776,
 -26000.0000000,  -98976.5000000,
     -0.6395149,       1.3923097,       0.2206532,
 -26000.0000000,  -99276.5000000,
     -0.6409745,       1.3857413,       0.2219507,
 -26000.0000000,  -99460.5000000,
     -0.6584902,       1.3872009,       0.2203289,
 -26000.0000000,  -99682.0000000,
     -0.6307570,       1.3674957,       0.2209776,
 -26000.0000000,  -99942.5000000,
     -0.6504622,       1.3762536,       0.2206532,
 -26000.0000000, -100216.5000000,
     -0.6635990,       1.3601975,       0.2209776,
 -26000.0000000, -100386.5000000,
     -0.6694376,       1.3477905,       0.2206532,
 -26000.0000000, -100621.5000000,
     -0.6555709,       1.3733343,       0.2196801,
 -26000.0000000, -100921.5000000,
     -0.5935361,       1.4003377,       0.2187070,
 -26000.0000000, -101156.5000000,
     -0.6008343,       1.3434116,       0.2193558,
 -26000.0000000, -101326.5000000,
     -0.6271079,       1.3470607,       0.2190314,
 -26000.0000000, -101600.5000000,
     -0.5701818,       1.3565484,       0.2183827,
 -26000.0000000, -101797.0000000,
     -0.5898870,       1.3492502,       0.2180583,
 -26000.0000000, -102059.0000000,
     -0.5585046,       1.3660361,       0.2167608,
 -26000.0000000, -102319.5000000,
     -0.5482871,       1.3331941,       0.2157877,
 -26000.0000000, -102567.5000000,
     -0.6052132,       1.3178678,       0.2161121,
 -26000.0000000, -102802.5000000,
     -0.5278521,       1.3514396,       0.2148146,
 -26000.0000000, -102986.0000000,
     -0.5606941,       1.3171380,       0.2141659,
 -26000.0000000, -103246.5000000,
     -0.5606941,       1.3507098,       0.2128685,
 -26000.0000000, -103443.0000000,
     -0.5358801,       1.3310046,       0.2122197,
 -26000.0000000, -103742.0000000,
     -0.5212837,       1.3061907,       0.2112466,
 -26000.0000000, -103926.0000000,
     -0.5198241,       1.3185976,       0.2105979,
 -26000.0000000, -104147.5000000,
     -0.4971996,       1.2908644,       0.2115710,
 -26000.0000000, -104382.5000000,
     -0.5190942,       1.3339239,       0.2099492,
 -26000.0000000, -104617.5000000,
     -0.4628979,       1.3368432,       0.2102735,
 -26000.0000000, -104852.5000000,
     -0.4424629,       1.3266257,       0.2105979,
 -26000.0000000, -105101.5000000,
     -0.4344349,       1.3142187,       0.2096248,
 -26000.0000000, -105323.0000000,
     -0.4337051,       1.2967030,       0.2089761,
 -26000.0000000, -105558.0000000,
     -0.4322454,       1.3047310,       0.2089761,
 -26000.0000000, -105858.0000000,
     -0.4118104,       1.2660504,       0.2060568,
 -26000.0000000, -106028.5000000,
     -0.3570737,       1.2915942,       0.2083273,
 -26000.0000000, -106277.5000000,
     -0.4088911,       1.2923240,       0.2086517,
 -26000.0000000, -106563.5000000,
     -0.4052420,       1.3025415,       0.2089761,
 -26000.0000000, -106798.5000000,
     -0.3833473,       1.2806469,       0.2093004,
 -26000.0000000, -106982.5000000,
     -0.3855368,       1.2638610,       0.2086517,
 -26000.0000000, -107202.5000000,
     -0.3964841,       1.2521838,       0.2096248,
 -26000.0000000, -107497.5000000,
     -0.3972140,       1.3003521,       0.2093004,
 -26000.0000000, -107675.0000000,
     -0.3417475,       1.3025415,       0.2112466,
 -26000.0000000, -107888.5000000,
     -0.3534246,       1.2689697,       0.2109223,
 -26000.0000000, -108174.0000000,
     -0.2928494,       1.2733487,       0.2102735,
 -26000.0000000, -108359.5000000,
     -0.3154739,       1.2762680,       0.2125441,
 -26000.0000000, -108589.0000000,
     -0.3497755,       1.2594820,       0.2128685,
 -26000.0000000, -108782.0000000,
     -0.2811723,       1.2740785,       0.2135172,
 -26000.0000000, -109043.0000000,
     -0.2782530,       1.2915942,       0.2141659,
 -26000.0000000, -109208.0000000,
     -0.3074458,       1.2872153,       0.2148146,
 -26000.0000000, -109462.0000000,
     -0.2819021,       1.2857556,       0.2154634,
 -26000.0000000, -109623.5000000,
     -0.2658460,       1.2718890,       0.2157877,
 -26000.0000000, -109870.5000000,
     -0.2950389,       1.2806469,       0.2161121,
 -26000.0000000, -110028.5000000,
     -0.2424917,       1.3003521,       0.2170852,
 -26000.0000000, -110270.0000000,
     -0.2373829,       1.3040012,       0.2170852,
 -26000.0000000, -110423.0000000,
     -0.2614671,       1.3134889,       0.2177339,
 -26000.0000000, -110647.5000000,
     -0.2381128,       1.2864855,       0.2177339,
 -26000.0000000, -110807.0000000,
     -0.2388426,       1.2923240,       0.2183827,
 -26000.0000000, -111107.5000000,
     -0.2089199,       1.2945135,       0.2193558,
 -26000.0000000, -111181.0000000,
     -0.2592776,       1.2988924,       0.2196801,
 -26000.0000000, -111404.0000000,
     -0.2271654,       1.2981626,       0.2200045,
 -26000.0000000, -111545.5000000,
     -0.2169479,       1.2813767,       0.2193558,
 -26000.0000000, -111762.5000000,
     -0.1884849,       1.3149485,       0.2196801,
 -26000.0000000, -111900.0000000,
     -0.2249760,       1.3076503,       0.2200045,
 -26000.0000000, -112073.5000000,
     -0.2081900,       1.2886749,       0.2216263,
 -26000.0000000, -112281.5000000,
     -0.2330040,       1.2748083,       0.2209776,
 -26000.0000000, -112413.0000000,
     -0.2147584,       1.2828364,       0.2196801,
 -26000.0000000, -112579.0000000,
     -0.2125690,       1.2923240,       0.2203289,
 -26000.0000000, -112769.5000000,
     -0.2074602,       1.2864855,       0.2219507,
 -26000.0000000, -112877.5000000,
     -0.1789972,       1.3164082,       0.2222750,
 -26000.0000000, -113062.5000000,
     -0.1870252,       1.3076503,       0.2216263,
 -26000.0000000, -113218.5000000,
     -0.2257058,       1.2507242,       0.2213020,
 -26000.0000000, -113405.0000000,
     -0.1819165,       1.2784574,       0.2219507,
 -26000.0000000, -113555.5000000,
     -0.1709691,       1.2981626,       0.2216263,
 -26000.0000000, -113671.0000000,
     -0.2140286,       1.3069205,       0.2206532,
 -26000.0000000, -113849.0000000,
     -0.1731586,       1.3105696,       0.2203289,
 -26000.0000000, -113960.0000000,
     -0.1972427,       1.2923240,       0.2193558,
 -26000.0000000, -114131.5000000,
     -0.1819165,       1.2813767,       0.2183827,
 -26000.0000000, -114269.5000000,
     -0.2016217,       1.3200573,       0.2190314,
 -26000.0000000, -114375.5000000,
     -0.1738884,       1.3010819,       0.2170852,
 -26000.0000000, -114509.0000000,
     -0.1359377,       1.3120292,       0.2170852,
 -26000.0000000, -114668.0000000,
     -0.1373973,       1.3025415,       0.2148146,
 -26000.0000000, -114768.0000000,
     -0.1673200,       1.2945135,       0.2144903,
 -26000.0000000, -114894.0000000,
     -0.1797270,       1.2696996,       0.2148146,
 -26000.0000000, -115044.0000000,
     -0.1483446,       1.3149485,       0.2138415,
 -26000.0000000, -115151.0000000,
     -0.1731586,       1.2923240,       0.2131928,
 -26000.0000000, -115257.0000000,
     -0.1264500,       1.2696996,       0.2125441,
 -26000.0000000, -115397.5000000,
     -0.1738884,       1.2886749,       0.2122197,
 -26000.0000000, -115480.0000000,
     -0.1498043,       1.2755381,       0.2122197,
 -26000.0000000, -115597.0000000,
     -0.1425061,       1.2799171,       0.2115710,
 -26000.0000000, -115716.5000000,
     -0.1257202,       1.2864855,       0.2099492,
 -26000.0000000, -115811.5000000,
     -0.1067448,       1.2711592,       0.2089761,
 -26000.0000000, -115914.5000000,
     -0.1001764,       1.2806469,       0.2093004,
 -26000.0000000, -116026.0000000,
     -0.0855799,       1.2740785,       0.2089761,
 -26000.0000000, -116135.0000000,
     -0.1060150,       1.2784574,       0.2093004,
 -26000.0000000, -116209.5000000,
     -0.1060150,       1.2872153,       0.2089761,
 -26000.0000000, -116323.0000000,
     -0.0957975,       1.2726188,       0.2034619,
 -26000.0000000, -116394.0000000,
     -0.1432359,       1.2361277,       0.1969746,
 -26000.0000000, -116491.5000000,
     -0.1206114,       1.2602119,       0.2031375,
 -26000.0000000, -116582.0000000,
     -0.0549274,       1.2434260,       0.2089761,
 -26000.0000000, -116651.5000000,
     -0.0936080,       1.2507242,       0.2089761,
 -26000.0000000, -116740.5000000,
     -0.0943378,       1.2886749,       0.2086517,
 -26000.0000000, -116818.5000000,
     -0.0782817,       1.2317488,       0.2086517,
 -26000.0000000, -116886.5000000,
     -0.0906887,       1.2696996,       0.2080030,
 -26000.0000000, -116967.5000000,
     -0.0490888,       1.2419663,       0.2086517,
 -26000.0000000, -117042.0000000,
     -0.0833905,       1.2551031,       0.2083273,
 -26000.0000000, -117099.0000000,
     -0.0833905,       1.2726188,       0.2083273,
 -26000.0000000, -117165.0000000,
     -0.0695239,       1.2631312,       0.2080030,
 -26000.0000000, -117235.0000000,
     -0.0884992,       1.2405067,       0.2086517,
 -26000.0000000, -117299.0000000,
     -0.0549274,       1.2419663,       0.2083273,
 -26000.0000000, -117347.5000000,
     -0.0600362,       1.2653206,       0.2080030,
 -26000.0000000, -117409.0000000,
     -0.0585765,       1.2448856,       0.2073542,
 -26000.0000000, -117462.0000000,
     -0.0797414,       1.2514540,       0.2073542,
 -26000.0000000, -117507.5000000,
     -0.0512783,       1.2499944,       0.2080030,
 -26000.0000000, -117563.5000000,
     -0.0490888,       1.2653206,       0.2080030,
 -26000.0000000, -117601.5000000,
     -0.0622256,       1.2580224,       0.2073542,
 -26000.0000000, -117649.5000000,
     -0.0556572,       1.2529137,       0.2070299,
 -26000.0000000, -117686.0000000,
     -0.0439801,       1.2346681,       0.2070299,
 -26000.0000000, -117728.0000000,
     -0.0651449,       1.2609417,       0.2073542,
 -26000.0000000, -117766.0000000,
     -0.0396012,       1.2485347,       0.2070299,
 -26000.0000000, -117798.5000000,
     -0.0629555,       1.2616715,       0.2067055,
 -26000.0000000, -117824.0000000,
      0.0071074,       1.2631312,       0.2063811,
 -26000.0000000, -117855.5000000,
     -0.0534678,       1.2886749,       0.2060568,
 -26000.0000000, -117878.5000000,
     -0.0600362,       1.2565628,       0.2067055,
 -26000.0000000, -117904.0000000,
     -0.0228153,       1.2375874,       0.2063811,
 -26000.0000000, -117926.0000000,
     -0.0527380,       1.2580224,       0.2063811,
 -26000.0000000, -117940.0000000,
     -0.0344924,       1.2426961,       0.2067055,
 -26000.0000000, -117957.0000000,
     -0.0257345,       1.2288295,       0.2060568,
 -26000.0000000, -117970.0000000,
     -0.0089486,       1.2339383,       0.2060568,
 -26000.0000000, -117982.5000000,
     -0.0746326,       1.2412365,       0.2060568,
 -26000.0000000, -117989.5000000,
     -0.0381415,       1.2353979,       0.2057324,
 -26000.0000000, -117996.0000000,
     -0.0432503,       1.2200717,       0.2060568,
 -26000.0000000, -117998.0000000,
     -0.0855799,       1.2149629,       0.2050837,
 -26000.0000000, -117999.5000000,
     -0.0702537,       1.2280997,       0.2054080,
 -26000.0000000, -117999.5000000,
     -0.0403310,       1.2478049,       0.2057324,
 -26000.0000000, -117999.5000000,
     -0.0396012,       1.2543733,       0.2057324,
 -26000.0000000, -117999.5000000,
     -0.0432503,       1.1843104,       0.2057324,
 -26000.0000000, -117999.5000000,
     -0.0359521,       1.2499944,       0.2060568,
 -26000.0000000, -117999.5000000,
     -0.0476292,       1.2266401,       0.2057324,
 -26000.0000000, -117999.5000000,
     -0.0476292,       1.2156927,       0.2057324,
 -26000.0000000, -117999.5000000,
     -0.0527380,       1.2565628,       0.2057324,
 -26000.0000000, -117999.5000000,
     -0.0512783,       1.1762823,       0.2057324,
 -26000.0000000, -117999.5000000,
     -0.0352222,       1.2244506,       0.2054080,
 -26000.0000000, -118000.0000000,
     -0.0388713,       1.2346681,       0.2057324,
 -26000.0000000, -118000.0000000,
     -0.0454397,       1.2572926,       0.2057324,
 -26000.0000000, -118000.0000000,
     -0.0644151,       1.2492645,       0.2057324,
 -26000.0000000, -118000.0000000,
     -0.0483590,       1.2507242,       0.2054080,
 -26000.0000000, -118000.0000000,
     -0.0425205,       1.2010963,       0.2057324,
 -26000.0000000, -118000.0000000,
     -0.0235451,       1.2244506,       0.2060568,
 -26000.0000000, -118000.0000000,
     -0.0505485,       1.2456154,       0.2057324,
 -26000.0000000, -118000.0000000,
     -0.0417906,       1.2682399,       0.2057324,
 -26000.0000000, -118000.0000000,
     -0.0396012,       1.2667803,       0.2060568,
 -26000.0000000, -118000.0000000,
     -0.0432503,       1.2434260,       0.2057324,
 -26000.0000000, -118000.0000000,
     -0.0666046,       1.2521838,       0.2057324,
 -26000.0000000, -118000.0000000,
     -0.0396012,       1.2492645,       0.2057324,
 -26000.0000000, -118000.0000000,
     -0.0235451,       1.2624013,       0.2057324,
 -26000.0000000, -118000.0000000,
      0.0056478,       1.2244506,       0.2057324,
 -26000.0000000, -118000.0000000,
     -0.0366819,       1.2733487,       0.2060568,
 -26000.0000000, -118000.0000000,
     -0.0242749,       1.2419663,       0.2060568,
 -26000.0000000, -118000.0000000,
     -0.0396012,       1.2310190,       0.2060568,
 -26000.0000000, -118000.0000000,
     -0.0432503,       1.2310190,       0.2063811,
 -26000.0000000, -118000.0000000,
     -0.0352222,       1.2448856,       0.2060568,
 -26000.0000000, -118000.0000000,
     -0.0388713,       1.2324786,       0.2057324,
 -26000.0000000, -118000.0000000,
     -0.0483590,       1.2645908,       0.2060568,
 -26000.0000000, -118000.0000000,
     -0.0483590,       1.2478049,       0.2057324,
 -26000.0000000, -118000.0000000,
     -0.0527380,       1.2536435,       0.2054080,
 -26000.0000000, -118000.0000000,
     -0.0359521,       1.2339383,       0.2060568,
 -26000.0000000, -118000.0000000,
     -0.0425205,       1.2521838,       0.2054080,
 -26000.0000000, -118000.0000000,
     -0.0432503,       1.2098542,       0.2057324,
 -26000.0000000, -118000.0000000,
     -0.0556572,       1.2602119,       0.2057324,
 -26000.0000000, -118000.0000000,
     -0.0556572,       1.2507242,       0.2060568,
 -26000.0000000, -118000.0000000,
     -0.0578467,       1.2229909,       0.2057324,
 -26000.0000000, -118000.0000000,
     -0.0344924,       1.2251804,       0.2054080,
 -26000.0000000, -118000.0000000,
     -0.0250047,       1.2127734,       0.2057324,
 -26000.0000000, -118000.0000000,
     -0.0687940,       1.2171524,       0.2057324,
 -26000.0000000, -118000.0000000,
     -0.0439801,       1.2434260,       0.2060568,
 -26000.0000000, -118000.0000000,
     -0.0673344,       1.2492645,       0.2057324,
 -26000.0000000, -118000.0000000,
     -0.0447099,       1.2295593,       0.2060568,
 -26000.0000000, -118000.0000000,
     -0.0220854,       1.2587522,       0.2063811,
 -26000.0000000, -118000.0000000,
     -0.0242749,       1.2456154,       0.2057324,
 -26000.0000000, -118000.0000000,
     -0.0330328,       1.2397769,       0.2060568,
 -26000.0000000, -118000.0000000,
     -0.0483590,       1.2259102,       0.2057324,
 -26000.0000000, -118000.0000000,
     -0.0177065,       1.2368576,       0.2057324,
 -26000.0000000, -118000.0000000,
     -0.0775519,       1.2317488,       0.2057324,
 -26000.0000000, -118000.0000000,
     -0.0198960,       1.2397769,       0.2057324,
 -26000.0000000, -118000.0000000,
     -0.0381415,       1.2478049,       0.2054080,
 -26000.0000000, -118000.0000000,
     -0.0330328,       1.2587522,       0.2054080,
 -26000.0000000, -118000.0000000,
     -0.0323029,       1.2375874,       0.2057324,
 -26000.0000000, -118000.0000000,
     -0.0410608,       1.2353979,       0.2060568,
 -26000.0000000, -118000.0000000,
     -0.0651449,       1.2412365,       0.2057324,
 -26000.0000000, -118000.0000000,
     -0.0352222,       1.2229909,       0.2060568,
 -26000.0000000, -118000.0000000,
     -0.0461696,       1.2280997,       0.2060568,
 -26000.0000000, -118000.0000000,
     -0.0366819,       1.2317488,       0.2060568,
 -26000.0000000, -118000.0000000,
     -0.0527380,       1.2529137,       0.2057324,
 -26000.0000000, -118000.0000000,
     -0.0250047,       1.2361277,       0.2060568,
 -26000.0000000, -118000.0000000,
     -0.0534678,       1.2638610,       0.2057324,
 -26000.0000000, -118000.0000000,
     -0.0366819,       1.2178822,       0.2060568,
 -26000.0000000, -118000.0000000,
     -0.0534678,       1.2558329,       0.2057324,
 -26000.0000000, -118000.0000000,
     -0.0396012,       1.2478049,       0.2060568,
 -26000.0000000, -118000.0000000,
     -0.0468994,       1.2514540,       0.2060568,
 -26000.0000000, -118000.0000000,
     -0.0374117,       1.2529137,       0.2057324,
 -26000.0000000, -118000.0000000,
     -0.0264644,       1.2178822,       0.2060568,
 -26000.0000000, -118000.0000000,
     -0.0534678,       1.2310190,       0.2057324,
 -26000.0000000, -118000.0000000,
     -0.0352222,       1.2412365,       0.2054080,
 -26000.0000000, -118000.0000000,
     -0.0140574,       1.2653206,       0.2060568,
 -26000.0000000, -118000.0000000,
     -0.0374117,       1.2587522,       0.2054080,
 -26000.0000000, -118000.0000000,
     -0.0468994,       1.2164225,       0.2057324,
 -26000.0000000, -118000.0000000,
     -0.0417906,       1.2499944,       0.2057324,
 -26000.0000000, -118000.0000000,
     -0.0396012,       1.2448856,       0.2060568,
 -26000.0000000, -118000.0000000,
     -0.0505485,       1.2426961,       0.2060568,
 -26000.0000000, -118000.0000000,
     -0.0578467,       1.2200717,       0.2060568,
 -26000.0000000, -118000.0000000,
     -0.0447099,       1.2419663,       0.2063811,
 -26000.0000000, -118000.0000000,
     -0.0191661,       1.2332085,       0.2060568,
 -26000.0000000, -118000.0000000,
     -0.0257345,       1.2390470,       0.2057324,
 -26000.0000000, -118000.0000000,
     -0.0366819,       1.2448856,       0.2060568,
 -26000.0000000, -118000.0000000,
     -0.0483590,       1.2565628,       0.2054080,
 -26000.0000000, -118000.0000000,
     -0.0534678,       1.1959875,       0.2060568,
 -26000.0000000, -118000.0000000,
     -0.0242749,       1.2324786,       0.2060568,
 -26000.0000000, -118000.0000000,
     -0.0541976,       1.2280997,       0.2060568,
 -26000.0000000, -118000.0000000,
     -0.0396012,       1.2412365,       0.2057324,
 -26000.0000000, -118000.0000000,
     -0.0768221,       1.2499944,       0.2054080,
 -26000.0000000, -118000.0000000,
     -0.0454397,       1.2478049,       0.2063811,
 -26000.0000000, -118000.0000000,
     -0.0432503,       1.2441558,       0.2057324,
 -26000.0000000, -118000.0000000,
     -0.0636853,       1.2280997,       0.2060568,
 -26000.0000000, -118000.0000000,
