     -0.7343917,       1.6200141,       0.2015157,
   1000.0000000, -118000.0000000,
     -0.7263637,       1.6105264,       0.2015157,
   1000.0000000, -118000.0000000,
     -0.7168760,       1.6316913,       0.2011913,
   1000.0000000, -118000.0000000,
     -0.7168760,       1.6097966,       0.2018400,
   1000.0000000, -118000.0000000,
     -0.7000901,       1.6382597,       0.2011913,
   1000.0000000, -118000.0000000,
     -0.7227146,       1.6222036,       0.2011913,
   1000.0000000, -118000.0000000,
     -0.6913322,       1.6090668,       0.2015157,
   1000.0000000, -118000.0000000,
     -0.7365812,       1.6309615,       0.2008669,
   1000.0000000, -117998.0000000,
     -0.7124971,       1.6265825,       0.2018400,
   1000.0000000, -117994.0000000,
     -0.7424198,       1.6090668,       0.2011913,
   1000.0000000, -117983.5000000,
     -0.7117672,       1.6280422,       0.2018400,
   1000.0000000, -117977.5000000,
     -0.7278233,       1.6105264,       0.2028131,
   1000.0000000, -117961.5000000,
     -0.7460689,       1.6375299,       0.2015157,
   1000.0000000, -117948.0000000,
     -0.7154163,       1.6287720,       0.2024888,
   1000.0000000, -117929.0000000,
     -0.7051988,       1.6338808,       0.2018400,
   1000.0000000, -117913.5000000,
     -0.7599355,       1.6316913,       0.2015157,
   1000.0000000, -117886.0000000,
     -0.7533671,       1.6448281,       0.2031375,
   1000.0000000, -117868.0000000,
     -0.7416899,       1.6331509,       0.2021644,
   1000.0000000, -117839.0000000,
     -0.7431496,       1.6565052,       0.2018400,
   1000.0000000, -117802.5000000,
     -0.6979006,       1.6397193,       0.2031375,
   1000.0000000, -117779.0000000,
     -0.7395005,       1.6046879,       0.2018400,
   1000.0000000, -117734.5000000,
     -0.7613951,       1.6192843,       0.2028131,
   1000.0000000, -117705.0000000,
     -0.7110374,       1.6258527,       0.2028131,
   1000.0000000, -117654.0000000,
     -0.7300128,       1.6170948,       0.2024888,
   1000.0000000, -117618.5000000,
     -0.7409601,       1.6528561,       0.2021644,
   1000.0000000, -117583.5000000,
     -0.7402303,       1.6368000,       0.2028131,
   1000.0000000, -117517.5000000,
     -0.7176058,       1.6440983,       0.2021644,
   1000.0000000, -117487.0000000,
     -0.7190655,       1.6302316,       0.2018400,
   1000.0000000, -117423.5000000,
     -0.6920620,       1.6141756,       0.2024888,
   1000.0000000, -117374.0000000,
     -0.7124971,       1.6010388,       0.2021644,
   1000.0000000, -117310.5000000,
     -0.7292830,       1.6222036,       0.2021644,
   1000.0000000, -117260.5000000,
     -0.7358514,       1.5988493,       0.2018400,
   1000.0000000, -117202.0000000,
     -0.7263637,       1.6083370,       0.2015157,
   1000.0000000, -117123.5000000,
     -0.6986304,       1.6061475,       0.2015157,
   1000.0000000, -117063.0000000,
     -0.6913322,       1.6243931,       0.2011913,
   1000.0000000, -116974.0000000,
     -0.7103076,       1.6149054,       0.2011913,
   1000.0000000, -116913.0000000,
     -0.7409601,       1.6243931,       0.2015157,
   1000.0000000, -116846.0000000,
     -0.7314724,       1.6346106,       0.2011913,
   1000.0000000, -116760.5000000,
     -0.7285531,       1.6170948,       0.2011913,
   1000.0000000, -116689.0000000,
     -0.7008199,       1.6068773,       0.1979476,
   1000.0000000, -116598.0000000,
     -0.7227146,       1.6032282,       0.1904872,
   1000.0000000, -116532.0000000,
     -0.7008199,       1.5937405,       0.1914603,
   1000.0000000, -116425.5000000,
     -0.7343917,       1.5952002,       0.1989207,
   1000.0000000, -116340.5000000,
     -0.6949813,       1.6265825,       0.1989207,
   1000.0000000, -116263.5000000,
     -0.7307426,       1.6338808,       0.1979476,
   1000.0000000, -116142.5000000,
     -0.7110374,       1.6302316,       0.1982720,
   1000.0000000, -116050.5000000,
     -0.7103076,       1.6368000,       0.1982720,
   1000.0000000, -115972.0000000,
     -0.7249040,       1.6054177,       0.1976233,
   1000.0000000, -115848.0000000,
     -0.7022796,       1.5937405,       0.1982720,
   1000.0000000, -115754.0000000,
     -0.7197953,       1.5973897,       0.1979476,
   1000.0000000, -115671.0000000,
     -0.6825744,       1.6076072,       0.1979476,
   1000.0000000, -115537.0000000,
     -0.7051988,       1.5864423,       0.1972989,
   1000.0000000, -115412.5000000,
     -0.7008199,       1.6046879,       0.1976233,
   1000.0000000, -115310.0000000,
     -0.7066585,       1.6214738,       0.1979476,
   1000.0000000, -115180.0000000,
     -0.7095778,       1.6141756,       0.1982720,
   1000.0000000, -115060.0000000,
     -0.6891428,       1.6433684,       0.1982720,
   1000.0000000, -114924.0000000,
     -0.7022796,       1.6368000,       0.1972989,
   1000.0000000, -114825.5000000,
     -0.7205251,       1.6594245,       0.1985964,
   1000.0000000, -114663.0000000,
     -0.6949813,       1.6149054,       0.1982720,
   1000.0000000, -114583.5000000,
     -0.7008199,       1.6681824,       0.1992451,
   1000.0000000, -114414.5000000,
     -0.7358514,       1.6353404,       0.1992451,
   1000.0000000, -114317.0000000,
     -0.6993603,       1.6017686,       0.1998938,
   1000.0000000, -114149.5000000,
     -0.7088480,       1.6309615,       0.2008669,
   1000.0000000, -114017.0000000,
     -0.7511776,       1.6236632,       0.2005426,
   1000.0000000, -113898.0000000,
     -0.7154163,       1.6375299,       0.2005426,
   1000.0000000, -113713.5000000,
     -0.7241742,       1.6207440,       0.2011913,
   1000.0000000, -113590.5000000,
     -0.7241742,       1.6667227,       0.1998938,
   1000.0000000, -113457.5000000,
     -0.7227146,       1.6032282,       0.1995695,
   1000.0000000, -113272.0000000,
     -0.6986304,       1.6156352,       0.2002182,
   1000.0000000, -113117.0000000,
     -0.6614095,       1.5820634,       0.1982720,
   1000.0000000, -112950.0000000,
     -0.6198097,       1.5426530,       0.1960015,
   1000.0000000, -112834.5000000,
     -0.5979150,       1.5200285,       0.1914603,
   1000.0000000, -112637.5000000,
     -0.4935505,       1.4755094,       0.1885411,
   1000.0000000, -112462.5000000,
     -0.4023227,       1.5112707,       0.1859461,
   1000.0000000, -112341.5000000,
     -0.3271510,       1.4981339,       0.1801076,
   1000.0000000, -112106.0000000,
     -0.2585478,       1.4660217,       0.1762152,
   1000.0000000, -112000.0000000,
     -0.2067304,       1.5061619,       0.1752421,
   1000.0000000, -111787.0000000,
     -0.1906743,       1.5149198,       0.1739446,
   1000.0000000, -111628.0000000,
     -0.1804568,       1.5791441,       0.1755664,
   1000.0000000, -111418.5000000,
     -0.2096497,       1.6535860,       0.1791345,
   1000.0000000, -111267.0000000,
     -0.2899301,       1.6557754,       0.1814050,
   1000.0000000, -111051.5000000,
     -0.3439369,       1.7265682,       0.1875680,
   1000.0000000, -110884.5000000,
     -0.4855224,       1.7032138,       0.1930822,
   1000.0000000, -110547.5000000,
     -0.6015641,       1.6856981,       0.1985964,
   1000.0000000, -110480.5000000,
     -0.6555709,       1.6689122,       0.2034619,
   1000.0000000, -110317.5000000,
     -0.6643288,       1.6513965,       0.2063811,
   1000.0000000, -110076.5000000,
     -0.6957112,       1.6703719,       0.2063811,
   1000.0000000, -109942.5000000,
     -0.7088480,       1.6433684,       0.2076786,
   1000.0000000, -109717.5000000,
     -0.7168760,       1.6616140,       0.2086517,
   1000.0000000, -109479.0000000,
     -0.7146865,       1.6426386,       0.2086517,
   1000.0000000, -109317.0000000,
     -0.7051988,       1.6397193,       0.2080030,
   1000.0000000, -109061.5000000,
     -0.7197953,       1.6324211,       0.2080030,
   1000.0000000, -108908.5000000,
     -0.7511776,       1.6827788,       0.2080030,
   1000.0000000, -108659.0000000,
     -0.7205251,       1.6141756,       0.2057324,
   1000.0000000, -108477.5000000,
     -0.7270935,       1.6316913,       0.2073542,
   1000.0000000, -108210.0000000,
     -0.7402303,       1.6645333,       0.2083273,
   1000.0000000, -107974.5000000,
     -0.7270935,       1.6586947,       0.2080030,
   1000.0000000, -107812.0000000,
     -0.7759916,       1.6251229,       0.2070299,
   1000.0000000, -107523.0000000,
     -0.7292830,       1.6579649,       0.2073542,
   1000.0000000, -107292.5000000,
     -0.7686934,       1.6433684,       0.2080030,
   1000.0000000, -107124.5000000,
     -0.7533671,       1.6696420,       0.2070299,
   1000.0000000, -106890.5000000,
     -0.7329321,       1.6732911,       0.2080030,
   1000.0000000, -106655.5000000,
     -0.7497180,       1.6776701,       0.2073542,
   1000.0000000, -106381.5000000,
     -0.7380408,       1.6667227,       0.2057324,
   1000.0000000, -106158.5000000,
     -0.7482583,       1.7046735,       0.2073542,
   1000.0000000, -105884.5000000,
     -0.7234444,       1.7105121,       0.2073542,
   1000.0000000, -105649.5000000,
     -0.7285531,       1.7046735,       0.2080030,
   1000.0000000, -105479.5000000,
     -0.7511776,       1.6630736,       0.2099492,
   1000.0000000, -105179.5000000,
     -0.7650442,       1.7163506,       0.2093004,
   1000.0000000, -105009.0000000,
     -0.7117672,       1.7148910,       0.2105979,
   1000.0000000, -104774.0000000,
     -0.7643144,       1.6966455,       0.2102735,
   1000.0000000, -104474.0000000,
     -0.7825600,       1.7163506,       0.2099492,
   1000.0000000, -104304.0000000,
     -0.7322023,       1.7199998,       0.2109223,
   1000.0000000, -104003.0000000,
     -0.7263637,       1.7404348,       0.2096248,
   1000.0000000, -103833.0000000,
     -0.7613951,       1.6908069,       0.2105979,
   1000.0000000, -103534.0000000,
     -0.7124971,       1.6769403,       0.2112466,
   1000.0000000, -103350.0000000,
     -0.7606653,       1.7119717,       0.2099492,
   1000.0000000, -103114.5000000,
     -0.7613951,       1.6951858,       0.2099492,
   1000.0000000, -102828.5000000,
     -0.7723425,       1.7280278,       0.2105979,
   1000.0000000, -102658.5000000,
     -0.7818302,       1.7397050,       0.2112466,
   1000.0000000, -102396.5000000,
     -0.7665039,       1.7185401,       0.2105979,
   1000.0000000, -102123.0000000,
     -0.7431496,       1.7418944,       0.2115710,
   1000.0000000, -101953.0000000,
     -0.7774512,       1.7148910,       0.2115710,
   1000.0000000, -101652.5000000,
     -0.7555566,       1.7287576,       0.2118954,
   1000.0000000, -101200.5000000,
     -0.7665039,       1.6893472,       0.2115710,
   1000.0000000, -101041.0000000,
     -0.7781810,       1.7207296,       0.2118954,
   1000.0000000, -100960.5000000,
     -0.7913178,       1.7302173,       0.2131928,
   1000.0000000, -100699.0000000,
     -0.7592057,       1.7280278,       0.2131928,
   1000.0000000, -100542.0000000,
     -0.7511776,       1.7127015,       0.2135172,
   1000.0000000, -100241.5000000,
     -0.7467987,       1.7309471,       0.2138415,
   1000.0000000, -100057.5000000,
     -0.7533671,       1.7024840,       0.2125441,
   1000.0000000,  -99771.0000000,
     -0.7927775,       1.7418944,       0.2135172,
   1000.0000000,  -99588.5000000,
     -0.7314724,       1.7477330,       0.2141659,
   1000.0000000,  -99328.5000000,
     -0.7482583,       1.7426242,       0.2141659,
   1000.0000000,  -99132.0000000,
     -0.7774512,       1.7404348,       0.2138415,
   1000.0000000,  -98896.5000000,
     -0.7679635,       1.7418944,       0.2151390,
   1000.0000000,  -98635.0000000,
     -0.7592057,       1.7513821,       0.2138415,
   1000.0000000,  -98388.0000000,
     -0.7599355,       1.7513821,       0.2141659,
   1000.0000000,  -98191.5000000,
     -0.7380408,       1.7192699,       0.2141659,
   1000.0000000,  -97891.0000000,
     -0.7643144,       1.6893472,       0.2131928,
   1000.0000000,  -97721.0000000,
     -0.7431496,       1.6995647,       0.2128685,
   1000.0000000,  -97421.0000000,
     -0.7409601,       1.6696420,       0.2115710,
   1000.0000000,  -97250.5000000,
     -0.7643144,       1.6856981,       0.2102735,
   1000.0000000,  -96963.5000000,
     -0.7241742,       1.7178103,       0.2093004,
   1000.0000000,  -96728.5000000,
     -0.7482583,       1.6616140,       0.2080030,
   1000.0000000,  -96480.5000000,
     -0.7365812,       1.6842385,       0.2073542,
   1000.0000000,  -96296.5000000,
     -0.7066585,       1.6535860,       0.2076786,
   1000.0000000,  -96061.5000000,
     -0.7387707,       1.6652631,       0.2060568,
   1000.0000000,  -95826.0000000,
     -0.7000901,       1.6623438,       0.2024888,
   1000.0000000,  -95541.0000000,
     -0.7336619,       1.6966455,       0.2067055,
   1000.0000000,  -95370.5000000,
     -0.7767214,       1.7105121,       0.2054080,
   1000.0000000,  -95122.0000000,
     -0.7446092,       1.6995647,       0.2060568,
   1000.0000000,  -94835.5000000,
     -0.7329321,       1.6835087,       0.2076786,
   1000.0000000,  -94665.5000000,
     -0.7190655,       1.6915367,       0.2083273,
   1000.0000000,  -94430.5000000,
     -0.7358514,       1.7265682,       0.2093004,
   1000.0000000,  -94195.5000000,
     -0.7300128,       1.7185401,       0.2102735,
   1000.0000000,  -93960.0000000,
     -0.7759916,       1.6856981,       0.2102735,
   1000.0000000,  -93711.0000000,
     -0.7862091,       1.7221892,       0.2102735,
   1000.0000000,  -93476.0000000,
     -0.7767214,       1.7294874,       0.2122197,
   1000.0000000,  -93189.5000000,
     -0.7657741,       1.7192699,       0.2122197,
   1000.0000000,  -93005.5000000,
     -0.7686934,       1.7119717,       0.2128685,
   1000.0000000,  -92719.5000000,
     -0.7811003,       1.7367857,       0.2135172,
   1000.0000000,  -92535.5000000,
     -0.8358370,       1.7010244,       0.2138415,
   1000.0000000,  -92262.0000000,
     -0.7497180,       1.6849683,       0.2141659,
   1000.0000000,  -92027.0000000,
     -0.7584758,       1.6856981,       0.2141659,
   1000.0000000,  -91778.5000000,
     -0.7504478,       1.7054033,       0.2131928,
   1000.0000000,  -91596.0000000,
     -0.7351215,       1.6988349,       0.2138415,
   1000.0000000,  -91361.0000000,
     -0.7840196,       1.7309471,       0.2122197,
   1000.0000000,  -91101.0000000,
     -0.7336619,       1.7338664,       0.2125441,
   1000.0000000,  -90917.0000000,
     -0.7752618,       1.7141612,       0.2135172,
   1000.0000000,  -90604.5000000,
     -0.7686934,       1.6937262,       0.2122197,
   1000.0000000,  -90420.5000000,
     -0.7431496,       1.7054033,       0.2115710,
   1000.0000000,  -90134.0000000,
     -0.7905880,       1.7426242,       0.2115710,
   1000.0000000,  -89911.5000000,
     -0.7840196,       1.6981051,       0.2118954,
   1000.0000000,  -89663.5000000,
     -0.7628548,       1.6732911,       0.2105979,
   1000.0000000,  -89479.5000000,
     -0.7738021,       1.7331366,       0.2112466,
   1000.0000000,  -89193.5000000,
     -0.7679635,       1.7119717,       0.2115710,
   1000.0000000,  -89036.0000000,
     -0.7708828,       1.7418944,       0.2102735,
   1000.0000000,  -88723.0000000,
     -0.7482583,       1.7207296,       0.2109223,
   1000.0000000,  -88539.5000000,
     -0.7730723,       1.7141612,       0.2115710,
   1000.0000000,  -88304.5000000,
     -0.7540969,       1.7002946,       0.2112466,
   1000.0000000,  -88018.0000000,
     -0.7351215,       1.7360558,       0.2115710,
   1000.0000000,  -87782.5000000,
     -0.7716126,       1.7411646,       0.2118954,
   1000.0000000,  -87599.5000000,
     -0.7336619,       1.7272980,       0.2112466,
   1000.0000000,  -87364.5000000,
     -0.7497180,       1.7017542,       0.2118954,
   1000.0000000,  -87078.0000000,
     -0.7752618,       1.7455435,       0.2115710,
   1000.0000000,  -86894.5000000,
     -0.7577460,       1.7141612,       0.2105979,
   1000.0000000,  -86608.0000000,
     -0.7395005,       1.7302173,       0.2105979,
   1000.0000000,  -86424.5000000,
     -0.7577460,       1.7229190,       0.2105979,
   1000.0000000,  -86138.0000000,
     -0.7336619,       1.6813192,       0.2105979,
   1000.0000000,  -85954.0000000,
     -0.7643144,       1.7477330,       0.2102735,
   1000.0000000,  -85667.5000000,
     -0.7759916,       1.7061331,       0.2096248,
   1000.0000000,  -85432.5000000,
     -0.7628548,       1.7513821,       0.2099492,
   1000.0000000,  -85248.5000000,
     -0.7197953,       1.7740066,       0.2099492,
   1000.0000000,  -84962.0000000,
     -0.7489882,       1.7353260,       0.2096248,
   1000.0000000,  -84778.0000000,
     -0.7548267,       1.7367857,       0.2096248,
   1000.0000000,  -84492.0000000,
     -0.7548267,       1.7418944,       0.2093004,
   1000.0000000,  -84308.0000000,
     -0.7847494,       1.7243787,       0.2089761,
   1000.0000000,  -84021.5000000,
     -0.7219847,       1.7725469,       0.2102735,
   1000.0000000,  -83837.5000000,
     -0.7497180,       1.7630593,       0.2102735,
   1000.0000000,  -83552.0000000,
     -0.7657741,       1.7776557,       0.2096248,
   1000.0000000,  -83368.5000000,
     -0.7351215,       1.7791153,       0.2102735,
   1000.0000000,  -83133.5000000,
     -0.7555566,       1.7579505,       0.2102735,
   1000.0000000,  -82859.5000000,
     -0.7519075,       1.7681680,       0.2093004,
   1000.0000000,  -82612.0000000,
     -0.7183356,       1.7521119,       0.2096248,
   1000.0000000,  -82428.0000000,
     -0.7358514,       1.7761961,       0.2099492,
   1000.0000000,  -82141.5000000,
     -0.7358514,       1.7929820,       0.2093004,
   1000.0000000,  -81984.0000000,
     -0.7132269,       1.7718171,       0.2093004,
   1000.0000000,  -81697.5000000,
     -0.7314724,       1.7659785,       0.2093004,
   1000.0000000,  -81487.5000000,
     -0.7723425,       1.7718171,       0.2089761,
   1000.0000000,  -81201.0000000,
     -0.7241742,       1.7783855,       0.2083273,
   1000.0000000,  -81017.0000000,
     -0.7854793,       1.7477330,       0.2089761,
   1000.0000000,  -80730.5000000,
     -0.7562864,       1.7813048,       0.2083273,
   1000.0000000,  -80547.0000000,
     -0.7073883,       1.7769259,       0.2086517,
   1000.0000000,  -80260.5000000,
     -0.7460689,       1.7922521,       0.2086517,
   1000.0000000,  -80076.5000000,
     -0.7387707,       1.7535716,       0.2083273,
   1000.0000000,  -79790.0000000,
     -0.7059287,       1.7907925,       0.2089761,
   1000.0000000,  -79607.5000000,
     -0.7292830,       1.7900627,       0.2086517,
   1000.0000000,  -79321.0000000,
     -0.7110374,       1.7491926,       0.2076786,
   1000.0000000,  -79137.0000000,
     -0.7008199,       1.7864136,       0.2076786,
   1000.0000000,  -78850.5000000,
     -0.7168760,       1.7937118,       0.2067055,
   1000.0000000,  -78667.0000000,
     -0.7022796,       1.7637891,       0.2063811,
   1000.0000000,  -78380.5000000,
     -0.7110374,       1.7878732,       0.2070299,
   1000.0000000,  -78196.5000000,
     -0.7336619,       1.7959012,       0.2060568,
   1000.0000000,  -77910.0000000,
     -0.7154163,       1.7696277,       0.2054080,
   1000.0000000,  -77726.0000000,
     -0.6979006,       1.7864136,       0.2041106,
   1000.0000000,  -77491.0000000,
     -0.7146865,       1.7878732,       0.2034619,
   1000.0000000,  -77231.0000000,
     -0.7789109,       1.7696277,       0.2005426,
   1000.0000000,  -76969.5000000,
     -0.7073883,       1.8126872,       0.2024888,
   1000.0000000,  -76786.0000000,
     -0.7453391,       1.7922521,       0.2031375,
   1000.0000000,  -76551.0000000,
     -0.7073883,       1.8163363,       0.2054080,
   1000.0000000,  -76291.0000000,
     -0.6913322,       1.8404204,       0.2050837,
   1000.0000000,  -76080.5000000,
     -0.7497180,       1.8039293,       0.2044350,
   1000.0000000,  -75806.5000000,
     -0.6541113,       1.7988205,       0.2050837,
   1000.0000000,  -75559.5000000,
     -0.6555709,       1.8061188,       0.2031375,
   1000.0000000,  -75324.5000000,
     -0.6840340,       1.7893329,       0.2021644,
   1000.0000000,  -75141.0000000,
     -0.6205395,       1.8214450,       0.2037862,
   1000.0000000,  -74906.0000000,
     -0.6665183,       1.8236345,       0.2034619,
   1000.0000000,  -74619.5000000,
     -0.6760060,       1.8083082,       0.2024888,
   1000.0000000,  -74435.5000000,
     -0.6628692,       1.8126872,       0.2028131,
   1000.0000000,  -74149.0000000,
     -0.6723569,       1.7798452,       0.1963258,
   1000.0000000,  -73992.0000000,
     -0.7066585,       1.7440839,       0.1976233,
   1000.0000000,  -73705.0000000,
     -0.6234588,       1.7557610,       0.1953527,
   1000.0000000,  -73495.0000000,
     -0.6599499,       1.7886030,       0.1930822,
   1000.0000000,  -73235.0000000,
     -0.6497324,       1.8426099,       0.1947040,
   1000.0000000,  -73024.5000000,
     -0.6570306,       1.8520975,       0.1979476,
   1000.0000000,  -72765.0000000,
     -0.6825744,       1.8659642,       0.1985964,
   1000.0000000,  -72554.5000000,
     -0.7154163,       1.8878588,       0.2015157,
   1000.0000000,  -72268.0000000,
     -0.6789252,       1.8426099,       0.2024888,
   1000.0000000,  -72084.0000000,
     -0.6986304,       1.8447993,       0.2018400,
   1000.0000000,  -71849.0000000,
     -0.6358658,       1.8557467,       0.2034619,
   1000.0000000,  -71576.5000000,
     -0.6825744,       1.8615852,       0.2044350,
   1000.0000000,  -71379.5000000,
     -0.7234444,       1.8630449,       0.2041106,
   1000.0000000,  -71106.0000000,
     -0.6650586,       1.8871290,       0.2054080,
   1000.0000000,  -70909.5000000,
     -0.6884129,       1.8776413,       0.2047593,
   1000.0000000,  -70649.5000000,
     -0.6986304,       1.8936974,       0.2037862,
   1000.0000000,  -70439.5000000,
     -0.6490025,       1.8929676,       0.2041106,
   1000.0000000,  -70179.5000000,
     -0.6847638,       1.8652343,       0.1982720,
   1000.0000000,  -69944.0000000,
     -0.6482727,       1.9046447,       0.2024888,
   1000.0000000,  -69734.0000000,
     -0.6088623,       1.8995360,       0.2044350,
   1000.0000000,  -69498.5000000,
     -0.6380552,       1.9090237,       0.2044350,
   1000.0000000,  -69239.0000000,
     -0.6541113,       1.9367569,       0.2057324,
   1000.0000000,  -69028.5000000,
     -0.6198097,       1.8988062,       0.2073542,
   1000.0000000,  -68754.5000000,
     -0.7132269,       1.9009956,       0.2067055,
   1000.0000000,  -68558.5000000,
     -0.6490025,       1.9177815,       0.2080030,
   1000.0000000,  -68298.5000000,
     -0.6446236,       1.9155921,       0.2086517,
   1000.0000000,  -68063.0000000,
     -0.7249040,       1.8856694,       0.2063811,
   1000.0000000,  -67852.5000000,
     -0.6453534,       1.9214306,       0.2073542,
   1000.0000000,  -67592.5000000,
     -0.6511920,       1.8951570,       0.2080030,
   1000.0000000,  -67383.5000000,
     -0.6665183,       1.8944272,       0.2073542,
   1000.0000000,  -67123.5000000,
     -0.6322166,       1.9747076,       0.2080030,
   1000.0000000,  -66913.5000000,
     -0.6592201,       1.9287289,       0.2067055,
   1000.0000000,  -66626.5000000,
     -0.6774656,       1.9644901,       0.2080030,
   1000.0000000,  -66442.5000000,
     -0.6249184,       1.9199710,       0.2067055,
   1000.0000000,  -66182.5000000,
     -0.6957112,       1.9163219,       0.2057324,
   1000.0000000,  -65985.0000000,
     -0.6482727,       1.9075640,       0.2073542,
   1000.0000000,  -65737.0000000,
     -0.6176202,       1.9615709,       0.2076786,
   1000.0000000,  -65501.0000000,
     -0.6891428,       1.9447849,       0.2054080,
   1000.0000000,  -65227.5000000,
     -0.6482727,       1.9382165,       0.2060568,
   1000.0000000,  -65031.0000000,
     -0.6621393,       1.9601112,       0.2057324,
   1000.0000000,  -64796.0000000,
     -0.6862235,       1.9462446,       0.2047593,
   1000.0000000,  -64536.0000000,
     -0.6066729,       1.9820059,       0.2063811,
   1000.0000000,  -64287.5000000,
     -0.6300272,       1.9725182,       0.2063811,
   1000.0000000,  -64039.0000000,
     -0.7081181,       1.9024553,       0.2067055,
   1000.0000000,  -63803.5000000,
     -0.6088623,       1.9535428,       0.2076786,
   1000.0000000,  -63620.5000000,
     -0.6592201,       1.9695989,       0.2063811,
   1000.0000000,  -63386.5000000,
     -0.6723569,       1.9827357,       0.2057324,
   1000.0000000,  -63176.0000000,
     -0.5803993,       1.9805462,       0.2057324,
   1000.0000000,  -62954.5000000,
     -0.6665183,       1.9761673,       0.2057324,
   1000.0000000,  -62668.5000000,
     -0.6095922,       1.9841953,       0.2060568,
   1000.0000000,  -62458.0000000,
     -0.5752905,       1.9754375,       0.2067055,
   1000.0000000,  -62171.5000000,
     -0.6541113,       1.9717884,       0.2054080,
   1000.0000000,  -61936.5000000,
     -0.6044834,       1.9747076,       0.2060568,
   1000.0000000,  -61752.5000000,
     -0.5811291,       1.9761673,       0.2063811,
   1000.0000000,  -61466.0000000,
     -0.6329465,       1.9849252,       0.2054080,
   1000.0000000,  -61282.0000000,
     -0.5862379,       2.0039005,       0.2067055,
   1000.0000000,  -60995.5000000,
     -0.5796695,       2.0177671,       0.2070299,
   1000.0000000,  -60812.0000000,
     -0.6176202,       1.9827357,       0.2063811,
   1000.0000000,  -60525.5000000,
     -0.5752905,       2.0527986,       0.2073542,
   1000.0000000,  -60290.5000000,
     -0.5847782,       2.0214163,       0.2076786,
   1000.0000000,  -60106.5000000,
     -0.6132413,       2.0119286,       0.2060568,
   1000.0000000,  -59871.5000000,
     -0.5577748,       2.0294443,       0.2076786,
   1000.0000000,  -59586.0000000,
     -0.6030238,       1.9900339,       0.2073542,
   1000.0000000,  -59402.0000000,
     -0.6110518,       2.0002514,       0.2070299,
   1000.0000000,  -59115.5000000,
     -0.5636134,       1.9710585,       0.2080030,
   1000.0000000,  -58932.0000000,
     -0.5898870,       1.9798164,       0.2070299,
   1000.0000000,  -58645.5000000,
     -0.5971852,       2.0214163,       0.2073542,
   1000.0000000,  -58462.0000000,
     -0.5468275,       2.0433109,       0.2083273,
   1000.0000000,  -58175.5000000,
     -0.5979150,       2.0104689,       0.2073542,
   1000.0000000,  -57991.5000000,
     -0.6161606,       2.0455004,       0.2076786,
   1000.0000000,  -57756.0000000,
     -0.5687221,       2.0309039,       0.2073542,
   1000.0000000,  -57469.5000000,
     -0.6271079,       2.0403916,       0.2073542,
   1000.0000000,  -57286.0000000,
     -0.6110518,       2.0243355,       0.2070299,
   1000.0000000,  -57012.5000000,
     -0.5044978,       2.0060900,       0.2050837,
   1000.0000000,  -56777.5000000,
     -0.5796695,       1.9980620,       0.2015157,
   1000.0000000,  -56529.5000000,
     -0.4906312,       1.9732480,       0.1979476,
   1000.0000000,  -56345.5000000,
     -0.5132557,       1.9812760,       0.1953527,
   1000.0000000,  -56110.5000000,
     -0.5665327,       1.9834655,       0.1924334,
   1000.0000000,  -55824.0000000,
     -0.5585046,       2.0805318,       0.1930822,
   1000.0000000,  -55641.0000000,
     -0.6030238,       2.1235913,       0.1950284,
   1000.0000000,  -55354.5000000,
     -0.6336763,       2.1031563,       0.1982720,
   1000.0000000,  -55197.5000000,
     -0.5825887,       2.0922090,       0.2011913,
   1000.0000000,  -54884.5000000,
     -0.6110518,       2.0403916,       0.2028131,
   1000.0000000,  -54700.5000000,
     -0.6898726,       2.0659354,       0.2031375,
   1000.0000000,  -54414.5000000,
     -0.5548555,       2.0506091,       0.2034619,
   1000.0000000,  -54230.5000000,
     -0.5760203,       2.0586372,       0.2034619,
   1000.0000000,  -53944.0000000,
     -0.5752905,       2.0520688,       0.2028131,
   1000.0000000,  -53760.0000000,
     -0.5731011,       2.0768827,       0.2031375,
   1000.0000000,  -53473.5000000,
     -0.6183500,       2.0462302,       0.2031375,
   1000.0000000,  -53289.5000000,
     -0.6059430,       2.0535284,       0.2037862,
   1000.0000000,  -53054.5000000,
     -0.5964554,       2.0564477,       0.2031375,
   1000.0000000,  -52768.0000000,
     -0.6001045,       2.0644758,       0.2018400,
   1000.0000000,  -52584.5000000,
     -0.5767502,       2.0549881,       0.2024888,
   1000.0000000,  -52311.0000000,
     -0.5541257,       2.0666652,       0.2011913,
   1000.0000000,  -52075.5000000,
     -0.6110518,       2.0717740,       0.2011913,
   1000.0000000,  -51827.5000000,
     -0.5701818,       2.0593670,       0.2015157,
   1000.0000000,  -51645.0000000,
     -0.5548555,       2.0732336,       0.2011913,
   1000.0000000,  -51358.5000000,
     -0.5701818,       2.0659354,       0.2018400,
   1000.0000000,  -51174.5000000,
     -0.5220135,       2.1038862,       0.2031375,
   1000.0000000,  -50939.5000000,
     -0.5847782,       2.0849108,       0.2024888,
   1000.0000000,  -50653.0000000,
     -0.5694519,       2.0783424,       0.2028131,
   1000.0000000,  -50431.0000000,
     -0.5329608,       2.1053458,       0.2034619,
   1000.0000000,  -50183.0000000,
     -0.5847782,       2.1089949,       0.2034619,
   1000.0000000,  -49999.0000000,
     -0.5942659,       2.0849108,       0.2024888,
   1000.0000000,  -49712.5000000,
     -0.5220135,       2.1184826,       0.2047593,
   1000.0000000,  -49528.5000000,
     -0.5643432,       2.0892897,       0.2047593,
   1000.0000000,  -49242.5000000,
     -0.5665327,       2.0922090,       0.2044350,
   1000.0000000,  -49085.0000000,
     -0.5147153,       2.0922090,       0.2057324,
   1000.0000000,  -48772.0000000,
     -0.5512064,       2.1075353,       0.2060568,
   1000.0000000,  -48615.0000000,
     -0.5285819,       2.1418369,       0.2063811,
   1000.0000000,  -48353.0000000,
     -0.5242030,       2.1418369,       0.2076786,
   1000.0000000,  -48066.0000000,
     -0.5409889,       2.1345387,       0.2076786,
   1000.0000000,  -47908.5000000,
     -0.5387994,       2.1462158,       0.2080030,
   1000.0000000,  -47622.5000000,
     -0.5285819,       2.1250510,       0.2086517,
   1000.0000000,  -47439.5000000,
     -0.5789396,       2.1068054,       0.2083273,
   1000.0000000,  -47126.5000000,
     -0.5424485,       2.0929388,       0.2093004,
   1000.0000000,  -46969.5000000,
     -0.5387994,       2.0863704,       0.2096248,
   1000.0000000,  -46656.5000000,
     -0.5716414,       2.1075353,       0.2086517,
   1000.0000000,  -46499.0000000,
     -0.5147153,       2.1214019,       0.2089761,
   1000.0000000,  -46213.0000000,
     -0.5402591,       2.0914792,       0.2086517,
   1000.0000000,  -46015.0000000,
     -0.5840484,       2.1287001,       0.2089761,
   1000.0000000,  -45742.5000000,
     -0.5358801,       2.1199422,       0.2093004,
   1000.0000000,  -45558.5000000,
     -0.5249328,       2.1002370,       0.2099492,
   1000.0000000,  -45245.5000000,
     -0.5891571,       2.1257808,       0.2089761,
   1000.0000000,  -45088.0000000,
     -0.5643432,       2.1294299,       0.2096248,
   1000.0000000,  -44774.5000000,
     -0.5555853,       2.1250510,       0.2099492,
   1000.0000000,  -44591.0000000,
     -0.5803993,       2.0871002,       0.2060568,
   1000.0000000,  -44331.0000000,
     -0.5395292,       2.0834511,       0.2102735,
   1000.0000000,  -44133.5000000,
     -0.5387994,       2.1038862,       0.2112466,
   1000.0000000,  -43860.5000000,
     -0.5417187,       2.0965879,       0.2067055,
   1000.0000000,  -43613.0000000,
     -0.5161749,       2.0849108,       0.2112466,
   1000.0000000,  -43442.5000000,
     -0.5154451,       2.1002370,       0.2115710,
   1000.0000000,  -43129.0000000,
     -0.5453678,       2.1235913,       0.2118954,
   1000.0000000,  -42972.0000000,
     -0.5190942,       2.0892897,       0.2128685,
   1000.0000000,  -42685.5000000,
     -0.5504766,       2.1308896,       0.2125441,
   1000.0000000,  -42475.5000000,
     -0.5563152,       2.1009669,       0.2135172,
   1000.0000000,  -42189.0000000,
     -0.5358801,       2.1542439,       0.2138415,
   1000.0000000,  -42005.0000000,
     -0.5512064,       2.0695845,       0.2131928,
   1000.0000000,  -41718.5000000,
     -0.5497468,       2.0856406,       0.2138415,
   1000.0000000,  -41561.0000000,
     -0.5059574,       2.1031563,       0.2141659,
   1000.0000000,  -41275.0000000,
     -0.5760203,       2.1009669,       0.2144903,
   1000.0000000,  -41091.0000000,
     -0.5154451,       2.0987774,       0.2157877,
   1000.0000000,  -40804.5000000,
     -0.5169048,       2.1060756,       0.2161121,
   1000.0000000,  -40556.0000000,
     -0.5731011,       2.0936686,       0.2151390,
   1000.0000000,  -40385.5000000,
     -0.5504766,       2.0856406,       0.2161121,
   1000.0000000,  -40085.5000000,
     -0.5198241,       2.0535284,       0.2154634,
   1000.0000000,  -39888.5000000,
     -0.5658028,       2.0615565,       0.2141659,
   1000.0000000,  -39616.0000000,
     -0.4986592,       2.0484197,       0.2138415,
   1000.0000000,  -39446.0000000,
     -0.5278521,       1.9966023,       0.2128685,
   1000.0000000,  -39159.5000000,
     -0.5205539,       2.0732336,       0.2118954,
   1000.0000000,  -38924.5000000,
     -0.4979294,       2.0513390,       0.2112466,
   1000.0000000,  -38727.0000000,
     -0.5380696,       2.0352829,       0.2112466,
   1000.0000000,  -38454.5000000,
     -0.5249328,       2.0506091,       0.2109223,
   1000.0000000,  -38270.5000000,
     -0.4650874,       2.0345531,       0.2112466,
   1000.0000000,  -37984.0000000,
     -0.5227433,       2.0352829,       0.2102735,
   1000.0000000,  -37749.0000000,
     -0.4745751,       2.0462302,       0.2099492,
   1000.0000000,  -37500.0000000,
     -0.4183788,       2.0031707,       0.2083273,
   1000.0000000,  -37278.5000000,
     -0.4804137,       2.0236057,       0.2086517,
   1000.0000000,  -37094.5000000,
     -0.4760347,       2.0221461,       0.2076786,
   1000.0000000,  -36794.5000000,
     -0.4395436,       2.0360127,       0.2089761,
   1000.0000000,  -36597.5000000,
     -0.4913610,       2.0703143,       0.2083273,
   1000.0000000,  -36324.0000000,
     -0.4614383,       2.1009669,       0.2109223,
   1000.0000000,  -36140.0000000,
     -0.4753049,       2.0783424,       0.2128685,
   1000.0000000,  -35853.5000000,
     -0.5249328,       2.0593670,       0.2151390,
   1000.0000000,  -35670.5000000,
     -0.4446524,       2.0564477,       0.2164365,
   1000.0000000,  -35384.5000000,
     -0.4774944,       2.1170229,       0.2180583,
   1000.0000000,  -35200.5000000,
     -0.5446380,       2.0418513,       0.2167608,
   1000.0000000,  -34940.5000000,
     -0.4621681,       2.0557179,       0.2187070,
   1000.0000000,  -34729.5000000,
     -0.5074171,       2.0374723,       0.2190314,
   1000.0000000,  -34443.5000000,
     -0.4847926,       2.0352829,       0.2187070,
   1000.0000000,  -34273.0000000,
     -0.4716558,       2.0330934,       0.2190314,
   1000.0000000,  -33973.0000000,
     -0.4847926,       2.0199566,       0.2180583,
   1000.0000000,  -33789.0000000,
     -0.4782242,       2.0535284,       0.2174096,
   1000.0000000,  -33553.5000000,
     -0.4585190,       2.0330934,       0.2177339,
   1000.0000000,  -33318.5000000,
     -0.5044978,       2.0243355,       0.2170852,
   1000.0000000,  -33032.5000000,
     -0.4877119,       2.0009812,       0.2167608,
   1000.0000000,  -32847.5000000,
     -0.4577892,       2.0177671,       0.2170852,
   1000.0000000,  -32561.5000000,
     -0.4862522,       1.9878444,       0.2151390,
   1000.0000000,  -32378.0000000,
     -0.5066873,       1.9856550,       0.2148146,
   1000.0000000,  -32090.5000000,
     -0.4147297,       2.0170373,       0.2141659,
   1000.0000000,  -31906.5000000,
     -0.4862522,       1.9798164,       0.2118954,
   1000.0000000,  -31621.5000000,
     -0.4614383,       2.0075496,       0.2125441,
   1000.0000000,  -31437.0000000,
     -0.4395436,       1.9856550,       0.2115710,
   1000.0000000,  -31164.5000000,
     -0.4577892,       1.9812760,       0.2102735,
   1000.0000000,  -30966.5000000,
     -0.4475717,       1.9871146,       0.2102735,
   1000.0000000,  -30680.5000000,
     -0.3935648,       1.9907637,       0.2105979,
   1000.0000000,  -30496.5000000,
     -0.4599786,       1.9798164,       0.2096248,
   1000.0000000,  -30261.5000000,
     -0.3702105,       2.0053602,       0.2105979,
   1000.0000000,  -29975.0000000,
     -0.4307858,       1.9710585,       0.2089761,
   1000.0000000,  -29791.0000000,
     -0.4643576,       2.0111988,       0.2109223,
   1000.0000000,  -29531.0000000,
     -0.4322454,       2.0009812,       0.2115710,
   1000.0000000,  -29321.0000000,
     -0.4570594,       1.9827357,       0.2112466,
   1000.0000000,  -29034.5000000,
     -0.4906312,       1.9958725,       0.2112466,
   1000.0000000,  -28850.0000000,
     -0.4475717,       1.9856550,       0.2115710,
   1000.0000000,  -28564.0000000,
     -0.4570594,       1.9783568,       0.2115710,
   1000.0000000,  -28380.0000000,
     -0.4534102,       2.0024409,       0.2128685,
   1000.0000000,  -28093.0000000,
     -0.3833473,       1.9593814,       0.2138415,
   1000.0000000,  -27909.0000000,
     -0.4512208,       1.9579217,       0.2138415,
   1000.0000000,  -27623.5000000,
     -0.4052420,       1.9936830,       0.2141659,
   1000.0000000,  -27439.5000000,
     -0.4212981,       1.9856550,       0.2154634,
   1000.0000000,  -27204.5000000,
     -0.4818733,       1.9798164,       0.2170852,
   1000.0000000,  -26918.5000000,
     -0.4139999,       1.9703287,       0.2174096,
   1000.0000000,  -26734.5000000,
     -0.4322454,       1.9389464,       0.2154634,
   1000.0000000,  -26448.0000000,
     -0.4796838,       1.9469744,       0.2161121,
   1000.0000000,  -26264.5000000,
     -0.4380840,       1.9571919,       0.2154634,
   1000.0000000,  -25977.0000000,
     -0.4293261,       1.9477042,       0.2135172,
   1000.0000000,  -25806.0000000,
     -0.4205683,       1.9404060,       0.2138415,
   1000.0000000,  -25507.0000000,
     -0.3687509,       1.9323780,       0.2115710,
   1000.0000000,  -25349.5000000,
     -0.3731298,       1.9374867,       0.2105979,
   1000.0000000,  -25036.5000000,
     -0.4395436,       1.9126728,       0.2080030,
   1000.0000000,  -24852.0000000,
     -0.3424773,       1.8783711,       0.2047593,
   1000.0000000,  -24592.5000000,
     -0.3709404,       1.8185257,       0.1985964,
   1000.0000000,  -24382.0000000,
     -0.3578036,       1.7980907,       0.1953527,
   1000.0000000,  -24095.5000000,
     -0.3067160,       1.8002802,       0.1940553,
   1000.0000000,  -23911.5000000,
     -0.3833473,       1.8645045,       0.1917847,
   1000.0000000,  -23626.5000000,
     -0.3877263,       1.8477186,       0.1904872,
   1000.0000000,  -23469.0000000,
     -0.4373542,       1.8936974,       0.1908116,
   1000.0000000,  -23156.0000000,
     -0.4570594,       1.8455291,       0.1908116,
   1000.0000000,  -22999.0000000,
     -0.4373542,       1.7900627,       0.1908116,
   1000.0000000,  -22688.5000000,
     -0.4869821,       1.8126872,       0.1891898,
   1000.0000000,  -22508.0000000,
     -0.5344205,       1.8696133,       0.1891898,
   1000.0000000,  -22230.5000000,
     -0.4212981,       1.9185114,       0.1908116,
   1000.0000000,  -22079.5000000,
     -0.4782242,       1.9345674,       0.1937309,
   1000.0000000,  -21807.5000000,
     -0.4811435,       1.9061044,       0.1985964,
   1000.0000000,  -21635.0000000,
     -0.4614383,       1.8776413,       0.2011913,
   1000.0000000,  -21344.5000000,
     -0.4979294,       1.8462590,       0.2008669,
   1000.0000000,  -21200.0000000,
     -0.4541401,       1.8177959,       0.1989207,
   1000.0000000,  -20916.5000000,
     -0.4928206,       1.8163363,       0.1930822,
   1000.0000000,  -20751.0000000,
     -0.4147297,       1.7951714,       0.1982720,
   1000.0000000,  -20521.0000000,
     -0.3702105,       1.8316625,       0.1985964,
   1000.0000000,  -20337.0000000,
     -0.3118248,       1.8353116,       0.1963258,
   1000.0000000,  -20090.0000000,
     -0.3001476,       1.8221748,       0.1953527,
   1000.0000000,  -19956.0000000,
     -0.2884705,       1.8302029,       0.1950284,
   1000.0000000,  -19693.0000000,
     -0.3235019,       1.8075784,       0.1950284,
   1000.0000000,  -19562.0000000,
     -0.3490457,       1.8367713,       0.1953527,
   1000.0000000,  -19327.5000000,
     -0.3235019,       1.8469888,       0.1963258,
   1000.0000000,  -19178.0000000,
     -0.3205826,       1.8718027,       0.1930822,
   1000.0000000,  -18949.5000000,
     -0.2935792,       1.8652343,       0.1943796,
   1000.0000000,  -18804.5000000,
     -0.2848214,       1.8980763,       0.1989207,
   1000.0000000,  -18581.5000000,
     -0.3249616,       1.8849395,       0.2011913,
   1000.0000000,  -18391.0000000,
     -0.3453966,       1.8885886,       0.2015157,
   1000.0000000,  -18262.0000000,
     -0.3191230,       1.8513677,       0.2037862,
   1000.0000000,  -18048.5000000,
     -0.3198528,       1.8820202,       0.2047593,
   1000.0000000,  -17903.0000000,
     -0.3629123,       1.8447993,       0.2050837,
   1000.0000000,  -17557.5000000,
     -0.3227721,       1.8375011,       0.2060568,
   1000.0000000,  -17510.0000000,
     -0.3242318,       1.8192556,       0.2047593,
   1000.0000000,  -17353.0000000,
     -0.3008774,       1.8185257,       0.2050837,
   1000.0000000,  -17226.0000000,
     -0.3359089,       1.8783711,       0.2057324,
   1000.0000000,  -17030.5000000,
     -0.3176634,       1.8309327,       0.2034619,
   1000.0000000,  -16908.0000000,
     -0.3089055,       1.7988205,       0.2021644,
   1000.0000000,  -16719.0000000,
     -0.2746039,       1.8039293,       0.2050837,
   1000.0000000,  -16599.5000000,
     -0.2819021,       1.8243643,       0.2057324,
   1000.0000000,  -16416.5000000,
     -0.3110950,       1.8360415,       0.2054080,
   1000.0000000,  -16277.0000000,
     -0.2928494,       1.8090380,       0.2057324,
   1000.0000000,  -16140.5000000,
     -0.2972283,       1.8229047,       0.2057324,
   1000.0000000,  -16012.5000000,
     -0.3235019,       1.7886030,       0.2054080,
   1000.0000000,  -15857.5000000,
     -0.3300703,       1.8141468,       0.2054080,
   1000.0000000,  -15749.5000000,
     -0.3278809,       1.8017398,       0.2041106,
   1000.0000000,  -15576.5000000,
     -0.2972283,       1.8002802,       0.2044350,
   1000.0000000,  -15480.5000000,
     -0.3235019,       1.7966311,       0.2047593,
   1000.0000000,  -15314.5000000,
     -0.3118248,       1.7980907,       0.2044350,
   1000.0000000,  -15186.5000000,
     -0.2592776,       1.8272836,       0.2041106,
   1000.0000000,  -15096.0000000,
     -0.2519794,       1.7740066,       0.2054080,
   1000.0000000,  -14959.0000000,
     -0.2840915,       1.8185257,       0.2050837,
   1000.0000000,  -14819.0000000,
     -0.2395724,       1.8214450,       0.2057324,
   1000.0000000,  -14734.0000000,
     -0.2921196,       1.8572063,       0.2060568,
   1000.0000000,  -14606.0000000,
     -0.2789828,       1.8418800,       0.2063811,
   1000.0000000,  -14493.0000000,
     -0.2651162,       1.8608554,       0.2083273,
   1000.0000000,  -14371.5000000,
     -0.3592632,       1.8710729,       0.2109223,
   1000.0000000,  -14274.5000000,
     -0.3782386,       1.9002658,       0.2131928,
   1000.0000000,  -14169.5000000,
     -0.3760491,       1.9119430,       0.2167608,
   1000.0000000,  -14055.5000000,
     -0.4198384,       1.9009956,       0.2203289,
   1000.0000000,  -13966.0000000,
     -0.4760347,       1.9331078,       0.2255187,
   1000.0000000,  -13852.0000000,
     -0.4979294,       1.9725182,       0.2297354,
   1000.0000000,  -13783.0000000,
     -0.5161749,       1.9747076,       0.2339522,
   1000.0000000,  -13670.0000000,
     -0.5059574,       1.9929532,       0.2391420,
   1000.0000000,  -13579.5000000,
     -0.5373398,       1.9900339,       0.2443319,
   1000.0000000,  -13511.0000000,
     -0.5731011,       1.9849252,       0.2491974,
   1000.0000000,  -13407.0000000,
     -0.5446380,       1.9987918,       0.2534141,
   1000.0000000,  -13333.0000000,
     -0.5585046,       1.9849252,       0.2576309,
   1000.0000000,  -13244.0000000,
     -0.5811291,       1.9863848,       0.2602258,
   1000.0000000,  -13162.0000000,
     -0.5577748,       1.9768971,       0.2637938,
   1000.0000000,  -13107.5000000,
     -0.6015641,       1.9557323,       0.2667131,
   1000.0000000,  -13015.0000000,
     -0.5913466,       1.9703287,       0.2686593,
   1000.0000000,  -12956.0000000,
     -0.6088623,       1.9374867,       0.2706055,
   1000.0000000,  -12881.5000000,
     -0.6256482,       1.9550025,       0.2712542,
   1000.0000000,  -12830.0000000,
     -0.6154307,       1.9228903,       0.2715786,
   1000.0000000,  -12760.0000000,
     -0.5979150,       1.9279990,       0.2712542,
   1000.0000000,  -12693.5000000,
     -0.6147009,       1.9301885,       0.2715786,
   1000.0000000,  -12645.0000000,
     -0.6292974,       1.9221605,       0.2712542,
   1000.0000000,  -12592.5000000,
     -0.6052132,       1.8980763,       0.2702811,
   1000.0000000,  -12539.5000000,
     -0.6278377,       1.9134026,       0.2699568,
   1000.0000000,  -12478.0000000,
     -0.6183500,       1.8718027,       0.2693080,
   1000.0000000,  -12440.5000000,
     -0.6110518,       1.8550168,       0.2686593,
   1000.0000000,  -12385.5000000,
     -0.6358658,       1.8645045,       0.2673618,
   1000.0000000,  -12347.0000000,
     -0.5891571,       1.8309327,       0.2660644,
   1000.0000000,  -12302.5000000,
     -0.5993746,       1.8375011,       0.2644425,
   1000.0000000,  -12273.0000000,
     -0.6227290,       1.8477186,       0.2631451,
   1000.0000000,  -12228.0000000,
     -0.6103220,       1.8302029,       0.2615233,
   1000.0000000,  -12204.5000000,
     -0.6190798,       1.8572063,       0.2599014,
   1000.0000000,  -12167.5000000,
     -0.5986448,       1.8046591,       0.2586040,
   1000.0000000,  -12145.5000000,
     -0.5869677,       1.8382309,       0.2573065,
   1000.0000000,  -12114.5000000,
     -0.6037536,       1.8192556,       0.2560090,
   1000.0000000,  -12096.5000000,
     -0.6088623,       1.8389607,       0.2547116,
   1000.0000000,  -12076.0000000,
     -0.5891571,       1.8097679,       0.2534141,
   1000.0000000,  -12054.0000000,
     -0.6103220,       1.8024696,       0.2530898,
   1000.0000000,  -12039.0000000,
     -0.6198097,       1.8141468,       0.2514679,
   1000.0000000,  -12029.5000000,
     -0.5570450,       1.8068486,       0.2511436,
   1000.0000000,  -12016.5000000,
     -0.5803993,       1.8104977,       0.2514679,
   1000.0000000,  -12009.5000000,
     -0.5533959,       1.8338520,       0.2511436,
   1000.0000000,  -12003.5000000,
     -0.6271079,       1.8287432,       0.2504948,
   1000.0000000,  -12001.0000000,
     -0.5782098,       1.7951714,       0.2495217,
   1000.0000000,  -12000.5000000,
     -0.5964554,       1.8112275,       0.2514679,
   1000.0000000,  -12000.5000000,
     -0.6103220,       1.7842241,       0.2501705,
   1000.0000000,  -12000.5000000,
     -0.6052132,       1.7929820,       0.2517923,
   1000.0000000,  -12000.5000000,
     -0.6117816,       1.7915223,       0.2504948,
   1000.0000000,  -12000.5000000,
     -0.6074027,       1.7878732,       0.2504948,
   1000.0000000,  -12000.5000000,
     -0.5986448,       1.7893329,       0.2501705,
   1000.0000000,  -12000.5000000,
     -0.6139711,       1.8126872,       0.2498461,
   1000.0000000,  -12000.5000000,
     -0.5942659,       1.8075784,       0.2504948,
   1000.0000000,  -12000.5000000,
     -0.5884273,       1.8177959,       0.2501705,
   1000.0000000,  -12000.5000000,
     -0.6052132,       1.8199854,       0.2504948,
   1000.0000000,  -12000.0000000,
     -0.5884273,       1.7907925,       0.2508192,
   1000.0000000,  -12000.0000000,
     -0.6066729,       1.8024696,       0.2504948,
   1000.0000000,  -12000.0000000,
     -0.6278377,       1.7929820,       0.2514679,
   1000.0000000,  -12000.0000000,
     -0.5825887,       1.8068486,       0.2508192,
   1000.0000000,  -12000.0000000,
     -0.6147009,       1.8104977,       0.2511436,
   1000.0000000,  -12000.0000000,
     -0.5862379,       1.7871434,       0.2504948,
   1000.0000000,  -12000.0000000,
     -0.5891571,       1.8068486,       0.2504948,
   1000.0000000,  -12000.0000000,
     -0.6022939,       1.8104977,       0.2501705,
   1000.0000000,  -12000.0000000,
     -0.5979150,       1.8280134,       0.2501705,
   1000.0000000,  -12000.0000000,
     -0.6015641,       1.7959012,       0.2504948,
   1000.0000000,  -12000.0000000,
     -0.5935361,       1.8250941,       0.2508192,
   1000.0000000,  -12000.0000000,
     -0.6095922,       1.7959012,       0.2508192,
   1000.0000000,  -12000.0000000,
     -0.5979150,       1.8083082,       0.2511436,
   1000.0000000,  -12000.0000000,
     -0.6001045,       1.8002802,       0.2504948,
   1000.0000000,  -12000.0000000,
     -0.5898870,       1.7951714,       0.2511436,
   1000.0000000,  -12000.0000000,
     -0.5884273,       1.8075784,       0.2501705,
   1000.0000000,  -12000.0000000,
     -0.5818589,       1.8002802,       0.2508192,
   1000.0000000,  -12000.0000000,
     -0.6008343,       1.7878732,       0.2504948,
   1000.0000000,  -12000.0000000,
     -0.5920764,       1.7951714,       0.2501705,
   1000.0000000,  -12000.0000000,
     -0.6125114,       1.7798452,       0.2504948,
   1000.0000000,  -12000.0000000,
     -0.6015641,       1.8170661,       0.2504948,
   1000.0000000,  -12000.0000000,
     -0.5957255,       1.7893329,       0.2508192,
   1000.0000000,  -12000.0000000,
     -0.5855080,       1.8039293,       0.2504948,
   1000.0000000,  -12000.0000000,
     -0.6008343,       1.7922521,       0.2511436,
   1000.0000000,  -12000.0000000,
     -0.6212693,       1.8104977,       0.2511436,
   1000.0000000,  -12000.0000000,
     -0.5774800,       1.8075784,       0.2511436,
   1000.0000000,  -12000.0000000,
     -0.5884273,       1.8024696,       0.2508192,
   1000.0000000,  -12000.0000000,
     -0.5723712,       1.7900627,       0.2504948,
   1000.0000000,  -12000.0000000,
     -0.5731011,       1.8148766,       0.2508192,
   1000.0000000,  -12000.0000000,
     -0.5906168,       1.7878732,       0.2501705,
   1000.0000000,  -12000.0000000,
     -0.5855080,       1.8039293,       0.2508192,
   1000.0000000,  -12000.0000000,
     -0.6044834,       1.8126872,       0.2504948,
   1000.0000000,  -12000.0000000,
     -0.5979150,       1.8141468,       0.2501705,
   1000.0000000,  -12000.0000000,
     -0.5898870,       1.7922521,       0.2511436,
   1000.0000000,  -12000.0000000,
     -0.5723712,       1.7856837,       0.2504948,
   1000.0000000,  -12000.0000000,
     -0.5906168,       1.8141468,       0.2504948,
   1000.0000000,  -12000.0000000,
     -0.5957255,       1.7973609,       0.2508192,
   1000.0000000,  -12000.0000000,
     -0.5986448,       1.8141468,       0.2508192,
   1000.0000000,  -12000.0000000,
     -0.5942659,       1.8214450,       0.2511436,
   1000.0000000,  -12000.0000000,
     -0.5855080,       1.8250941,       0.2508192,
   1000.0000000,  -12000.0000000,
     -0.5920764,       1.7929820,       0.2504948,
   1000.0000000,  -12000.0000000,
     -0.5942659,       1.7842241,       0.2501705,
   1000.0000000,  -12000.0000000,
     -0.5658028,       1.7973609,       0.2504948,
   1000.0000000,  -12000.0000000,
     -0.5679923,       1.8134170,       0.2511436,
   1000.0000000,  -12000.0000000,
     -0.5935361,       1.7929820,       0.2504948,
   1000.0000000,  -12000.0000000,
     -0.6044834,       1.8083082,       0.2508192,
   1000.0000000,  -12000.0000000,
     -0.6147009,       1.7995504,       0.2508192,
   1000.0000000,  -12000.0000000,
     -0.5745607,       1.8156064,       0.2508192,
   1000.0000000,  -12000.0000000,
     -0.5803993,       1.8097679,       0.2504948,
   1000.0000000,  -12000.0000000,
     -0.5731011,       1.8039293,       0.2508192,
   1000.0000000,  -12000.0000000,
     -0.5716414,       1.7783855,       0.2504948,
   1000.0000000,  -12000.0000000,
     -0.5898870,       1.8112275,       0.2504948,
   1000.0000000,  -12000.0000000,
     -0.6161606,       1.8061188,       0.2508192,
   1000.0000000,  -12000.0000000,
     -0.5825887,       1.8097679,       0.2508192,
   1000.0000000,  -12000.0000000,
     -0.5920764,       1.7893329,       0.2511436,
   1000.0000000,  -12000.0000000,
     -0.5665327,       1.7886030,       0.2508192,
   1000.0000000,  -12000.0000000,
     -0.6059430,       1.8141468,       0.2508192,
   1000.0000000,  -12000.0000000,
     -0.5986448,       1.8002802,       0.2508192,
   1000.0000000,  -12000.0000000,
     -0.5935361,       1.7922521,       0.2501705,
   1000.0000000,  -12000.0000000,
     -0.5840484,       1.8031995,       0.2504948,
   1000.0000000,  -12000.0000000,
     -0.6066729,       1.7871434,       0.2504948,
   1000.0000000,  -12000.0000000,
     -0.5964554,       1.8002802,       0.2504948,
   1000.0000000,  -12000.0000000,
     -0.6212693,       1.7886030,       0.2504948,
   1000.0000000,  -12000.0000000,
     -0.6052132,       1.8010100,       0.2508192,
   1000.0000000,  -12000.0000000,
     -0.6161606,       1.7791153,       0.2504948,
   1000.0000000,  -12000.0000000,
     -0.6110518,       1.8192556,       0.2508192,
   1000.0000000,  -12000.0000000,
     -0.5906168,       1.7929820,       0.2511436,
   1000.0000000,  -12000.0000000,
     -0.6219991,       1.7900627,       0.2511436,
   1000.0000000,  -12000.0000000,
     -0.5913466,       1.8192556,       0.2501705,
   1000.0000000,  -12000.0000000,
     -0.5869677,       1.8258240,       0.2508192,
   1000.0000000,  -12000.0000000,
     -0.5913466,       1.7995504,       0.2504948,
   1000.0000000,  -12000.0000000,
     -0.5906168,       1.7959012,       0.2501705,
   1000.0000000,  -12000.0000000,
     -0.5884273,       1.8031995,       0.2508192,
   1000.0000000,  -12000.0000000,
     -0.5745607,       1.7805750,       0.2504948,
   1000.0000000,  -12000.0000000,
     -0.6008343,       1.7959012,       0.2508192,
   1000.0000000,  -12000.0000000,
     -0.5847782,       1.8119573,       0.2504948,
   1000.0000000,  -12000.0000000,
     -0.5913466,       1.8199854,       0.2511436,
   1000.0000000,  -12000.0000000,
     -0.6081325,       1.8156064,       0.2508192,
   1000.0000000,  -12000.0000000,
     -0.6052132,       1.7849539,       0.2504948,
   1000.0000000,  -12000.0000000,
