     -0.8241598,       0.4450007,       0.1960015,
  -7000.0000000, -118000.0000000,
     -0.8154020,       0.4785725,       0.1963258,
  -7000.0000000, -118000.0000000,
     -0.8197809,       0.4763830,       0.1963258,
  -7000.0000000, -118000.0000000,
     -0.8059143,       0.4384323,       0.1960015,
  -7000.0000000, -118000.0000000,
     -0.8154020,       0.4800321,       0.1963258,
  -7000.0000000, -117999.0000000,
     -0.8190511,       0.4822216,       0.1960015,
  -7000.0000000, -117995.5000000,
     -0.7891284,       0.4603269,       0.1969746,
  -7000.0000000, -117987.5000000,
     -0.8256195,       0.4486498,       0.1963258,
  -7000.0000000, -117979.5000000,
     -0.8022652,       0.4377024,       0.1969746,
  -7000.0000000, -117967.5000000,
     -0.8416756,       0.4318639,       0.1960015,
  -7000.0000000, -117950.0000000,
     -0.8197809,       0.4778427,       0.1966502,
  -7000.0000000, -117937.5000000,
     -0.8161318,       0.4501094,       0.1969746,
  -7000.0000000, -117914.0000000,
     -0.8329177,       0.5106846,       0.1969746,
  -7000.0000000, -117897.0000000,
     -0.8037248,       0.4661655,       0.1969746,
  -7000.0000000, -117869.0000000,
     -0.8292686,       0.5245513,       0.1960015,
  -7000.0000000, -117841.5000000,
     -0.8372966,       0.5019268,       0.1969746,
  -7000.0000000, -117817.5000000,
     -0.8227002,       0.4515691,       0.1979476,
  -7000.0000000, -117776.5000000,
     -0.8008055,       0.5106846,       0.1969746,
  -7000.0000000, -117753.5000000,
     -0.8409457,       0.4938987,       0.1963258,
  -7000.0000000, -117712.5000000,
     -0.8212405,       0.4471901,       0.1966502,
  -7000.0000000, -117669.0000000,
     -0.8088336,       0.5077654,       0.1960015,
  -7000.0000000, -117627.0000000,
     -0.8110230,       0.4457305,       0.1976233,
  -7000.0000000, -117580.0000000,
     -0.8102932,       0.5187127,       0.1963258,
  -7000.0000000, -117543.5000000,
     -0.8117529,       0.4647059,       0.1963258,
  -7000.0000000, -117486.0000000,
     -0.8212405,       0.5172530,       0.1963258,
  -7000.0000000, -117434.0000000,
     -0.8299984,       0.5055759,       0.1956771,
  -7000.0000000, -117388.5000000,
     -0.8278089,       0.4851409,       0.1960015,
  -7000.0000000, -117322.5000000,
     -0.8000757,       0.5230916,       0.1963258,
  -7000.0000000, -117259.5000000,
     -0.8358370,       0.5179829,       0.1963258,
  -7000.0000000, -117207.5000000,
     -0.8146721,       0.5077654,       0.1966502,
  -7000.0000000, -117132.5000000,
     -0.8015353,       0.5187127,       0.1960015,
  -7000.0000000, -117080.5000000,
     -0.8117529,       0.5260109,       0.1966502,
  -7000.0000000, -116995.5000000,
     -0.8212405,       0.5325793,       0.1972989,
  -7000.0000000, -116939.5000000,
     -0.8219704,       0.5318495,       0.1966502,
  -7000.0000000, -116849.0000000,
     -0.8132125,       0.5311197,       0.1969746,
  -7000.0000000, -116793.0000000,
     -0.8424054,       0.5420670,       0.1976233,
  -7000.0000000, -116696.5000000,
     -0.8234300,       0.5165232,       0.1972989,
  -7000.0000000, -116614.5000000,
     -0.8234300,       0.5559336,       0.1953527,
  -7000.0000000, -116534.5000000,
     -0.8146721,       0.5172530,       0.1891898,
  -7000.0000000, -116429.0000000,
     -0.8037248,       0.5464459,       0.1872436,
  -7000.0000000, -116339.0000000,
     -0.8059143,       0.5457161,       0.1947040,
  -7000.0000000, -116266.5000000,
     -0.7986161,       0.5676108,       0.1966502,
  -7000.0000000, -116172.0000000,
     -0.8219704,       0.5296600,       0.1953527,
  -7000.0000000, -116065.0000000,
     -0.7825600,       0.5851265,       0.1953527,
  -7000.0000000, -115975.5000000,
     -0.8321879,       0.5318495,       0.1950284,
  -7000.0000000, -115863.0000000,
     -0.8234300,       0.6004528,       0.1934065,
  -7000.0000000, -115769.0000000,
     -0.7592057,       0.5916949,       0.1947040,
  -7000.0000000, -115686.0000000,
     -0.7956968,       0.5931545,       0.1947040,
  -7000.0000000, -115553.0000000,
     -0.8256195,       0.5953440,       0.1937309,
  -7000.0000000, -115416.0000000,
     -0.7453391,       0.6311053,       0.1937309,
  -7000.0000000, -115326.5000000,
     -0.8110230,       0.6274562,       0.1930822,
  -7000.0000000, -115242.0000000,
     -0.7942371,       0.6267263,       0.1927578,
  -7000.0000000, -115123.5000000,
     -0.7686934,       0.6128597,       0.1940553,
  -7000.0000000, -114968.0000000,
     -0.7898582,       0.6624876,       0.1914603,
  -7000.0000000, -114871.0000000,
     -0.7898582,       0.6595683,       0.1911360,
  -7000.0000000, -114716.5000000,
     -0.7708828,       0.6646771,       0.1921091,
  -7000.0000000, -114559.5000000,
     -0.7869389,       0.6602982,       0.1921091,
  -7000.0000000, -114456.0000000,
     -0.7935073,       0.6398631,       0.1934065,
  -7000.0000000, -114292.0000000,
     -0.7584758,       0.7106559,       0.1930822,
  -7000.0000000, -114192.0000000,
     -0.7898582,       0.6953296,       0.1921091,
  -7000.0000000, -114014.5000000,
     -0.8081037,       0.7026278,       0.1940553,
  -7000.0000000, -113903.0000000,
     -0.7796407,       0.7274418,       0.1947040,
  -7000.0000000, -113758.5000000,
     -0.7774512,       0.7201436,       0.1943796,
  -7000.0000000, -113579.0000000,
     -0.7767214,       0.7413084,       0.1950284,
  -7000.0000000, -113462.0000000,
     -0.7811003,       0.8048029,       0.1956771,
  -7000.0000000, -113343.5000000,
     -0.7942371,       0.7383891,       0.1943796,
  -7000.0000000, -113164.0000000,
     -0.7745319,       0.7274418,       0.1966502,
  -7000.0000000, -113016.5000000,
     -0.7847494,       0.7405786,       0.1963258,
  -7000.0000000, -112874.5000000,
     -0.8416756,       0.7354698,       0.1953527,
  -7000.0000000, -112642.0000000,
     -0.7657741,       0.7398488,       0.1947040,
  -7000.0000000, -112513.5000000,
     -0.8219704,       0.7456873,       0.1943796,
  -7000.0000000, -112356.0000000,
     -0.7942371,       0.7361997,       0.1963258,
  -7000.0000000, -112177.5000000,
     -0.7716126,       0.7150348,       0.1972989,
  -7000.0000000, -111977.5000000,
     -0.8022652,       0.7398488,       0.1943796,
  -7000.0000000, -111813.0000000,
     -0.7716126,       0.7515259,       0.1953527,
  -7000.0000000, -111654.5000000,
     -0.7628548,       0.7048173,       0.1950284,
  -7000.0000000, -111435.5000000,
     -0.7767214,       0.7245225,       0.1956771,
  -7000.0000000, -111293.0000000,
     -0.7540969,       0.7223330,       0.1972989,
  -7000.0000000, -111149.0000000,
     -0.7956968,       0.7216032,       0.1972989,
  -7000.0000000, -110932.0000000,
     -0.8139423,       0.7223330,       0.1956771,
  -7000.0000000, -110753.5000000,
     -0.7847494,       0.6829226,       0.1969746,
  -7000.0000000, -110551.0000000,
     -0.7956968,       0.6712455,       0.1972989,
  -7000.0000000, -110400.0000000,
     -0.8248897,       0.7011682,       0.1953527,
  -7000.0000000, -110148.5000000,
     -0.7482583,       0.6785437,       0.1969746,
  -7000.0000000, -109992.5000000,
     -0.7745319,       0.6960594,       0.1956771,
  -7000.0000000, -109747.0000000,
     -0.7964266,       0.6369439,       0.1966502,
  -7000.0000000, -109599.0000000,
     -0.7555566,       0.6675964,       0.1963258,
  -7000.0000000, -109335.5000000,
     -0.7249040,       0.6595683,       0.1950284,
  -7000.0000000, -109172.5000000,
     -0.7584758,       0.6748946,       0.1947040,
  -7000.0000000, -108926.5000000,
     -0.7467987,       0.6478912,       0.1950284,
  -7000.0000000, -108678.5000000,
     -0.7526373,       0.6705157,       0.1947040,
  -7000.0000000, -108485.5000000,
     -0.7686934,       0.6194281,       0.1927578,
  -7000.0000000, -108266.0000000,
     -0.7562864,       0.6457017,       0.1937309,
  -7000.0000000, -108093.0000000,
     -0.7592057,       0.6340246,       0.1940553,
  -7000.0000000, -107796.0000000,
     -0.7497180,       0.6332947,       0.1940553,
  -7000.0000000, -107593.0000000,
     -0.7526373,       0.6274562,       0.1934065,
  -7000.0000000, -107339.5000000,
     -0.7570162,       0.6106703,       0.1924334,
  -7000.0000000, -107132.0000000,
     -0.7095778,       0.6478912,       0.1947040,
  -7000.0000000, -106873.0000000,
     -0.7716126,       0.6172387,       0.1930822,
  -7000.0000000, -106675.5000000,
     -0.7694232,       0.6033720,       0.1924334,
  -7000.0000000, -106402.5000000,
     -0.7832898,       0.5632318,       0.1917847,
  -7000.0000000, -106192.5000000,
     -0.7504478,       0.5756388,       0.1911360,
  -7000.0000000, -105905.5000000,
     -0.7037392,       0.5953440,       0.1904872,
  -7000.0000000, -105722.0000000,
     -0.7387707,       0.5829370,       0.1914603,
  -7000.0000000, -105486.5000000,
     -0.7351215,       0.5989931,       0.1908116,
  -7000.0000000, -105302.5000000,
     -0.7300128,       0.5931545,       0.1927578,
  -7000.0000000, -105029.5000000,
     -0.7467987,       0.6106703,       0.1934065,
  -7000.0000000, -104782.5000000,
     -0.7599355,       0.5946142,       0.1934065,
  -7000.0000000, -104522.5000000,
     -0.7540969,       0.5508249,       0.1937309,
  -7000.0000000, -104325.0000000,
     -0.7227146,       0.5588529,       0.1940553,
  -7000.0000000, -104077.0000000,
     -0.7124971,       0.5150636,       0.1934065,
  -7000.0000000, -103842.0000000,
     -0.6920620,       0.5639617,       0.1930822,
  -7000.0000000, -103555.5000000,
     -0.7219847,       0.5406073,       0.1937309,
  -7000.0000000, -103371.5000000,
     -0.7270935,       0.5260109,       0.1927578,
  -7000.0000000, -103111.5000000,
     -0.7453391,       0.5121443,       0.1943796,
  -7000.0000000, -102901.5000000,
     -0.7402303,       0.5318495,       0.1937309,
  -7000.0000000, -102679.0000000,
     -0.7044690,       0.5004671,       0.1937309,
  -7000.0000000, -102431.5000000,
     -0.7161462,       0.4946286,       0.1953527,
  -7000.0000000, -102157.5000000,
     -0.7234444,       0.4917093,       0.1943796,
  -7000.0000000, -101973.5000000,
     -0.6957112,       0.4990075,       0.1947040,
  -7000.0000000, -101725.5000000,
     -0.7132269,       0.4712743,       0.1950284,
  -7000.0000000, -101541.5000000,
     -0.7409601,       0.4267551,       0.1953527,
  -7000.0000000, -101255.5000000,
     -0.7249040,       0.4515691,       0.1950284,
  -7000.0000000, -101020.5000000,
     -0.6781954,       0.4442708,       0.1956771,
  -7000.0000000, -100837.5000000,
     -0.7124971,       0.4435410,       0.1953527,
  -7000.0000000, -100551.5000000,
     -0.7154163,       0.4428112,       0.1963258,
  -7000.0000000, -100367.5000000,
     -0.7285531,       0.4165376,       0.1976233,
  -7000.0000000, -100081.0000000,
     -0.7219847,       0.4369726,       0.1969746,
  -7000.0000000,  -99807.0000000,
     -0.7197953,       0.4406217,       0.1979476,
  -7000.0000000,  -99637.0000000,
     -0.7146865,       0.4318639,       0.1976233,
  -7000.0000000,  -99337.0000000,
     -0.7146865,       0.4632462,       0.1972989,
  -7000.0000000,  -99140.5000000,
     -0.6818445,       0.4085096,       0.1982720,
  -7000.0000000,  -98854.5000000,
     -0.7789109,       0.4318639,       0.1979476,
  -7000.0000000,  -98670.0000000,
     -0.7745319,       0.4223762,       0.1976233,
  -7000.0000000,  -98371.0000000,
     -0.7008199,       0.4092394,       0.1979476,
  -7000.0000000,  -98200.0000000,
     -0.7066585,       0.3924535,       0.1976233,
  -7000.0000000,  -97900.5000000,
     -0.7365812,       0.4296744,       0.1979476,
  -7000.0000000,  -97729.5000000,
     -0.7322023,       0.4201867,       0.1992451,
  -7000.0000000,  -97430.0000000,
     -0.7161462,       0.4318639,       0.1982720,
  -7000.0000000,  -97272.0000000,
     -0.7336619,       0.4625164,       0.1992451,
  -7000.0000000,  -96985.5000000,
     -0.7154163,       0.4457305,       0.2002182,
  -7000.0000000,  -96790.0000000,
     -0.7190655,       0.4814918,       0.1998938,
  -7000.0000000,  -96530.5000000,
     -0.6964410,       0.4931689,       0.2008669,
  -7000.0000000,  -96281.5000000,
     -0.7380408,       0.4741935,       0.2002182,
  -7000.0000000,  -96111.0000000,
     -0.7022796,       0.5471757,       0.2008669,
  -7000.0000000,  -95849.5000000,
     -0.7110374,       0.5260109,       0.2015157,
  -7000.0000000,  -95589.5000000,
     -0.7387707,       0.6172387,       0.1976233,
  -7000.0000000,  -95379.0000000,
     -0.7000901,       0.6369439,       0.2015157,
  -7000.0000000,  -95105.5000000,
     -0.7030094,       0.6544596,       0.2024888,
  -7000.0000000,  -94909.0000000,
     -0.7219847,       0.7099261,       0.2031375,
  -7000.0000000,  -94277.5000000,
     -0.7190655,       0.6902209,       0.2034619,
  -7000.0000000,  -94091.0000000,
     -0.7467987,       0.7143050,       0.2034619,
  -7000.0000000,  -94023.5000000,
     -0.7431496,       0.7157646,       0.2034619,
  -7000.0000000,  -93852.0000000,
     -0.7336619,       0.7683118,       0.2034619,
  -7000.0000000,  -93744.0000000,
     -0.6694376,       0.7690416,       0.2041106,
  -7000.0000000,  -93496.0000000,
     -0.7322023,       0.7719609,       0.2037862,
  -7000.0000000,  -93312.0000000,
     -0.7095778,       0.7807188,       0.2041106,
  -7000.0000000,  -93077.0000000,
     -0.7132269,       0.7770697,       0.2047593,
  -7000.0000000,  -92790.5000000,
     -0.6920620,       0.7617434,       0.2054080,
  -7000.0000000,  -92557.0000000,
     -0.7219847,       0.7661224,       0.2050837,
  -7000.0000000,  -92373.0000000,
     -0.7124971,       0.7690416,       0.2054080,
  -7000.0000000,  -92137.5000000,
     -0.7095778,       0.7821784,       0.2060568,
  -7000.0000000,  -91865.0000000,
     -0.7438794,       0.7697715,       0.2050837,
  -7000.0000000,  -91642.5000000,
     -0.7307426,       0.7748802,       0.2047593,
  -7000.0000000,  -91459.0000000,
     -0.6942515,       0.7434979,       0.2060568,
  -7000.0000000,  -91158.5000000,
     -0.7022796,       0.7150348,       0.2054080,
  -7000.0000000,  -90988.5000000,
     -0.7351215,       0.7325505,       0.2044350,
  -7000.0000000,  -90688.5000000,
     -0.7132269,       0.7113857,       0.2044350,
  -7000.0000000,  -90492.0000000,
     -0.6643288,       0.7413084,       0.2034619,
  -7000.0000000,  -90218.5000000,
     -0.6599499,       0.7405786,       0.2031375,
  -7000.0000000,  -90048.0000000,
     -0.6504622,       0.7617434,       0.2041106,
  -7000.0000000,  -89735.0000000,
     -0.7015497,       0.7486066,       0.2054080,
  -7000.0000000,  -89551.0000000,
     -0.6913322,       0.7267120,       0.2073542,
  -7000.0000000,  -89316.0000000,
     -0.7000901,       0.7172243,       0.2073542,
  -7000.0000000,  -89081.0000000,
     -0.7132269,       0.6997085,       0.2083273,
  -7000.0000000,  -88794.5000000,
     -0.7037392,       0.6792735,       0.2089761,
  -7000.0000000,  -88612.0000000,
     -0.7161462,       0.6967893,       0.2086517,
  -7000.0000000,  -88377.0000000,
     -0.6803849,       0.6902209,       0.2099492,
  -7000.0000000,  -88103.0000000,
     -0.6979006,       0.7011682,       0.2102735,
  -7000.0000000,  -87906.5000000,
     -0.7030094,       0.6894910,       0.2102735,
  -7000.0000000,  -87671.0000000,
     -0.6891428,       0.6945998,       0.2109223,
  -7000.0000000,  -87436.0000000,
     -0.6665183,       0.7048173,       0.2125441,
  -7000.0000000,  -87149.5000000,
     -0.6752761,       0.6405930,       0.2118954,
  -7000.0000000,  -86965.5000000,
     -0.7168760,       0.6537298,       0.2112466,
  -7000.0000000,  -86679.5000000,
     -0.6935217,       0.6602982,       0.2112466,
  -7000.0000000,  -86444.5000000,
     -0.6803849,       0.6624876,       0.2109223,
  -7000.0000000,  -86260.5000000,
     -0.7168760,       0.6464315,       0.2115710,
  -7000.0000000,  -85974.0000000,
     -0.6409745,       0.6675964,       0.2115710,
  -7000.0000000,  -85790.0000000,
     -0.6752761,       0.6493508,       0.2115710,
  -7000.0000000,  -85555.0000000,
     -0.6745463,       0.6581087,       0.2118954,
  -7000.0000000,  -85268.5000000,
     -0.6935217,       0.6201579,       0.2122197,
  -7000.0000000,  -85084.5000000,
     -0.6606797,       0.6508105,       0.2118954,
  -7000.0000000,  -84785.5000000,
     -0.6672481,       0.6486210,       0.2115710,
  -7000.0000000,  -84564.5000000,
     -0.6927919,       0.6340246,       0.2115710,
  -7000.0000000,  -84304.5000000,
     -0.6738165,       0.6296456,       0.2118954,
  -7000.0000000,  -84094.0000000,
     -0.6497324,       0.6500807,       0.2118954,
  -7000.0000000,  -83910.0000000,
     -0.6847638,       0.6318351,       0.2099492,
  -7000.0000000,  -83623.5000000,
     -0.6409745,       0.6092106,       0.2093004,
  -7000.0000000,  -83364.0000000,
     -0.6278377,       0.6070212,       0.2099492,
  -7000.0000000,  -83165.5000000,
     -0.6307570,       0.6011826,       0.2086517,
  -7000.0000000,  -82893.0000000,
     -0.6643288,       0.6296456,       0.2093004,
  -7000.0000000,  -82682.5000000,
     -0.6789252,       0.6114001,       0.2105979,
  -7000.0000000,  -82423.0000000,
     -0.6891428,       0.5902352,       0.2093004,
  -7000.0000000,  -82264.0000000,
     -0.6446236,       0.5712599,       0.2073542,
  -7000.0000000,  -81977.0000000,
     -0.5460976,       0.5289302,       0.2034619,
  -7000.0000000,  -81793.5000000,
     -0.5001189,       0.4720041,       0.1976233,
  -7000.0000000,  -81506.5000000,
     -0.3986736,       0.5026566,       0.1921091,
  -7000.0000000,  -81297.5000000,
     -0.3643720,       0.5106846,       0.1869192,
  -7000.0000000,  -81011.5000000,
     -0.3716702,       0.5479056,       0.1820537,
  -7000.0000000,  -80801.0000000,
     -0.3417475,       0.5026566,       0.1801076,
  -7000.0000000,  -80618.5000000,
     -0.4132700,       0.5230916,       0.1784857,
  -7000.0000000,  -80383.5000000,
     -0.4169191,       0.4982777,       0.1755664,
  -7000.0000000,  -80084.0000000,
     -0.4154595,       0.5354986,       0.1742690,
  -7000.0000000,  -79912.5000000,
     -0.4555997,       0.5749090,       0.1758908,
  -7000.0000000,  -79652.5000000,
     -0.4935505,       0.5887756,       0.1830268,
  -7000.0000000,  -79417.0000000,
     -0.5803993,       0.6332947,       0.1895141,
  -7000.0000000,  -79207.0000000,
     -0.6110518,       0.6033720,       0.1966502,
  -7000.0000000,  -78971.5000000,
     -0.5723712,       0.5997229,       0.2041106,
  -7000.0000000,  -78685.5000000,
     -0.6336763,       0.5734493,       0.2089761,
  -7000.0000000,  -78501.0000000,
     -0.6307570,       0.5683406,       0.2099492,
  -7000.0000000,  -78241.0000000,
     -0.5979150,       0.5106846,       0.2109223,
  -7000.0000000,  -78030.5000000,
     -0.5782098,       0.5136039,       0.2112466,
  -7000.0000000,  -77758.0000000,
     -0.5986448,       0.5019268,       0.2115710,
  -7000.0000000,  -77573.0000000,
     -0.5490169,       0.5194425,       0.2096248,
  -7000.0000000,  -77325.0000000,
     -0.5898870,       0.4873303,       0.2122197,
  -7000.0000000,  -77065.0000000,
     -0.6358658,       0.5106846,       0.2099492,
  -7000.0000000,  -76855.0000000,
     -0.5979150,       0.5179829,       0.2125441,
  -7000.0000000,  -76595.0000000,
     -0.5789396,       0.5084952,       0.2135172,
  -7000.0000000,  -76296.5000000,
     -0.6431640,       0.5121443,       0.2144903,
  -7000.0000000,  -76112.5000000,
     -0.6125114,       0.4931689,       0.2151390,
  -7000.0000000,  -75864.5000000,
     -0.6161606,       0.4785725,       0.2154634,
  -7000.0000000,  -75680.5000000,
     -0.6285675,       0.4968180,       0.2151390,
  -7000.0000000,  -75381.0000000,
     -0.6241886,       0.4457305,       0.2141659,
  -7000.0000000,  -75184.5000000,
     -0.6278377,       0.4793023,       0.2144903,
  -7000.0000000,  -74950.0000000,
     -0.6365956,       0.4829514,       0.2148146,
  -7000.0000000,  -74688.5000000,
     -0.5789396,       0.5026566,       0.2148146,
  -7000.0000000,  -74505.0000000,
     -0.6387850,       0.4909794,       0.2128685,
  -7000.0000000,  -74245.0000000,
     -0.5906168,       0.5143338,       0.2138415,
  -7000.0000000,  -74034.5000000,
     -0.5709116,       0.5325793,       0.2099492,
  -7000.0000000,  -73761.0000000,
     -0.5884273,       0.5362284,       0.2115710,
  -7000.0000000,  -73565.0000000,
     -0.6198097,       0.5282004,       0.2115710,
  -7000.0000000,  -73304.0000000,
     -0.5650730,       0.5537441,       0.2118954,
  -7000.0000000,  -73081.0000000,
     -0.6095922,       0.5639617,       0.2118954,
  -7000.0000000,  -72834.0000000,
     -0.6022939,       0.5741792,       0.2125441,
  -7000.0000000,  -72612.0000000,
     -0.5745607,       0.5968036,       0.2122197,
  -7000.0000000,  -72365.0000000,
     -0.5847782,       0.5617722,       0.2122197,
  -7000.0000000,  -72154.5000000,
     -0.5920764,       0.5982633,       0.2131928,
  -7000.0000000,  -71868.0000000,
     -0.6001045,       0.5909651,       0.2135172,
  -7000.0000000,  -71594.5000000,
     -0.6074027,       0.5836668,       0.2141659,
  -7000.0000000,  -71410.5000000,
     -0.5789396,       0.5960738,       0.2141659,
  -7000.0000000,  -71189.0000000,
     -0.5971852,       0.5814774,       0.2128685,
  -7000.0000000,  -70954.0000000,
     -0.6212693,       0.5661511,       0.2138415,
  -7000.0000000,  -70743.5000000,
     -0.5738309,       0.5668809,       0.2141659,
  -7000.0000000,  -70484.0000000,
     -0.6183500,       0.5573933,       0.2138415,
  -7000.0000000,  -70183.5000000,
     -0.5840484,       0.5457161,       0.2138415,
  -7000.0000000,  -70013.5000000,
     -0.5935361,       0.5486354,       0.2112466,
  -7000.0000000,  -69803.0000000,
     -0.6219991,       0.5150636,       0.2122197,
  -7000.0000000,  -69543.0000000,
     -0.5577748,       0.5187127,       0.2131928,
  -7000.0000000,  -69320.0000000,
     -0.5723712,       0.5252811,       0.2131928,
  -7000.0000000,  -69059.0000000,
     -0.5964554,       0.5595827,       0.2122197,
  -7000.0000000,  -68773.0000000,
     -0.5336907,       0.5260109,       0.2122197,
  -7000.0000000,  -68602.5000000,
     -0.5577748,       0.5136039,       0.2118954,
  -7000.0000000,  -68278.0000000,
     -0.5949957,       0.5201723,       0.2115710,
  -7000.0000000,  -68133.5000000,
     -0.5614239,       0.5070355,       0.2115710,
  -7000.0000000,  -67807.5000000,
     -0.6088623,       0.4822216,       0.2099492,
  -7000.0000000,  -67663.0000000,
     -0.5424485,       0.4902496,       0.2102735,
  -7000.0000000,  -67363.0000000,
     -0.5366100,       0.4727339,       0.2099492,
  -7000.0000000,  -67193.0000000,
     -0.5512064,       0.5019268,       0.2089761,
  -7000.0000000,  -66892.5000000,
     -0.5366100,       0.4851409,       0.2086517,
  -7000.0000000,  -66696.0000000,
     -0.5278521,       0.4851409,       0.2080030,
  -7000.0000000,  -66423.0000000,
     -0.5636134,       0.4785725,       0.2083273,
  -7000.0000000,  -66239.0000000,
     -0.5431784,       0.4450007,       0.2083273,
  -7000.0000000,  -65952.5000000,
     -0.5198241,       0.4807619,       0.2044350,
  -7000.0000000,  -65782.0000000,
     -0.5256626,       0.4683550,       0.2076786,
  -7000.0000000,  -65483.0000000,
     -0.4869821,       0.4522989,       0.2083273,
  -7000.0000000,  -65363.0000000,
     -0.5066873,       0.4515691,       0.2080030,
  -7000.0000000,  -65076.5000000,
     -0.5176346,       0.4464603,       0.2073542,
  -7000.0000000,  -64866.5000000,
     -0.4877119,       0.4668953,       0.2073542,
  -7000.0000000,  -64594.0000000,
     -0.4971996,       0.4858707,       0.2073542,
  -7000.0000000,  -64384.5000000,
     -0.5066873,       0.4880602,       0.2073542,
  -7000.0000000,  -64137.5000000,
     -0.4658172,       0.4603269,       0.2076786,
  -7000.0000000,  -63914.0000000,
     -0.5037680,       0.4566778,       0.2083273,
  -7000.0000000,  -63627.5000000,
     -0.4993890,       0.4617866,       0.2083273,
  -7000.0000000,  -63444.0000000,
     -0.4899013,       0.4822216,       0.2073542,
  -7000.0000000,  -63183.0000000,
     -0.4818733,       0.4683550,       0.2083273,
  -7000.0000000,  -62973.5000000,
     -0.4599786,       0.4814918,       0.2080030,
  -7000.0000000,  -62726.5000000,
     -0.4767646,       0.4544883,       0.2083273,
  -7000.0000000,  -62478.0000000,
     -0.5074171,       0.4464603,       0.2080030,
  -7000.0000000,  -62307.5000000,
     -0.4789540,       0.4216464,       0.2080030,
  -7000.0000000,  -62072.5000000,
     -0.4577892,       0.4304042,       0.2057324,
  -7000.0000000,  -61759.5000000,
     -0.4497611,       0.4428112,       0.2047593,
  -7000.0000000,  -61602.0000000,
     -0.4285963,       0.4493796,       0.2018400,
  -7000.0000000,  -61367.0000000,
     -0.3964841,       0.4690848,       0.2008669,
  -7000.0000000,  -61066.5000000,
     -0.3702105,       0.4866005,       0.2008669,
  -7000.0000000,  -60896.5000000,
     -0.3942947,       0.4990075,       0.2021644,
  -7000.0000000,  -60661.5000000,
     -0.4081613,       0.4814918,       0.2034619,
  -7000.0000000,  -60376.5000000,
     -0.3972140,       0.4807619,       0.2037862,
  -7000.0000000,  -60192.5000000,
     -0.4234875,       0.4559480,       0.2060568,
  -7000.0000000,  -59815.0000000,
     -0.4395436,       0.4887900,       0.2080030,
  -7000.0000000,  -59683.5000000,
     -0.4096209,       0.4661655,       0.2105979,
  -7000.0000000,  -59487.0000000,
     -0.4008631,       0.4676251,       0.2115710,
  -7000.0000000,  -59238.0000000,
     -0.4008631,       0.4391621,       0.2125441,
  -7000.0000000,  -58952.5000000,
     -0.4417331,       0.4187271,       0.2122197,
  -7000.0000000,  -58756.0000000,
     -0.4183788,       0.3931833,       0.2102735,
  -7000.0000000,  -58481.5000000,
     -0.4285963,       0.3997517,       0.2112466,
  -7000.0000000,  -58311.5000000,
     -0.4344349,       0.4209165,       0.2115710,
  -7000.0000000,  -58011.0000000,
     -0.4300559,       0.4209165,       0.2112466,
  -7000.0000000,  -57841.0000000,
     -0.4307858,       0.3902640,       0.2131928,
  -7000.0000000,  -57592.0000000,
     -0.4293261,       0.3880745,       0.2138415,
  -7000.0000000,  -57332.5000000,
     -0.4139999,       0.4063201,       0.2141659,
  -7000.0000000,  -57019.5000000,
     -0.4154595,       0.4311340,       0.2138415,
  -7000.0000000,  -56835.5000000,
     -0.4468418,       0.4092394,       0.2148146,
  -7000.0000000,  -56665.5000000,
     -0.4526804,       0.3997517,       0.2157877,
  -7000.0000000,  -56366.5000000,
     -0.4293261,       0.4106990,       0.2167608,
  -7000.0000000,  -56157.0000000,
     -0.5023083,       0.3982921,       0.2174096,
  -7000.0000000,  -55896.0000000,
     -0.4410033,       0.3924535,       0.2174096,
  -7000.0000000,  -55712.0000000,
     -0.4877119,       0.3734781,       0.2170852,
  -7000.0000000,  -55490.5000000,
     -0.4942803,       0.3574220,       0.2180583,
  -7000.0000000,  -55139.5000000,
     -0.4738453,       0.3391765,       0.2187070,
  -7000.0000000,  -54955.5000000,
     -0.4672769,       0.3552326,       0.2180583,
  -7000.0000000,  -54669.5000000,
     -0.4716558,       0.3639904,       0.2174096,
  -7000.0000000,  -54485.5000000,
     -0.4811435,       0.3603413,       0.2180583,
  -7000.0000000,  -54199.0000000,
     -0.4745751,       0.3508536,       0.2174096,
  -7000.0000000,  -54015.0000000,
     -0.4344349,       0.3384466,       0.2167608,
  -7000.0000000,  -53715.5000000,
     -0.4534102,       0.3537729,       0.2164365,
  -7000.0000000,  -53442.0000000,
     -0.4373542,       0.3129029,       0.2154634,
  -7000.0000000,  -53374.5000000,
     -0.4242174,       0.3143625,       0.2151390,
  -7000.0000000,  -53125.5000000,
     -0.4118104,       0.2764118,       0.2154634,
  -7000.0000000,  -52839.0000000,
     -0.4067016,       0.3041450,       0.2141659,
  -7000.0000000,  -52657.0000000,
     -0.4059718,       0.2990363,       0.2141659,
  -7000.0000000,  -52370.5000000,
     -0.3906456,       0.2807907,       0.2128685,
  -7000.0000000,  -52200.0000000,
     -0.4067016,       0.3158222,       0.2122197,
  -7000.0000000,  -51951.0000000,
     -0.3986736,       0.3077941,       0.2118954,
  -7000.0000000,  -51664.5000000,
     -0.3782386,       0.2837100,       0.2115710,
  -7000.0000000,  -51378.5000000,
     -0.3424773,       0.3063345,       0.2105979,
  -7000.0000000,  -51169.0000000,
     -0.3475861,       0.2632750,       0.2115710,
  -7000.0000000,  -50908.0000000,
     -0.3702105,       0.2596259,       0.2112466,
  -7000.0000000,  -50698.5000000,
     -0.3840772,       0.2698434,       0.2115710,
  -7000.0000000,  -50540.5000000,
     -0.3351791,       0.2596259,       0.2115710,
  -7000.0000000,  -50305.5000000,
     -0.3753193,       0.2822503,       0.2115710,
  -7000.0000000,  -50019.0000000,
     -0.3081757,       0.2486785,       0.2105979,
  -7000.0000000,  -49835.0000000,
     -0.2775231,       0.2676539,       0.2112466,
  -7000.0000000,  -49535.5000000,
     -0.2862810,       0.2727627,       0.2122197,
  -7000.0000000,  -49313.5000000,
     -0.2731442,       0.2727627,       0.2128685,
  -7000.0000000,  -49027.0000000,
     -0.2782530,       0.2844398,       0.2128685,
  -7000.0000000,  -48843.0000000,
     -0.2643863,       0.2581662,       0.2141659,
  -7000.0000000,  -48673.0000000,
     -0.2278952,       0.2486785,       0.2154634,
  -7000.0000000,  -48425.5000000,
     -0.2614671,       0.2399207,       0.2164365,
  -7000.0000000,  -48139.0000000,
     -0.2512495,       0.2464891,       0.2174096,
  -7000.0000000,  -47955.0000000,
     -0.2636565,       0.2486785,       0.2183827,
  -7000.0000000,  -47668.5000000,
     -0.2293549,       0.2698434,       0.2196801,
  -7000.0000000,  -47484.5000000,
     -0.2738740,       0.2355417,       0.2203289,
  -7000.0000000,  -47212.0000000,
     -0.2943090,       0.2742223,       0.2213020,
  -7000.0000000,  -47014.5000000,
     -0.3030669,       0.2603557,       0.2222750,
  -7000.0000000,  -46755.0000000,
     -0.2731442,       0.2574364,       0.2235725,
  -7000.0000000,  -46493.0000000,
     -0.2264356,       0.2515978,       0.2238969,
  -7000.0000000,  -46309.5000000,
     -0.2950389,       0.2304330,       0.2238969,
  -7000.0000000,  -46022.5000000,
     -0.2541688,       0.2048892,       0.2255187,
  -7000.0000000,  -45838.5000000,
     -0.2767933,       0.1997805,       0.2255187,
  -7000.0000000,  -45552.5000000,
     -0.2972283,       0.1640192,       0.2251943,
  -7000.0000000,  -45317.0000000,
     -0.3016073,       0.2143769,       0.2258431,
  -7000.0000000,  -45133.5000000,
     -0.2716846,       0.1873735,       0.2258431,
  -7000.0000000,  -44898.0000000,
     -0.2804424,       0.1946717,       0.2251943,
  -7000.0000000,  -44664.5000000,
     -0.2351935,       0.1859138,       0.2232481,
  -7000.0000000,  -44429.5000000,
     -0.2424917,       0.1698578,       0.2164365,
  -7000.0000000,  -44194.0000000,
     -0.2293549,       0.1370158,       0.2167608,
  -7000.0000000,  -43907.5000000,
     -0.2257058,       0.0983352,       0.2080030,
  -7000.0000000,  -43723.5000000,
     -0.1169623,       0.1355561,       0.1937309,
  -7000.0000000,  -43437.0000000,
     -0.1074746,       0.2793311,       0.1924334,
  -7000.0000000,  -43253.5000000,
     -0.1680498,       0.3698290,       0.1891898,
  -7000.0000000,  -42967.0000000,
     -0.2169479,       0.3829658,       0.1914603,
  -7000.0000000,  -42783.0000000,
     -0.2585478,       0.4676251,       0.1950284,
  -7000.0000000,  -42497.0000000,
     -0.2855512,       0.4530287,       0.1982720,
  -7000.0000000,  -42313.0000000,
     -0.2541688,       0.4617866,       0.2015157,
  -7000.0000000,  -42026.5000000,
     -0.2746039,       0.4406217,       0.2054080,
  -7000.0000000,  -41842.5000000,
     -0.2673056,       0.4077797,       0.2086517,
  -7000.0000000,  -41556.0000000,
     -0.2271654,       0.3647202,       0.2125441,
  -7000.0000000,  -41372.0000000,
     -0.2235163,       0.3756676,       0.2131928,
  -7000.0000000,  -41086.0000000,
     -0.2395724,       0.3552326,       0.2148146,
  -7000.0000000,  -40850.5000000,
     -0.2008918,       0.3756676,       0.2157877,
  -7000.0000000,  -40668.0000000,
     -0.1826463,       0.3931833,       0.2157877,
  -7000.0000000,  -40382.0000000,
     -0.1972427,       0.4012113,       0.2154634,
  -7000.0000000,  -40198.0000000,
     -0.1629411,       0.3880745,       0.2161121,
  -7000.0000000,  -39962.5000000,
     -0.1636709,       0.4034008,       0.2154634,
  -7000.0000000,  -39727.5000000,
     -0.1636709,       0.3990219,       0.2151390,
  -7000.0000000,  -39441.0000000,
     -0.1082044,       0.3829658,       0.2141659,
  -7000.0000000,  -39257.0000000,
     -0.1833761,       0.3807763,       0.2131928,
  -7000.0000000,  -38970.5000000,
     -0.1067448,       0.3982921,       0.2122197,
  -7000.0000000,  -38787.0000000,
     -0.1089343,       0.3734781,       0.2105979,
  -7000.0000000,  -38500.5000000,
     -0.1344780,       0.3647202,       0.2096248,
  -7000.0000000,  -38278.5000000,
     -0.0578467,       0.3990219,       0.2070299,
  -7000.0000000,  -38030.0000000,
     -0.0629555,       0.4333235,       0.2080030,
  -7000.0000000,  -37795.0000000,
     -0.1359377,       0.4566778,       0.2083273,
  -7000.0000000,  -37611.0000000,
     -0.0717133,       0.4822216,       0.2083273,
  -7000.0000000,  -37324.5000000,
     -0.0184363,       0.5063057,       0.2086517,
  -7000.0000000,  -37141.0000000,
     -0.0724432,       0.4442708,       0.2099492,
  -7000.0000000,  -36854.5000000,
     -0.0563871,       0.4537585,       0.2102735,
  -7000.0000000,  -36672.0000000,
     -0.0330328,       0.4340533,       0.2105979,
  -7000.0000000,  -36385.5000000,
     -0.0782817,       0.4172674,       0.2109223,
  -7000.0000000,  -36177.0000000,
     -0.0410608,       0.4252955,       0.2105979,
  -7000.0000000,  -35966.5000000,
     -0.0651449,       0.4150780,       0.2099492,
  -7000.0000000,  -35731.0000000,
     -0.0790116,       0.4260253,       0.2118954,
  -7000.0000000,  -35432.0000000,
     -0.0768221,       0.4194569,       0.2125441,
  -7000.0000000,  -35260.0000000,
     -0.1009062,       0.4362428,       0.2122197,
  -7000.0000000,  -34974.0000000,
     -0.0812010,       0.4063201,       0.2122197,
  -7000.0000000,  -34790.0000000,
     -0.0468994,       0.3778570,       0.2128685,
  -7000.0000000,  -34504.0000000,
     -0.0425205,       0.4274849,       0.2131928,
  -7000.0000000,  -34320.0000000,
     -0.0695239,       0.3909938,       0.2138415,
  -7000.0000000,  -34033.5000000,
     -0.0607660,       0.3793167,       0.2141659,
  -7000.0000000,  -33849.5000000,
     -0.1001764,       0.4004815,       0.2144903,
  -7000.0000000,  -33563.0000000,
     -0.0782817,       0.3953728,       0.2148146,
  -7000.0000000,  -33378.5000000,
     -0.0410608,       0.3654501,       0.2157877,
  -7000.0000000,  -33079.5000000,
     -0.1206114,       0.3982921,       0.2164365,
  -7000.0000000,  -32908.5000000,
     -0.0191661,       0.4114288,       0.2157877,
  -7000.0000000,  -32623.5000000,
     -0.0541976,       0.4121587,       0.2180583,
  -7000.0000000,  -32439.5000000,
     -0.0629555,       0.3866149,       0.2177339,
  -7000.0000000,  -32153.0000000,
      0.0107566,       0.4158078,       0.2170852,
  -7000.0000000,  -31968.5000000,
     -0.0220854,       0.4077797,       0.2174096,
  -7000.0000000,  -31682.0000000,
     -0.0337626,       0.4201867,       0.2174096,
  -7000.0000000,  -31524.5000000,
      0.0282723,       0.4355130,       0.2174096,
  -7000.0000000,  -31263.0000000,
     -0.0242749,       0.4055903,       0.2170852,
  -7000.0000000,  -30976.5000000,
      0.0384898,       0.3917237,       0.2151390,
  -7000.0000000,  -30792.5000000,
      0.0268126,       0.3720185,       0.2151390,
  -7000.0000000,  -30506.5000000,
      0.0479775,       0.4063201,       0.2135172,
  -7000.0000000,  -30322.5000000,
      0.0560055,       0.4851409,       0.2131928,
  -7000.0000000,  -30036.0000000,
      0.0355705,       0.4552182,       0.2144903,
  -7000.0000000,  -29776.0000000,
      0.0713318,       0.5011970,       0.2112466,
  -7000.0000000,  -29617.0000000,
      0.0837388,       0.4924391,       0.2157877,
  -7000.0000000,  -29330.5000000,
      0.0749809,       0.4749234,       0.2167608,
  -7000.0000000,  -29173.5000000,
      0.0654932,       0.4866005,       0.2170852,
  -7000.0000000,  -28860.5000000,
      0.1333667,       0.4647059,       0.2177339,
  -7000.0000000,  -28703.0000000,
      0.1260684,       0.4749234,       0.2187070,
  -7000.0000000,  -28442.5000000,
      0.1187702,       0.4610567,       0.2180583,
  -7000.0000000,  -28156.5000000,
      0.1267983,       0.4968180,       0.2190314,
  -7000.0000000,  -27921.0000000,
      0.1151211,       0.4873303,       0.2190314,
  -7000.0000000,  -27737.0000000,
      0.1494227,       0.5128741,       0.2200045,
  -7000.0000000,  -27450.5000000,
      0.1815349,       0.4990075,       0.2209776,
  -7000.0000000,  -27267.0000000,
      0.1122018,       0.4975478,       0.2206532,
  -7000.0000000,  -26980.5000000,
      0.1479631,       0.4851409,       0.2235725,
  -7000.0000000,  -26823.0000000,
      0.1289877,       0.4917093,       0.2235725,
  -7000.0000000,  -26510.5000000,
      0.1260684,       0.5201723,       0.2242212,
  -7000.0000000,  -26326.5000000,
      0.1618297,       0.5223618,       0.2255187,
  -7000.0000000,  -26027.0000000,
      0.1530719,       0.4895198,       0.2268162,
  -7000.0000000,  -25805.0000000,
      0.1698578,       0.4997373,       0.2261674,
  -7000.0000000,  -25620.5000000,
      0.1654788,       0.5055759,       0.2271405,
  -7000.0000000,  -25334.5000000,
      0.1552613,       0.5150636,       0.2264918,
  -7000.0000000,  -25150.5000000,
      0.1406649,       0.4902496,       0.2268162,
  -7000.0000000,  -24865.0000000,
      0.1508824,       0.5165232,       0.2258431,
  -7000.0000000,  -24681.5000000,
      0.1669385,       0.5333091,       0.2264918,
  -7000.0000000,  -24382.5000000,
      0.1443140,       0.5369582,       0.2271405,
  -7000.0000000,  -24211.5000000,
      0.1742367,       0.4990075,       0.2277893,
  -7000.0000000,  -23925.0000000,
      0.1472333,       0.5369582,       0.2281136,
  -7000.0000000,  -23665.0000000,
      0.1508824,       0.5070355,       0.2261674,
  -7000.0000000,  -23454.5000000,
      0.2041594,       0.4508392,       0.2232481,
  -7000.0000000,  -23270.5000000,
      0.1902928,       0.4690848,       0.2183827,
  -7000.0000000,  -22984.5000000,
      0.2194857,       0.4566778,       0.2135172,
  -7000.0000000,  -22801.5000000,
      0.1917524,       0.4712743,       0.2083273,
  -7000.0000000,  -22520.0000000,
      0.1530719,       0.5201723,       0.2034619,
  -7000.0000000,  -22341.5000000,
      0.2370014,       0.5325793,       0.1979476,
  -7000.0000000,  -22078.0000000,
      0.2099980,       0.5457161,       0.1956771,
  -7000.0000000,  -21891.0000000,
      0.2005103,       0.5756388,       0.1930822,
  -7000.0000000,  -21621.5000000,
      0.1939419,       0.5398775,       0.1911360,
  -7000.0000000,  -21450.5000000,
      0.2158365,       0.5931545,       0.1904872,
  -7000.0000000,  -21187.0000000,
      0.1837244,       0.6019124,       0.1901629,
  -7000.0000000,  -21020.0000000,
      0.2297032,       0.6208878,       0.1908116,
  -7000.0000000,  -20763.5000000,
      0.2012401,       0.6712455,       0.1875680,
  -7000.0000000,  -20600.5000000,
      0.2048892,       0.6245369,       0.1891898,
  -7000.0000000,  -20349.0000000,
      0.2618153,       0.6420526,       0.1924334,
  -7000.0000000,  -20190.0000000,
      0.2362716,       0.6245369,       0.1930822,
  -7000.0000000,  -19956.0000000,
      0.2749521,       0.6332947,       0.1921091,
  -7000.0000000,  -19747.0000000,
      0.2683837,       0.6537298,       0.1927578,
  -7000.0000000,  -19593.5000000,
      0.2567066,       0.6486210,       0.1937309,
  -7000.0000000,  -19348.0000000,
      0.2019699,       0.6070212,       0.1934065,
  -7000.0000000,  -19209.0000000,
      0.2676539,       0.6172387,       0.1947040,
  -7000.0000000,  -18989.5000000,
      0.2099980,       0.6595683,       0.1950284,
  -7000.0000000,  -18855.0000000,
      0.2333523,       0.6617578,       0.1930822,
  -7000.0000000,  -18611.0000000,
      0.2304330,       0.6843823,       0.1976233,
  -7000.0000000,  -18470.5000000,
      0.2362716,       0.6522701,       0.1998938,
  -7000.0000000,  -18291.0000000,
      0.2508680,       0.6967893,       0.1985964,
  -7000.0000000,  -18086.0000000,
      0.2698434,       0.6800034,       0.1995695,
  -7000.0000000,  -17941.0000000,
      0.2734925,       0.7208734,       0.2005426,
  -7000.0000000,  -17751.5000000,
      0.2793311,       0.6967893,       0.2008669,
  -7000.0000000,  -17610.5000000,
      0.2756820,       0.7062769,       0.2018400,
  -7000.0000000,  -17454.0000000,
      0.2851696,       0.7186839,       0.2021644,
  -7000.0000000,  -17262.5000000,
      0.3092538,       0.6989787,       0.2024888,
  -7000.0000000,  -17110.0000000,
      0.2895486,       0.6858419,       0.2034619,
  -7000.0000000,  -16908.5000000,
      0.3085239,       0.7573645,       0.2024888,
  -7000.0000000,  -16778.5000000,
      0.3238502,       0.7369295,       0.1992451,
  -7000.0000000,  -16641.5000000,
      0.3070643,       0.6873016,       0.2024888,
  -7000.0000000,  -16482.0000000,
      0.3428256,       0.7135752,       0.2034619,
  -7000.0000000,  -16326.5000000,
      0.3056047,       0.7194137,       0.2031375,
  -7000.0000000,  -16180.5000000,
      0.3362572,       0.6741648,       0.2021644,
  -7000.0000000,  -16052.0000000,
      0.3946429,       0.6559192,       0.1989207,
  -7000.0000000,  -15872.5000000,
      0.4267551,       0.6800034,       0.1969746,
  -7000.0000000,  -15772.0000000,
      0.4603269,       0.6238071,       0.1937309,
  -7000.0000000,  -15621.5000000,
      0.5303898,       0.6267263,       0.1904872,
  -7000.0000000,  -15502.0000000,
      0.5522845,       0.6727051,       0.1859461,
  -7000.0000000,  -15350.0000000,
      0.6413228,       0.6938700,       0.1839999,
  -7000.0000000,  -15243.0000000,
      0.6741648,       0.7777995,       0.1823781,
  -7000.0000000,  -15096.5000000,
      0.7011682,       0.7792592,       0.1827025,
  -7000.0000000,  -14993.0000000,
      0.6829226,       0.7850977,       0.1849730,
  -7000.0000000,  -14846.0000000,
      0.7004384,       0.8391046,       0.1901629,
  -7000.0000000,  -14753.5000000,
      0.6573789,       0.8398344,       0.1943796,
  -7000.0000000,  -14625.5000000,
      0.6566490,       0.8515115,       0.1979476,
  -7000.0000000,  -14524.0000000,
      0.6084808,       0.8223187,       0.2011913,
  -7000.0000000,  -14401.5000000,
      0.6165088,       0.8099117,       0.2041106,
  -7000.0000000,  -14257.5000000,
      0.5887756,       0.8208590,       0.2054080,
  -7000.0000000,  -14187.0000000,
      0.5836668,       0.7741504,       0.2057324,
  -7000.0000000,  -14106.0000000,
      0.5968036,       0.8106415,       0.2067055,
  -7000.0000000,  -13987.5000000,
      0.6114001,       0.7741504,       0.2060568,
  -7000.0000000,  -13884.5000000,
      0.6296456,       0.7850977,       0.2057324,
  -7000.0000000,  -13793.0000000,
      0.6077510,       0.7982345,       0.2057324,
  -7000.0000000,  -13690.0000000,
      0.6296456,       0.7770697,       0.2060568,
  -7000.0000000,  -13604.0000000,
      0.6544596,       0.7719609,       0.2060568,
  -7000.0000000,  -13535.0000000,
      0.6391333,       0.7916661,       0.2080030,
  -7000.0000000,  -13448.5000000,
      0.6690560,       0.8091819,       0.2086517,
  -7000.0000000,  -13347.0000000,
      0.6690560,       0.8281572,       0.2076786,
  -7000.0000000,  -13266.5000000,
      0.6420526,       0.8193994,       0.2067055,
  -7000.0000000,  -13196.0000000,
      0.6413228,       0.8515115,       0.2063811,
  -7000.0000000,  -13112.0000000,
      0.6325649,       0.8500519,       0.2063811,
  -7000.0000000,  -13054.5000000,
      0.6055615,       0.8347256,       0.2073542,
  -7000.0000000,  -12975.5000000,
      0.5938844,       0.8566203,       0.2080030,
  -7000.0000000,  -12896.0000000,
      0.5617722,       0.7923959,       0.2086517,
  -7000.0000000,  -12834.0000000,
      0.5617722,       0.8172099,       0.2086517,
  -7000.0000000,  -12784.0000000,
      0.5537441,       0.7953152,       0.2086517,
  -7000.0000000,  -12710.0000000,
      0.5493652,       0.8033433,       0.2076786,
  -7000.0000000,  -12664.0000000,
      0.5413372,       0.7996942,       0.2067055,
  -7000.0000000,  -12607.5000000,
      0.5552038,       0.7580943,       0.2060568,
  -7000.0000000,  -12542.5000000,
      0.4968180,       0.8018836,       0.2047593,
  -7000.0000000,  -12489.0000000,
      0.5099548,       0.7923959,       0.2041106,
  -7000.0000000,  -12425.5000000,
      0.5493652,       0.8040731,       0.2037862,
  -7000.0000000,  -12397.5000000,
      0.5362284,       0.8193994,       0.2034619,
  -7000.0000000,  -12363.5000000,
      0.4997373,       0.7690416,       0.2034619,
  -7000.0000000,  -12313.5000000,
      0.4990075,       0.7996942,       0.2031375,
  -7000.0000000,  -12283.5000000,
      0.4917093,       0.7916661,       0.2037862,
  -7000.0000000,  -12247.0000000,
      0.4902496,       0.7916661,       0.2037862,
  -7000.0000000,  -12202.5000000,
      0.4917093,       0.8332660,       0.2037862,
  -7000.0000000,  -12181.5000000,
      0.4851409,       0.8237783,       0.2047593,
  -7000.0000000,  -12153.0000000,
      0.4581375,       0.8055327,       0.2047593,
  -7000.0000000,  -12120.0000000,
      0.4793023,       0.8157503,       0.2044350,
  -7000.0000000,  -12103.0000000,
      0.4741935,       0.8383747,       0.2047593,
  -7000.0000000,  -12081.5000000,
      0.4749234,       0.8478624,       0.2057324,
  -7000.0000000,  -12058.0000000,
      0.4413516,       0.8755957,       0.2063811,
  -7000.0000000,  -12043.0000000,
      0.4428112,       0.8186695,       0.2060568,
  -7000.0000000,  -12032.5000000,
      0.4362428,       0.8332660,       0.2060568,
  -7000.0000000,  -12018.5000000,
      0.4625164,       0.8179397,       0.2063811,
  -7000.0000000,  -12012.0000000,
      0.4355130,       0.8091819,       0.2063811,
  -7000.0000000,  -12004.0000000,
      0.4778427,       0.8157503,       0.2070299,
  -7000.0000000,  -12002.5000000,
      0.4413516,       0.8113713,       0.2063811,
  -7000.0000000,  -12000.5000000,
      0.4785725,       0.8420238,       0.2070299,
  -7000.0000000,  -12000.5000000,
      0.4201867,       0.8128310,       0.2067055,
  -7000.0000000,  -12000.5000000,
      0.4296744,       0.8135608,       0.2070299,
  -7000.0000000,  -12000.5000000,
      0.4603269,       0.8369151,       0.2070299,
  -7000.0000000,  -12000.5000000,
      0.4333235,       0.8471326,       0.2070299,
  -7000.0000000,  -12000.5000000,
      0.4340533,       0.8303467,       0.2073542,
  -7000.0000000,  -12000.5000000,
      0.4705444,       0.8288870,       0.2070299,
  -7000.0000000,  -12000.5000000,
      0.4099692,       0.8077222,       0.2067055,
  -7000.0000000,  -12000.5000000,
      0.4581375,       0.8383747,       0.2067055,
  -7000.0000000,  -12000.5000000,
      0.4311340,       0.8551606,       0.2070299,
  -7000.0000000,  -12000.5000000,
      0.4428112,       0.8434835,       0.2067055,
  -7000.0000000,  -12000.0000000,
      0.4544883,       0.8558905,       0.2070299,
  -7000.0000000,  -12000.0000000,
      0.4690848,       0.8347256,       0.2070299,
  -7000.0000000,  -12000.0000000,
      0.4559480,       0.8412940,       0.2067055,
  -7000.0000000,  -12000.0000000,
      0.4552182,       0.8821641,       0.2076786,
  -7000.0000000,  -12000.0000000,
      0.4486498,       0.8325362,       0.2070299,
  -7000.0000000,  -12000.0000000,
      0.4369726,       0.8245081,       0.2070299,
  -7000.0000000,  -12000.0000000,
      0.4720041,       0.8288870,       0.2070299,
  -7000.0000000,  -12000.0000000,
      0.4267551,       0.8354554,       0.2067055,
  -7000.0000000,  -12000.0000000,
      0.4282148,       0.8157503,       0.2070299,
  -7000.0000000,  -12000.0000000,
      0.4522989,       0.8325362,       0.2070299,
  -7000.0000000,  -12000.0000000,
      0.4522989,       0.8529712,       0.2073542,
  -7000.0000000,  -12000.0000000,
      0.4355130,       0.8493221,       0.2070299,
  -7000.0000000,  -12000.0000000,
      0.4508392,       0.8566203,       0.2073542,
  -7000.0000000,  -12000.0000000,
      0.4004815,       0.8369151,       0.2067055,
  -7000.0000000,  -12000.0000000,
      0.4252955,       0.8493221,       0.2070299,
  -7000.0000000,  -12000.0000000,
      0.4581375,       0.8544308,       0.2070299,
  -7000.0000000,  -12000.0000000,
      0.4296744,       0.8208590,       0.2070299,
  -7000.0000000,  -12000.0000000,
      0.4588673,       0.8186695,       0.2073542,
  -7000.0000000,  -12000.0000000,
      0.4530287,       0.8135608,       0.2073542,
  -7000.0000000,  -12000.0000000,
      0.4537585,       0.7945854,       0.2070299,
  -7000.0000000,  -12000.0000000,
      0.4012113,       0.8318063,       0.2070299,
  -7000.0000000,  -12000.0000000,
      0.4150780,       0.8069924,       0.2073542,
  -7000.0000000,  -12000.0000000,
      0.4515691,       0.8828939,       0.2070299,
  -7000.0000000,  -12000.0000000,
      0.4085096,       0.8069924,       0.2067055,
  -7000.0000000,  -12000.0000000,
      0.4340533,       0.8405642,       0.2076786,
  -7000.0000000,  -12000.0000000,
      0.4362428,       0.8653782,       0.2073542,
  -7000.0000000,  -12000.0000000,
      0.4610567,       0.8442133,       0.2073542,
  -7000.0000000,  -12000.0000000,
      0.4362428,       0.8383747,       0.2067055,
  -7000.0000000,  -12000.0000000,
      0.4450007,       0.8077222,       0.2070299,
  -7000.0000000,  -12000.0000000,
      0.4428112,       0.8288870,       0.2070299,
  -7000.0000000,  -12000.0000000,
      0.4333235,       0.8566203,       0.2070299,
  -7000.0000000,  -12000.0000000,
      0.4508392,       0.8332660,       0.2073542,
  -7000.0000000,  -12000.0000000,
      0.4479199,       0.8500519,       0.2070299,
  -7000.0000000,  -12000.0000000,
      0.4398919,       0.8493221,       0.2063811,
  -7000.0000000,  -12000.0000000,
      0.4128885,       0.8544308,       0.2070299,
  -7000.0000000,  -12000.0000000,
      0.4209165,       0.8245081,       0.2070299,
  -7000.0000000,  -12000.0000000,
      0.4128885,       0.8230485,       0.2067055,
  -7000.0000000,  -12000.0000000,
      0.4471901,       0.8077222,       0.2070299,
  -7000.0000000,  -12000.0000000,
      0.4274849,       0.8318063,       0.2067055,
  -7000.0000000,  -12000.0000000,
      0.4450007,       0.8026135,       0.2070299,
  -7000.0000000,  -12000.0000000,
      0.4267551,       0.8208590,       0.2067055,
  -7000.0000000,  -12000.0000000,
      0.4515691,       0.8318063,       0.2073542,
  -7000.0000000,  -12000.0000000,
      0.4530287,       0.8318063,       0.2073542,
  -7000.0000000,  -12000.0000000,
      0.4574076,       0.8763255,       0.2067055,
  -7000.0000000,  -12000.0000000,
      0.4231060,       0.8609992,       0.2073542,
  -7000.0000000,  -12000.0000000,
      0.4442708,       0.8274274,       0.2073542,
  -7000.0000000,  -12000.0000000,
      0.4311340,       0.8602694,       0.2070299,
  -7000.0000000,  -12000.0000000,
      0.4471901,       0.8135608,       0.2070299,
  -7000.0000000,  -12000.0000000,
      0.4369726,       0.8485922,       0.2067055,
  -7000.0000000,  -12000.0000000,
      0.4347832,       0.8179397,       0.2073542,
  -7000.0000000,  -12000.0000000,
      0.4114288,       0.7953152,       0.2070299,
  -7000.0000000,  -12000.0000000,
      0.4238358,       0.8361853,       0.2070299,
  -7000.0000000,  -12000.0000000,
      0.4179972,       0.8369151,       0.2073542,
  -7000.0000000,  -12000.0000000,
      0.4274849,       0.8347256,       0.2063811,
  -7000.0000000,  -12000.0000000,
      0.4318639,       0.8493221,       0.2073542,
  -7000.0000000,  -12000.0000000,
      0.4252955,       0.8252379,       0.2073542,
  -7000.0000000,  -12000.0000000,
      0.4588673,       0.8259678,       0.2070299,
  -7000.0000000,  -12000.0000000,
      0.4617866,       0.8478624,       0.2073542,
  -7000.0000000,  -12000.0000000,
      0.4318639,       0.8639185,       0.2067055,
  -7000.0000000,  -12000.0000000,
      0.4194569,       0.8208590,       0.2070299,
  -7000.0000000,  -12000.0000000,
      0.4544883,       0.8288870,       0.2073542,
  -7000.0000000,  -12000.0000000,
      0.4479199,       0.8296169,       0.2073542,
  -7000.0000000,  -12000.0000000,
      0.4413516,       0.8339958,       0.2070299,
  -7000.0000000,  -12000.0000000,
      0.4566778,       0.8369151,       0.2073542,
  -7000.0000000,  -12000.0000000,
      0.4362428,       0.8551606,       0.2073542,
  -7000.0000000,  -12000.0000000,
      0.4172674,       0.8325362,       0.2070299,
  -7000.0000000,  -12000.0000000,
      0.4515691,       0.8391046,       0.2067055,
  -7000.0000000,  -12000.0000000,
      0.4267551,       0.8391046,       0.2070299,
  -7000.0000000,  -12000.0000000,
      0.4398919,       0.8420238,       0.2070299,
  -7000.0000000,  -12000.0000000,
      0.4574076,       0.8099117,       0.2070299,
  -7000.0000000,  -12000.0000000,
      0.4544883,       0.8296169,       0.2067055,
  -7000.0000000,  -12000.0000000,
      0.4537585,       0.8252379,       0.2070299,
  -7000.0000000,  -12000.0000000,
      0.4216464,       0.8427537,       0.2067055,
  -7000.0000000,  -12000.0000000,
      0.4289446,       0.8412940,       0.2073542,
  -7000.0000000,  -12000.0000000,
      0.4245656,       0.8361853,       0.2073542,
  -7000.0000000,  -12000.0000000,
      0.4464603,       0.8996798,       0.2073542,
  -7000.0000000,  -12000.0000000,
      0.4369726,       0.8420238,       0.2070299,
  -7000.0000000,  -12000.0000000,
      0.4201867,       0.8777851,       0.2073542,
  -7000.0000000,  -12000.0000000,
      0.4501094,       0.8369151,       0.2070299,
  -7000.0000000,  -12000.0000000,
      0.4435410,       0.8391046,       0.2070299,
  -7000.0000000,  -12000.0000000,
      0.4369726,       0.8026135,       0.2070299,
  -7000.0000000,  -12000.0000000,
