      0.1041738,       0.9339814,       0.2050837,
  -6000.0000000,  -12000.0000000,
      0.0910370,       0.9244937,       0.2054080,
  -6000.0000000,  -12000.0000000,
      0.1012545,       0.8909219,       0.2050837,
  -6000.0000000,  -12000.0000000,
      0.0903072,       0.8880026,       0.2054080,
  -6000.0000000,  -12000.0000000,
      0.0786300,       0.8916517,       0.2054080,
  -6000.0000000,  -12000.0000000,
      0.0932264,       0.8843535,       0.2050837,
  -6000.0000000,  -12001.0000000,
      0.1267983,       0.9157359,       0.2044350,
  -6000.0000000,  -12005.5000000,
      0.0903072,       0.9274130,       0.2050837,
  -6000.0000000,  -12012.0000000,
      0.1165808,       0.9288727,       0.2041106,
  -6000.0000000,  -12022.0000000,
      0.0771704,       0.8909219,       0.2057324,
  -6000.0000000,  -12034.0000000,
      0.1209597,       0.9091675,       0.2044350,
  -6000.0000000,  -12051.5000000,
      0.1151211,       0.9120868,       0.2044350,
  -6000.0000000,  -12065.5000000,
      0.0837388,       0.9208446,       0.2041106,
  -6000.0000000,  -12089.0000000,
      0.1348263,       0.8675676,       0.2047593,
  -6000.0000000,  -12112.0000000,
      0.1034440,       0.9047885,       0.2047593,
  -6000.0000000,  -12131.0000000,
      0.1107422,       0.8894623,       0.2050837,
  -6000.0000000,  -12164.5000000,
      0.0727914,       0.8909219,       0.2047593,
  -6000.0000000,  -12187.5000000,
      0.1355561,       0.9303323,       0.2041106,
  -6000.0000000,  -12225.0000000,
      0.0924966,       0.8777851,       0.2054080,
  -6000.0000000,  -12254.5000000,
      0.1246088,       0.9230341,       0.2054080,
  -6000.0000000,  -12299.5000000,
      0.1231491,       0.8770553,       0.2067055,
  -6000.0000000,  -12331.0000000,
      0.0976054,       0.9208446,       0.2067055,
  -6000.0000000,  -12382.0000000,
      0.1377456,       0.8690273,       0.2063811,
  -6000.0000000,  -12417.5000000,
      0.0990650,       0.8566203,       0.2073542,
  -6000.0000000,  -12474.5000000,
      0.0873879,       0.8624589,       0.2073542,
  -6000.0000000,  -12521.5000000,
      0.1173106,       0.8624589,       0.2076786,
  -6000.0000000,  -12565.5000000,
      0.1311772,       0.9208446,       0.2067055,
  -6000.0000000,  -12626.0000000,
      0.0822791,       0.8858132,       0.2080030,
  -6000.0000000,  -12677.0000000,
      0.0910370,       0.8799746,       0.2089761,
  -6000.0000000,  -12749.5000000,
      0.0976054,       0.8982201,       0.2093004,
  -6000.0000000,  -12798.5000000,
      0.0917668,       0.8624589,       0.2102735,
  -6000.0000000,  -12877.5000000,
      0.1450438,       0.8916517,       0.2102735,
  -6000.0000000,  -12930.0000000,
      0.1443140,       0.9142762,       0.2105979,
  -6000.0000000,  -13015.0000000,
      0.1392052,       0.9106271,       0.2118954,
  -6000.0000000,  -13071.5000000,
      0.1574508,       0.8887325,       0.2125441,
  -6000.0000000,  -13158.5000000,
      0.1340965,       0.8858132,       0.2131928,
  -6000.0000000,  -13223.0000000,
      0.1377456,       0.9303323,       0.2131928,
  -6000.0000000,  -13320.5000000,
      0.1749665,       0.8755957,       0.2135172,
  -6000.0000000,  -13412.0000000,
      0.1618297,       0.9215744,       0.2148146,
  -6000.0000000,  -13488.0000000,
      0.2114576,       0.8828939,       0.2144903,
  -6000.0000000,  -13546.5000000,
      0.2078085,       0.8901921,       0.2154634,
  -6000.0000000,  -13665.5000000,
      0.2041594,       0.8828939,       0.2164365,
  -6000.0000000,  -13737.5000000,
      0.2457592,       0.8770553,       0.2177339,
  -6000.0000000,  -13853.0000000,
      0.2282435,       0.8792448,       0.2196801,
  -6000.0000000,  -13929.0000000,
      0.2238646,       0.8281572,       0.2225994,
  -6000.0000000,  -14045.5000000,
      0.2457592,       0.8391046,       0.2255187,
  -6000.0000000,  -14131.0000000,
      0.2807907,       0.8398344,       0.2290867,
  -6000.0000000,  -14259.0000000,
      0.3260397,       0.8172099,       0.2333035,
  -6000.0000000,  -14378.0000000,
      0.3603413,       0.8434835,       0.2391420,
  -6000.0000000,  -14476.5000000,
      0.3493940,       0.8310765,       0.2466024,
  -6000.0000000,  -14551.5000000,
      0.4048604,       0.8412940,       0.2540629,
  -6000.0000000,  -14704.0000000,
      0.4420814,       0.8478624,       0.2615233,
  -6000.0000000,  -14796.0000000,
      0.4347832,       0.8945710,       0.2637938,
  -6000.0000000,  -14942.0000000,
      0.4931689,       0.9084377,       0.2647669,
  -6000.0000000,  -15037.5000000,
      0.5026566,       0.9427393,       0.2624963,
  -6000.0000000,  -15183.0000000,
      0.5070355,       1.0033145,       0.2579552,
  -6000.0000000,  -15289.5000000,
      0.5333091,       0.9806900,       0.2501705,
  -6000.0000000,  -15447.5000000,
      0.5420670,       1.0091531,       0.2420613,
  -6000.0000000,  -15550.5000000,
      0.4756532,       0.9609848,       0.2384933,
  -6000.0000000,  -15715.0000000,
      0.4034008,       0.9427393,       0.2346009,
  -6000.0000000,  -15822.5000000,
      0.3274993,       0.9077078,       0.2320060,
  -6000.0000000,  -15992.5000000,
      0.2537873,       0.8639185,       0.2294111,
  -6000.0000000,  -16159.0000000,
      0.2530575,       0.8726764,       0.2287624,
  -6000.0000000,  -16280.5000000,
      0.2172962,       0.8785149,       0.2287624,
  -6000.0000000,  -16396.0000000,
      0.1932121,       0.8493221,       0.2281136,
  -6000.0000000,  -16578.5000000,
      0.1910226,       0.8405642,       0.2238969,
  -6000.0000000,  -16697.5000000,
      0.1954015,       0.8909219,       0.2242212,
  -6000.0000000,  -16886.0000000,
      0.1691279,       0.8763255,       0.2274649,
  -6000.0000000,  -17060.0000000,
      0.1625595,       0.8471326,       0.2268162,
  -6000.0000000,  -17168.5000000,
      0.1662086,       0.8967605,       0.2248700,
  -6000.0000000,  -17366.0000000,
      0.1530719,       0.9266832,       0.2238969,
  -6000.0000000,  -17530.5000000,
      0.1771560,       0.8923816,       0.2222750,
  -6000.0000000,  -17671.0000000,
      0.1698578,       0.9011394,       0.2200045,
  -6000.0000000,  -17878.0000000,
      0.1413947,       0.8880026,       0.2183827,
  -6000.0000000,  -18012.5000000,
      0.1749665,       0.8485922,       0.2148146,
  -6000.0000000,  -18225.0000000,
      0.1640192,       0.8230485,       0.2148146,
  -6000.0000000,  -18403.0000000,
      0.1793454,       0.8303467,       0.2144903,
  -6000.0000000,  -18543.5000000,
      0.1618297,       0.8223187,       0.2138415,
  -6000.0000000,  -18726.0000000,
      0.1756963,       0.7982345,       0.2099492,
  -6000.0000000,  -18930.0000000,
      0.1910226,       0.8617290,       0.2144903,
  -6000.0000000,  -19097.5000000,
      0.2231348,       0.8500519,       0.2141659,
  -6000.0000000,  -19329.0000000,
      0.1749665,       0.8573501,       0.2138415,
  -6000.0000000,  -19480.0000000,
      0.1501526,       0.8361853,       0.2131928,
  -6000.0000000,  -19717.5000000,
      0.2289733,       0.8361853,       0.2118954,
  -6000.0000000,  -19872.0000000,
      0.1961314,       0.8004240,       0.2099492,
  -6000.0000000,  -20116.0000000,
      0.1786156,       0.8164801,       0.2093004,
  -6000.0000000,  -20274.0000000,
      0.1705876,       0.7719609,       0.2067055,
  -6000.0000000,  -20479.0000000,
      0.1195000,       0.7887468,       0.1989207,
  -6000.0000000,  -20754.0000000,
      0.1859138,       0.8113713,       0.2034619,
  -6000.0000000,  -20871.5000000,
      0.1975910,       0.8303467,       0.2021644,
  -6000.0000000,  -21152.5000000,
      0.1997805,       0.7931258,       0.2005426,
  -6000.0000000,  -21297.0000000,
      0.2413803,       0.8150204,       0.2002182,
  -6000.0000000,  -21585.0000000,
      0.2355417,       0.7865574,       0.2002182,
  -6000.0000000,  -21732.0000000,
      0.2121874,       0.7741504,       0.2002182,
  -6000.0000000,  -22026.5000000,
      0.2151067,       0.7734206,       0.2005426,
  -6000.0000000,  -22203.5000000,
      0.1917524,       0.7748802,       0.1998938,
  -6000.0000000,  -22493.0000000,
      0.2026997,       0.7996942,       0.1992451,
  -6000.0000000,  -22710.5000000,
      0.1669385,       0.7675820,       0.1976233,
  -6000.0000000,  -22879.0000000,
      0.2114576,       0.7821784,       0.1966502,
  -6000.0000000,  -23178.0000000,
      0.1384754,       0.7383891,       0.1966502,
  -6000.0000000,  -23361.5000000,
      0.1289877,       0.7602838,       0.1972989,
  -6000.0000000,  -23647.0000000,
      0.1508824,       0.7289014,       0.1966502,
  -6000.0000000,  -23805.5000000,
      0.1786156,       0.7515259,       0.1960015,
  -6000.0000000,  -24118.5000000,
      0.1472333,       0.7135752,       0.1943796,
  -6000.0000000,  -24302.5000000,
      0.1559911,       0.7106559,       0.1969746,
  -6000.0000000,  -24576.0000000,
      0.1683981,       0.7062769,       0.1969746,
  -6000.0000000,  -24771.5000000,
      0.2406505,       0.6953296,       0.1989207,
  -6000.0000000,  -25046.0000000,
      0.2333523,       0.6938700,       0.1998938,
  -6000.0000000,  -25255.5000000,
      0.2311628,       0.6894910,       0.2018400,
  -6000.0000000,  -25528.0000000,
      0.2910082,       0.6997085,       0.2021644,
  -6000.0000000,  -25712.0000000,
      0.2676539,       0.7325505,       0.2044350,
  -6000.0000000,  -25998.5000000,
      0.2552469,       0.7223330,       0.2047593,
  -6000.0000000,  -26156.0000000,
      0.2661943,       0.7216032,       0.2041106,
  -6000.0000000,  -26468.0000000,
      0.2289733,       0.7026278,       0.2086517,
  -6000.0000000,  -26626.0000000,
      0.2121874,       0.7026278,       0.2115710,
  -6000.0000000,  -26887.5000000,
      0.1910226,       0.7113857,       0.2151390,
  -6000.0000000,  -27160.0000000,
      0.1932121,       0.6975191,       0.2170852,
  -6000.0000000,  -27345.0000000,
      0.1049036,       0.7048173,       0.2216263,
  -6000.0000000,  -27644.5000000,
      0.0406793,       0.6924103,       0.2235725,
  -6000.0000000,  -27879.5000000,
      0.0246232,       0.7026278,       0.2251943,
  -6000.0000000,  -28050.5000000,
     -0.0052995,       0.6960594,       0.2258431,
  -6000.0000000,  -28272.0000000,
      0.0377600,       0.7143050,       0.2261674,
  -6000.0000000,  -28585.0000000,
      0.0165951,       0.7194137,       0.2268162,
  -6000.0000000,  -28756.0000000,
      0.0370301,       0.7084664,       0.2268162,
  -6000.0000000,  -29055.0000000,
     -0.0140574,       0.7106559,       0.2271405,
  -6000.0000000,  -29251.5000000,
      0.0253530,       0.7084664,       0.2274649,
  -6000.0000000,  -29524.0000000,
      0.0114864,       0.7121155,       0.2268162,
  -6000.0000000,  -29681.5000000,
      0.0428687,       0.6953296,       0.2268162,
  -6000.0000000,  -29994.5000000,
      0.0158653,       0.6967893,       0.2268162,
  -6000.0000000,  -30152.0000000,
      0.0114864,       0.7026278,       0.2261674,
  -6000.0000000,  -30478.0000000,
      0.0180548,       0.6829226,       0.2258431,
  -6000.0000000,  -30700.0000000,
      0.0457880,       0.7113857,       0.2255187,
  -6000.0000000,  -30871.0000000,
     -0.0125977,       0.7128453,       0.2248700,
  -6000.0000000,  -31170.0000000,
      0.0100267,       0.6938700,       0.2238969,
  -6000.0000000,  -31341.0000000,
      0.0202442,       0.7084664,       0.2229238,
  -6000.0000000,  -31589.0000000,
     -0.0206258,       0.6581087,       0.2216263,
  -6000.0000000,  -31875.5000000,
     -0.0191661,       0.6785437,       0.2203289,
  -6000.0000000,  -32046.5000000,
      0.0282723,       0.6821928,       0.2196801,
  -6000.0000000,  -32359.0000000,
      0.0078373,       0.6690560,       0.2180583,
  -6000.0000000,  -32503.5000000,
     -0.0052995,       0.7026278,       0.2164365,
  -6000.0000000,  -32829.0000000,
     -0.0031101,       0.6865718,       0.2135172,
  -6000.0000000,  -32987.0000000,
     -0.0118679,       0.6938700,       0.2115710,
  -6000.0000000,  -33208.5000000,
      0.0333810,       0.7135752,       0.2086517,
  -6000.0000000,  -33495.0000000,
      0.0049180,       0.7004384,       0.2073542,
  -6000.0000000,  -33755.5000000,
     -0.0286538,       0.6865718,       0.2057324,
  -6000.0000000,  -33939.5000000,
     -0.0162469,       0.6719753,       0.2041106,
  -6000.0000000,  -34226.0000000,
     -0.0242749,       0.6529999,       0.2044350,
  -6000.0000000,  -34397.0000000,
     -0.0622256,       0.6924103,       0.2037862,
  -6000.0000000,  -34683.5000000,
     -0.0279240,       0.6281860,       0.2031375,
  -6000.0000000,  -34867.0000000,
     -0.0855799,       0.6916805,       0.2031375,
  -6000.0000000,  -35139.5000000,
     -0.0994466,       0.6238071,       0.2031375,
  -6000.0000000,  -35401.5000000,
     -0.0717133,       0.6916805,       0.2031375,
  -6000.0000000,  -35624.0000000,
     -0.0833905,       0.7354698,       0.2008669,
  -6000.0000000,  -35808.0000000,
     -0.1498043,       0.7062769,       0.1995695,
  -6000.0000000,  -36029.0000000,
     -0.0593064,       0.6785437,       0.1992451,
  -6000.0000000,  -36264.5000000,
     -0.1636709,       0.6705157,       0.1985964,
  -6000.0000000,  -36551.5000000,
     -0.1096641,       0.6902209,       0.1982720,
  -6000.0000000,  -36786.5000000,
     -0.0914185,       0.6792735,       0.1995695,
  -6000.0000000,  -37061.0000000,
     -0.1994322,       0.6041019,       0.2002182,
  -6000.0000000,  -37219.0000000,
     -0.1753481,       0.6121299,       0.2047593,
  -6000.0000000,  -37491.5000000,
     -0.2293549,       0.6186983,       0.2086517,
  -6000.0000000,  -37701.0000000,
     -0.2045409,       0.5938844,       0.2131928,
  -6000.0000000,  -37987.5000000,
     -0.1658604,       0.5566634,       0.2164365,
  -6000.0000000,  -38184.5000000,
     -0.1935936,       0.5997229,       0.2193558,
  -6000.0000000,  -38458.0000000,
     -0.2278952,       0.6157790,       0.2216263,
  -6000.0000000,  -38667.5000000,
     -0.1994322,       0.6595683,       0.2232481,
  -6000.0000000,  -38901.5000000,
     -0.1987024,       0.6493508,       0.2242212,
  -6000.0000000,  -39136.5000000,
     -0.2067304,       0.6500807,       0.2255187,
  -6000.0000000,  -39371.5000000,
     -0.1731586,       0.6216176,       0.2258431,
  -6000.0000000,  -39569.5000000,
     -0.2410320,       0.6274562,       0.2258431,
  -6000.0000000,  -39842.0000000,
     -0.1855656,       0.6135896,       0.2261674,
  -6000.0000000,  -40077.0000000,
     -0.1775375,       0.6041019,       0.2264918,
  -6000.0000000,  -40275.0000000,
     -0.2322742,       0.6238071,       0.2258431,
  -6000.0000000,  -40547.5000000,
     -0.1972427,       0.6332947,       0.2258431,
  -6000.0000000,  -40782.5000000,
     -0.1651306,       0.6070212,       0.2245456,
  -6000.0000000,  -40966.5000000,
     -0.2191374,       0.5902352,       0.2232481,
  -6000.0000000,  -41252.5000000,
     -0.2038111,       0.6026422,       0.2238969,
  -6000.0000000,  -41488.0000000,
     -0.2359233,       0.5887756,       0.2232481,
  -6000.0000000,  -41735.5000000,
     -0.2388426,       0.5938844,       0.2219507,
  -6000.0000000,  -41919.5000000,
     -0.1680498,       0.5770984,       0.2219507,
  -6000.0000000,  -42219.0000000,
     -0.1979725,       0.5413372,       0.2216263,
  -6000.0000000,  -42390.0000000,
     -0.2235163,       0.5063057,       0.2206532,
  -6000.0000000,  -42625.0000000,
     -0.1921340,       0.5311197,       0.2203289,
  -6000.0000000,  -42911.0000000,
     -0.2417619,       0.5500950,       0.2187070,
  -6000.0000000,  -43132.5000000,
     -0.2169479,       0.5201723,       0.2180583,
  -6000.0000000,  -43316.5000000,
     -0.2081900,       0.5260109,       0.2157877,
  -6000.0000000,  -43642.5000000,
     -0.2432215,       0.5362284,       0.2154634,
  -6000.0000000,  -43787.0000000,
     -0.1877550,       0.5230916,       0.2164365,
  -6000.0000000,  -44113.0000000,
     -0.2563583,       0.5179829,       0.2141659,
  -6000.0000000,  -44271.0000000,
     -0.2811723,       0.5223618,       0.2144903,
  -6000.0000000,  -44543.5000000,
     -0.2680355,       0.5128741,       0.2148146,
  -6000.0000000,  -44741.0000000,
     -0.2738740,       0.4982777,       0.2138415,
  -6000.0000000,  -45013.5000000,
     -0.2811723,       0.4982777,       0.2141659,
  -6000.0000000,  -45301.0000000,
     -0.2855512,       0.4559480,       0.2135172,
  -6000.0000000,  -45496.5000000,
     -0.3490457,       0.4471901,       0.2131928,
  -6000.0000000,  -45667.0000000,
     -0.3563439,       0.5055759,       0.2131928,
  -6000.0000000,  -45953.0000000,
     -0.3052564,       0.5201723,       0.2128685,
  -6000.0000000,  -46188.5000000,
     -0.3300703,       0.4909794,       0.2131928,
  -6000.0000000,  -46386.5000000,
     -0.3782386,       0.5092250,       0.2144903,
  -6000.0000000,  -46658.5000000,
     -0.3526948,       0.5274706,       0.2144903,
  -6000.0000000,  -46856.0000000,
     -0.4059718,       0.5048461,       0.2144903,
  -6000.0000000,  -47129.0000000,
     -0.3942947,       0.4938987,       0.2148146,
  -6000.0000000,  -47339.5000000,
     -0.3789684,       0.5143338,       0.2154634,
  -6000.0000000,  -47599.0000000,
     -0.4264068,       0.4712743,       0.2164365,
  -6000.0000000,  -47783.0000000,
     -0.3994034,       0.4960882,       0.2170852,
  -6000.0000000,  -48083.5000000,
     -0.3753193,       0.5194425,       0.2167608,
  -6000.0000000,  -48318.5000000,
     -0.4081613,       0.5333091,       0.2174096,
  -6000.0000000,  -48488.5000000,
     -0.4103507,       0.5194425,       0.2183827,
  -6000.0000000,  -48762.0000000,
     -0.3942947,       0.5267407,       0.2187070,
  -6000.0000000,  -48972.5000000,
     -0.4023227,       0.4946286,       0.2196801,
  -6000.0000000,  -49259.0000000,
     -0.3994034,       0.5296600,       0.2206532,
  -6000.0000000,  -49493.0000000,
     -0.4504910,       0.5099548,       0.2209776,
  -6000.0000000,  -49728.0000000,
     -0.4417331,       0.5464459,       0.2222750,
  -6000.0000000,  -49898.0000000,
     -0.3869964,       0.5406073,       0.2225994,
  -6000.0000000,  -50198.5000000,
     -0.4599786,       0.5150636,       0.2232481,
  -6000.0000000,  -50395.0000000,
     -0.4358945,       0.5515547,       0.2229238,
  -6000.0000000,  -50668.5000000,
     -0.4468418,       0.5500950,       0.2235725,
  -6000.0000000,  -50852.5000000,
     -0.4483015,       0.5033864,       0.2238969,
  -6000.0000000,  -51112.5000000,
     -0.4395436,       0.5362284,       0.2229238,
  -6000.0000000,  -51323.0000000,
     -0.4139999,       0.5486354,       0.2235725,
  -6000.0000000,  -51609.0000000,
     -0.4264068,       0.5493652,       0.2238969,
  -6000.0000000,  -51793.0000000,
     -0.4431927,       0.5559336,       0.2238969,
  -6000.0000000,  -52028.0000000,
     -0.4439226,       0.5617722,       0.2235725,
  -6000.0000000,  -52314.5000000,
     -0.4497611,       0.5880458,       0.2229238,
  -6000.0000000,  -52498.5000000,
     -0.4373542,       0.5683406,       0.2229238,
  -6000.0000000,  -52784.5000000,
     -0.4220279,       0.5384179,       0.2225994,
  -6000.0000000,  -52955.0000000,
     -0.4154595,       0.5559336,       0.2209776,
  -6000.0000000,  -53204.0000000,
     -0.4118104,       0.5508249,       0.2213020,
  -6000.0000000,  -53425.0000000,
     -0.4760347,       0.5953440,       0.2206532,
  -6000.0000000,  -53659.0000000,
     -0.4358945,       0.5756388,       0.2196801,
  -6000.0000000,  -53908.0000000,
     -0.4804137,       0.6033720,       0.2193558,
  -6000.0000000,  -54143.5000000,
     -0.4672769,       0.5741792,       0.2187070,
  -6000.0000000,  -54429.5000000,
     -0.4723856,       0.5770984,       0.2177339,
  -6000.0000000,  -54613.5000000,
     -0.4643576,       0.5960738,       0.2161121,
  -6000.0000000,  -54899.5000000,
     -0.4833329,       0.5800177,       0.2161121,
  -6000.0000000,  -55083.5000000,
     -0.4212981,       0.5938844,       0.2154634,
  -6000.0000000,  -55370.0000000,
     -0.4745751,       0.5654213,       0.2138415,
  -6000.0000000,  -55540.0000000,
     -0.4461120,       0.5909651,       0.2135172,
  -6000.0000000,  -55775.0000000,
     -0.4249472,       0.6157790,       0.2122197,
  -6000.0000000,  -56024.5000000,
     -0.4526804,       0.6194281,       0.2115710,
  -6000.0000000,  -56311.0000000,
     -0.4417331,       0.6041019,       0.2112466,
  -6000.0000000,  -56495.5000000,
     -0.4723856,       0.6157790,       0.2118954,
  -6000.0000000,  -56781.5000000,
     -0.4694663,       0.5931545,       0.2099492,
  -6000.0000000,  -56938.5000000,
     -0.4701962,       0.6114001,       0.2102735,
  -6000.0000000,  -57252.0000000,
     -0.4753049,       0.6362140,       0.2093004,
  -6000.0000000,  -57435.0000000,
     -0.4899013,       0.6135896,       0.2086517,
  -6000.0000000,  -57721.5000000,
     -0.4745751,       0.5902352,       0.2083273,
  -6000.0000000,  -57905.5000000,
     -0.4862522,       0.6442421,       0.2080030,
  -6000.0000000,  -58192.0000000,
     -0.5263924,       0.6208878,       0.2076786,
  -6000.0000000,  -58349.0000000,
     -0.5161749,       0.6172387,       0.2070299,
  -6000.0000000,  -58611.0000000,
     -0.5096065,       0.6486210,       0.2067055,
  -6000.0000000,  -58897.0000000,
     -0.5037680,       0.6267263,       0.2073542,
  -6000.0000000,  -59081.5000000,
     -0.5015785,       0.6259965,       0.2073542,
  -6000.0000000,  -59368.0000000,
     -0.5117960,       0.6478912,       0.2076786,
  -6000.0000000,  -59525.0000000,
     -0.5497468,       0.6077510,       0.2070299,
  -6000.0000000,  -59838.0000000,
     -0.5198241,       0.6778139,       0.2076786,
  -6000.0000000,  -60022.0000000,
     -0.5417187,       0.6449719,       0.2073542,
  -6000.0000000,  -60296.5000000,
     -0.5957255,       0.6544596,       0.2076786,
  -6000.0000000,  -60466.5000000,
     -0.5570450,       0.6376737,       0.2086517,
  -6000.0000000,  -60779.5000000,
     -0.5687221,       0.6216176,       0.2086517,
  -6000.0000000,  -60936.5000000,
     -0.5825887,       0.6522701,       0.2086517,
  -6000.0000000,  -61249.5000000,
     -0.5628835,       0.6697858,       0.2089761,
  -6000.0000000,  -61407.0000000,
     -0.5906168,       0.6413228,       0.2089761,
  -6000.0000000,  -61719.5000000,
     -0.5760203,       0.6661367,       0.2096248,
  -6000.0000000,  -61876.5000000,
     -0.5709116,       0.6581087,       0.2099492,
  -6000.0000000,  -62177.0000000,
     -0.6037536,       0.6194281,       0.2096248,
  -6000.0000000,  -62398.5000000,
     -0.5694519,       0.6493508,       0.2093004,
  -6000.0000000,  -62582.0000000,
     -0.6132413,       0.6435123,       0.2096248,
  -6000.0000000,  -62868.5000000,
     -0.6190798,       0.6449719,       0.2102735,
  -6000.0000000,  -63052.0000000,
     -0.6030238,       0.6500807,       0.2105979,
  -6000.0000000,  -63365.0000000,
     -0.5628835,       0.6391333,       0.2109223,
  -6000.0000000,  -63549.0000000,
     -0.6205395,       0.6675964,       0.2112466,
  -6000.0000000,  -63835.5000000,
     -0.5752905,       0.6486210,       0.2112466,
  -6000.0000000,  -63993.0000000,
     -0.5949957,       0.6602982,       0.2115710,
  -6000.0000000,  -64306.0000000,
     -0.6052132,       0.6559192,       0.2115710,
  -6000.0000000,  -64463.5000000,
     -0.5993746,       0.6354842,       0.2125441,
  -6000.0000000,  -64776.0000000,
     -0.6139711,       0.6522701,       0.2125441,
  -6000.0000000,  -64933.5000000,
     -0.6066729,       0.6617578,       0.2138415,
  -6000.0000000,  -65246.5000000,
     -0.5898870,       0.6683262,       0.2144903,
  -6000.0000000,  -65429.0000000,
     -0.6592201,       0.6821928,       0.2135172,
  -6000.0000000,  -65715.5000000,
     -0.6314868,       0.6778139,       0.2141659,
  -6000.0000000,  -65873.0000000,
     -0.6336763,       0.6894910,       0.2102735,
  -6000.0000000,  -66186.0000000,
     -0.6511920,       0.6967893,       0.2138415,
  -6000.0000000,  -66343.5000000,
     -0.6095922,       0.6537298,       0.2141659,
  -6000.0000000,  -66656.0000000,
     -0.5935361,       0.6792735,       0.2148146,
  -6000.0000000,  -66840.0000000,
     -0.6643288,       0.6763542,       0.2144903,
  -6000.0000000,  -67126.5000000,
     -0.6373254,       0.6683262,       0.2148146,
  -6000.0000000,  -67283.5000000,
     -0.6285675,       0.7040875,       0.2141659,
  -6000.0000000,  -67596.5000000,
     -0.6760060,       0.7018980,       0.2144903,
  -6000.0000000,  -67754.0000000,
     -0.6198097,       0.6843823,       0.2148146,
  -6000.0000000,  -68067.0000000,
     -0.6460833,       0.7281716,       0.2144903,
  -6000.0000000,  -68238.0000000,
     -0.6635990,       0.6953296,       0.2148146,
  -6000.0000000,  -68473.5000000,
     -0.6497324,       0.7216032,       0.2151390,
  -6000.0000000,  -68772.5000000,
     -0.6373254,       0.7361997,       0.2144903,
  -6000.0000000,  -68943.0000000,
     -0.6614095,       0.6953296,       0.2148146,
  -6000.0000000,  -69191.0000000,
     -0.6424341,       0.7449575,       0.2154634,
  -6000.0000000,  -69476.5000000,
     -0.6570306,       0.6975191,       0.2148146,
  -6000.0000000,  -69647.5000000,
     -0.6672481,       0.7223330,       0.2105979,
  -6000.0000000,  -69920.5000000,
     -0.6351359,       0.7515259,       0.2161121,
  -6000.0000000,  -70182.0000000,
     -0.6621393,       0.7405786,       0.2157877,
  -6000.0000000,  -70353.5000000,
     -0.6701674,       0.7208734,       0.2161121,
  -6000.0000000,  -70601.0000000,
     -0.6139711,       0.7493364,       0.2164365,
  -6000.0000000,  -70887.5000000,
     -0.6884129,       0.7172243,       0.2154634,
  -6000.0000000,  -71058.5000000,
     -0.6519218,       0.7632031,       0.2164365,
  -6000.0000000,  -71357.5000000,
     -0.6336763,       0.7420382,       0.2161121,
  -6000.0000000,  -71502.0000000,
     -0.6847638,       0.7442277,       0.2154634,
  -6000.0000000,  -71764.0000000,
     -0.6446236,       0.7420382,       0.2151390,
  -6000.0000000,  -71985.5000000,
     -0.6387850,       0.7836381,       0.2151390,
  -6000.0000000,  -72272.0000000,
     -0.6438938,       0.7507961,       0.2141659,
  -6000.0000000,  -72495.0000000,
     -0.6657885,       0.7179541,       0.2148146,
  -6000.0000000,  -72768.5000000,
     -0.6563008,       0.7223330,       0.2151390,
  -6000.0000000,  -72939.5000000,
     -0.6672481,       0.7325505,       0.2144903,
  -6000.0000000,  -73238.5000000,
     -0.6628692,       0.7128453,       0.2161121,
  -6000.0000000,  -73396.0000000,
     -0.6898726,       0.6989787,       0.2154634,
  -6000.0000000,  -73707.0000000,
     -0.6760060,       0.7194137,       0.2125441,
  -6000.0000000,  -73892.0000000,
     -0.6482727,       0.6829226,       0.2154634,
  -6000.0000000,  -74191.0000000,
     -0.6760060,       0.6967893,       0.2141659,
  -6000.0000000,  -74348.5000000,
     -0.6628692,       0.7267120,       0.2141659,
  -6000.0000000,  -74661.5000000,
     -0.6796551,       0.7201436,       0.2141659,
  -6000.0000000,  -74805.5000000,
     -0.7176058,       0.7143050,       0.2125441,
  -6000.0000000,  -75117.5000000,
     -0.7176058,       0.6829226,       0.2115710,
  -6000.0000000,  -75276.0000000,
     -0.6847638,       0.6989787,       0.2122197,
  -6000.0000000,  -75576.0000000,
     -0.7300128,       0.6785437,       0.2105979,
  -6000.0000000,  -75811.5000000,
     -0.6672481,       0.6807332,       0.2109223,
  -6000.0000000,  -76046.5000000,
     -0.6701674,       0.7055471,       0.2083273,
  -6000.0000000,  -76217.0000000,
     -0.6322166,       0.7186839,       0.2067055,
  -6000.0000000,  -76452.0000000,
     -0.6490025,       0.7150348,       0.2037862,
  -6000.0000000,  -76752.0000000,
     -0.7227146,       0.7011682,       0.1998938,
  -6000.0000000,  -76922.0000000,
     -0.7292830,       0.7135752,       0.1989207,
  -6000.0000000,  -77222.0000000,
     -0.6964410,       0.6836525,       0.1976233,
  -6000.0000000,  -77443.5000000,
     -0.6971708,       0.6800034,       0.1950284,
  -6000.0000000,  -77677.5000000,
     -0.6803849,       0.6807332,       0.1921091,
  -6000.0000000,  -77888.0000000,
     -0.6614095,       0.6705157,       0.1911360,
  -6000.0000000,  -78148.0000000,
     -0.6570306,       0.6727051,       0.1895141,
  -6000.0000000,  -78383.0000000,
     -0.6927919,       0.6843823,       0.1872436,
  -6000.0000000,  -78593.5000000,
     -0.6241886,       0.6916805,       0.1875680,
  -6000.0000000,  -78802.0000000,
     -0.6796551,       0.7157646,       0.1872436,
  -6000.0000000,  -79088.5000000,
     -0.6738165,       0.6982489,       0.1865949,
  -6000.0000000,  -79272.0000000,
     -0.6263781,       0.7259821,       0.1852974,
  -6000.0000000,  -79507.5000000,
     -0.6723569,       0.6982489,       0.1836756,
  -6000.0000000,  -79794.0000000,
     -0.6635990,       0.7383891,       0.1836756,
  -6000.0000000,  -80043.0000000,
     -0.6358658,       0.6975191,       0.1839999,
  -6000.0000000,  -80278.0000000,
     -0.6183500,       0.6697858,       0.1862705,
  -6000.0000000,  -80474.5000000,
     -0.6949813,       0.6734350,       0.1917847,
  -6000.0000000,  -80734.5000000,
     -0.7154163,       0.6719753,       0.1985964,
  -6000.0000000,  -80944.5000000,
     -0.7336619,       0.6435123,       0.2028131,
  -6000.0000000,  -81204.5000000,
     -0.7022796,       0.7128453,       0.2080030,
  -6000.0000000,  -81439.5000000,
     -0.7343917,       0.7259821,       0.2102735,
  -6000.0000000,  -81649.0000000,
     -0.7095778,       0.7230629,       0.2105979,
  -6000.0000000,  -81857.5000000,
     -0.6964410,       0.7741504,       0.2122197,
  -6000.0000000,  -82144.0000000,
     -0.7482583,       0.7566347,       0.2109223,
  -6000.0000000,  -82379.5000000,
     -0.7453391,       0.7967749,       0.2105979,
  -6000.0000000,  -82577.0000000,
     -0.7380408,       0.7413084,       0.2118954,
  -6000.0000000,  -82888.5000000,
     -0.7351215,       0.7697715,       0.2105979,
  -6000.0000000,  -83047.0000000,
     -0.7489882,       0.7602838,       0.2102735,
  -6000.0000000,  -83333.5000000,
     -0.7051988,       0.7507961,       0.2115710,
  -6000.0000000,  -83517.0000000,
     -0.7665039,       0.7413084,       0.2099492,
  -6000.0000000,  -83790.0000000,
     -0.7686934,       0.7931258,       0.2105979,
  -6000.0000000,  -84039.0000000,
     -0.7044690,       0.8128310,       0.2109223,
  -6000.0000000,  -84223.0000000,
     -0.7686934,       0.7843679,       0.2099492,
  -6000.0000000,  -84535.0000000,
     -0.7533671,       0.7989643,       0.2105979,
  -6000.0000000,  -84693.0000000,
     -0.7176058,       0.8069924,       0.2099492,
  -6000.0000000,  -85005.0000000,
     -0.7657741,       0.7916661,       0.2086517,
  -6000.0000000,  -85163.0000000,
     -0.7358514,       0.7923959,       0.2099492,
  -6000.0000000,  -85436.0000000,
     -0.7650442,       0.8026135,       0.2099492,
  -6000.0000000,  -85658.0000000,
     -0.7738021,       0.7821784,       0.2086517,
  -6000.0000000,  -85905.0000000,
     -0.7343917,       0.8135608,       0.2099492,
  -6000.0000000,  -86140.5000000,
     -0.7555566,       0.8150204,       0.2083273,
  -6000.0000000,  -86338.0000000,
     -0.7949669,       0.8223187,       0.2086517,
  -6000.0000000,  -86650.0000000,
     -0.7176058,       0.8172099,       0.2096248,
  -6000.0000000,  -86808.0000000,
     -0.7409601,       0.8186695,       0.2089761,
  -6000.0000000,  -87120.0000000,
     -0.7774512,       0.8259678,       0.2086517,
  -6000.0000000,  -87278.0000000,
     -0.7139567,       0.8179397,       0.2093004,
  -6000.0000000,  -87551.0000000,
     -0.7599355,       0.8464028,       0.2070299,
  -6000.0000000,  -87735.0000000,
     -0.7431496,       0.8566203,       0.2060568,
  -6000.0000000,  -88035.0000000,
     -0.7205251,       0.8646483,       0.2073542,
  -6000.0000000,  -88244.5000000,
     -0.7570162,       0.8347256,       0.2054080,
  -6000.0000000,  -88491.5000000,
     -0.7314724,       0.8442133,       0.2054080,
  -6000.0000000,  -88689.0000000,
     -0.7613951,       0.8682974,       0.2060568,
  -6000.0000000,  -88924.0000000,
     -0.7533671,       0.8464028,       0.2047593,
  -6000.0000000,  -89210.5000000,
     -0.7234444,       0.8770553,       0.2047593,
  -6000.0000000,  -89393.5000000,
     -0.7314724,       0.8974903,       0.2041106,
  -6000.0000000,  -89666.0000000,
     -0.7854793,       0.9303323,       0.2008669,
  -6000.0000000,  -89915.0000000,
     -0.7139567,       0.9354411,       0.1989207,
  -6000.0000000,  -90099.0000000,
     -0.7708828,       0.9106271,       0.1976233,
  -6000.0000000,  -90320.5000000,
     -0.7453391,       0.9077078,       0.1972989,
  -6000.0000000,  -90607.0000000,
     -0.7081181,       0.8799746,       0.1989207,
  -6000.0000000,  -90881.0000000,
     -0.7781810,       0.8894623,       0.1979476,
  -6000.0000000,  -91090.5000000,
     -0.7365812,       0.8909219,       0.2005426,
  -6000.0000000,  -91274.5000000,
     -0.7124971,       0.9120868,       0.2018400,
  -6000.0000000,  -91561.0000000,
     -0.7103076,       0.9077078,       0.2015157,
  -6000.0000000,  -91744.5000000,
     -0.7467987,       0.9062482,       0.2018400,
  -6000.0000000,  -92057.0000000,
     -0.7154163,       0.9077078,       0.2018400,
  -6000.0000000,  -92215.0000000,
     -0.7504478,       0.9390902,       0.2005426,
  -6000.0000000,  -92527.0000000,
     -0.7343917,       0.9339814,       0.2021644,
  -6000.0000000,  -92685.5000000,
     -0.7241742,       0.9018693,       0.2011913,
  -6000.0000000,  -92997.5000000,
     -0.7555566,       0.9164657,       0.1998938,
  -6000.0000000,  -93155.5000000,
     -0.7416899,       0.9033289,       0.2005426,
  -6000.0000000,  -93466.5000000,
     -0.7446092,       0.8938412,       0.2005426,
  -6000.0000000,  -93624.5000000,
     -0.7504478,       0.9179253,       0.1995695,
  -6000.0000000,  -93937.0000000,
     -0.7380408,       0.9004096,       0.2002182,
  -6000.0000000,  -94095.0000000,
     -0.7497180,       0.8858132,       0.1992451,
  -6000.0000000,  -94407.5000000,
     -0.7504478,       0.8456730,       0.1989207,
  -6000.0000000,  -94565.5000000,
     -0.7577460,       0.8296169,       0.1995695,
  -6000.0000000,  -94877.5000000,
     -0.7409601,       0.7872872,       0.1985964,
  -6000.0000000,  -95035.5000000,
     -0.7635846,       0.8004240,       0.1982720,
  -6000.0000000,  -95322.0000000,
     -0.7183356,       0.7632031,       0.1960015,
  -6000.0000000,  -95506.0000000,
     -0.7453391,       0.7383891,       0.1976233,
  -6000.0000000,  -95792.5000000,
     -0.7424198,       0.7405786,       0.1976233,
  -6000.0000000,  -95976.0000000,
     -0.7424198,       0.6945998,       0.1985964,
  -6000.0000000,  -96211.5000000,
     -0.7599355,       0.6595683,       0.1966502,
  -6000.0000000,  -96498.0000000,
     -0.7285531,       0.6807332,       0.1982720,
  -6000.0000000,  -96681.5000000,
     -0.7592057,       0.6281860,       0.1979476,
  -6000.0000000,  -96916.5000000,
     -0.8029950,       0.6347544,       0.1956771,
  -6000.0000000,  -97203.0000000,
     -0.7562864,       0.6398631,       0.1969746,
  -6000.0000000,  -97411.5000000,
     -0.7606653,       0.6332947,       0.1966502,
  -6000.0000000,  -97672.0000000,
     -0.8248897,       0.6238071,       0.1950284,
  -6000.0000000,  -97855.0000000,
     -0.7672337,       0.6369439,       0.1956771,
  -6000.0000000,  -98142.5000000,
     -0.7978862,       0.6201579,       0.1950284,
  -6000.0000000,  -98326.5000000,
     -0.7913178,       0.6318351,       0.1943796,
  -6000.0000000,  -98613.0000000,
     -0.7935073,       0.5997229,       0.1950284,
  -6000.0000000,  -98796.5000000,
     -0.7424198,       0.5617722,       0.1950284,
  -6000.0000000,  -99108.5000000,
     -0.7657741,       0.6062913,       0.1940553,
  -6000.0000000,  -99267.0000000,
     -0.7716126,       0.5989931,       0.1956771,
  -6000.0000000,  -99579.0000000,
     -0.7672337,       0.5946142,       0.1934065,
  -6000.0000000,  -99762.5000000,
     -0.7482583,       0.5982633,       0.1934065,
  -6000.0000000, -100049.5000000,
     -0.7672337,       0.5982633,       0.1943796,
  -6000.0000000, -100207.5000000,
     -0.7840196,       0.6106703,       0.1930822,
  -6000.0000000, -100493.0000000,
     -0.7314724,       0.5566634,       0.1934065,
  -6000.0000000, -100678.0000000,
     -0.7796407,       0.5887756,       0.1934065,
  -6000.0000000, -100964.0000000,
     -0.7650442,       0.6004528,       0.1911360,
  -6000.0000000, -101148.0000000,
     -0.7460689,       0.6281860,       0.1934065,
  -6000.0000000, -101433.0000000,
     -0.7672337,       0.6471614,       0.1930822,
  -6000.0000000, -101655.5000000,
     -0.8190511,       0.6537298,       0.1924334,
  -6000.0000000, -101903.5000000,
     -0.7781810,       0.6186983,       0.1924334,
  -6000.0000000, -102087.5000000,
     -0.7489882,       0.6573789,       0.1930822,
  -6000.0000000, -102374.0000000,
     -0.8110230,       0.6668666,       0.1914603,
  -6000.0000000, -102558.0000000,
     -0.7475285,       0.6902209,       0.1917847,
  -6000.0000000, -102857.0000000,
     -0.7825600,       0.6997085,       0.1917847,
  -6000.0000000, -103079.0000000,
     -0.7723425,       0.7216032,       0.1914603,
  -6000.0000000, -103263.0000000,
     -0.8015353,       0.7040875,       0.1921091,
  -6000.0000000, -103549.5000000,
     -0.8029950,       0.6997085,       0.1904872,
  -6000.0000000, -103733.5000000,
     -0.8227002,       0.7062769,       0.1911360,
  -6000.0000000, -104020.0000000,
     -0.8037248,       0.7237927,       0.1924334,
  -6000.0000000, -104203.5000000,
     -0.7927775,       0.7413084,       0.1917847,
  -6000.0000000, -104463.5000000,
     -0.7883986,       0.7281716,       0.1911360,
  -6000.0000000, -104674.0000000,
     -0.8241598,       0.7405786,       0.1911360,
  -6000.0000000, -104960.0000000,
     -0.7665039,       0.7559048,       0.1914603,
  -6000.0000000, -105144.0000000,
     -0.7752618,       0.7588241,       0.1895141,
  -6000.0000000, -105429.5000000,
     -0.7759916,       0.7595540,       0.1891898,
  -6000.0000000, -105613.0000000,
     -0.8139423,       0.7639329,       0.1891898,
  -6000.0000000, -105899.5000000,
     -0.7964266,       0.7354698,       0.1878923,
  -6000.0000000, -106083.5000000,
     -0.7818302,       0.7522557,       0.1908116,
  -6000.0000000, -106370.0000000,
     -0.8168616,       0.7507961,       0.1901629,
  -6000.0000000, -106554.0000000,
     -0.8132125,       0.7807188,       0.1921091,
  -6000.0000000, -106789.0000000,
     -0.7978862,       0.7734206,       0.1927578,
  -6000.0000000, -107075.0000000,
     -0.8175914,       0.7916661,       0.1921091,
  -6000.0000000, -107256.5000000,
     -0.8533527,       0.7792592,       0.1930822,
  -6000.0000000, -107538.0000000,
     -0.8299984,       0.7923959,       0.1927578,
  -6000.0000000, -107690.5000000,
     -0.8343773,       0.7996942,       0.1930822,
  -6000.0000000, -107991.0000000,
     -0.8424054,       0.8215888,       0.1934065,
  -6000.0000000, -108140.5000000,
     -0.8387563,       0.8245081,       0.1917847,
  -6000.0000000, -108458.5000000,
     -0.8438650,       0.8376449,       0.1943796,
  -6000.0000000, -108605.0000000,
     -0.8394861,       0.8412940,       0.1950284,
  -6000.0000000, -108784.5000000,
     -0.7876687,       0.8573501,       0.1947040,
  -6000.0000000, -109034.0000000,
     -0.8526229,       0.8318063,       0.1943796,
  -6000.0000000, -109289.5000000,
     -0.8431352,       0.8631887,       0.1953527,
  -6000.0000000, -109451.5000000,
     -0.8205107,       0.8646483,       0.1953527,
  -6000.0000000, -109714.0000000,
     -0.8212405,       0.8631887,       0.1950284,
  -6000.0000000, -109861.5000000,
     -0.8336475,       0.8734062,       0.1960015,
  -6000.0000000, -110084.0000000,
     -0.8314580,       0.9062482,       0.1956771,
  -6000.0000000, -110314.0000000,
     -0.8664895,       0.9113569,       0.1956771,
  -6000.0000000, -110455.0000000,
     -0.8402159,       0.8609992,       0.1966502,
  -6000.0000000, -110648.0000000,
     -0.8292686,       0.8741360,       0.1950284,
  -6000.0000000, -110859.5000000,
     -0.8540825,       0.8916517,       0.1956771,
  -6000.0000000, -111078.0000000,
     -0.8767070,       0.9193850,       0.1960015,
  -6000.0000000, -111212.0000000,
     -0.8577316,       0.8996798,       0.1956771,
  -6000.0000000, -111424.5000000,
     -0.8372966,       0.9223043,       0.1956771,
  -6000.0000000, -111586.0000000,
     -0.8854649,       0.9463884,       0.1963258,
  -6000.0000000, -111753.5000000,
     -0.8810859,       0.9339814,       0.1950284,
  -6000.0000000, -111929.0000000,
     -0.8628404,       0.9587954,       0.1950284,
  -6000.0000000, -112102.5000000,
     -0.8664895,       0.9522270,       0.1956771,
  -6000.0000000, -112320.0000000,
     -0.9029806,       0.9668234,       0.1947040,
  -6000.0000000, -112441.0000000,
     -0.8460545,       0.9303323,       0.1947040,
  -6000.0000000, -112606.0000000,
     -0.8628404,       0.9098973,       0.1960015,
  -6000.0000000, -112769.0000000,
     -0.8810859,       0.9062482,       0.1950284,
  -6000.0000000, -112930.0000000,
     -0.8270791,       0.9179253,       0.1963258,
  -6000.0000000, -113088.0000000,
     -0.8460545,       0.9113569,       0.1943796,
  -6000.0000000, -113286.0000000,
     -0.8796263,       0.9296025,       0.1940553,
  -6000.0000000, -113396.5000000,
     -0.8467843,       0.9332516,       0.1950284,
  -6000.0000000, -113588.5000000,
     -0.8613808,       0.9186552,       0.1930822,
  -6000.0000000, -113704.0000000,
     -0.8511632,       0.9339814,       0.1934065,
  -6000.0000000, -113880.5000000,
     -0.8489738,       0.9106271,       0.1934065,
  -6000.0000000, -113984.0000000,
     -0.8511632,       0.8828939,       0.1921091,
  -6000.0000000, -114163.0000000,
     -0.8613808,       0.9040587,       0.1927578,
  -6000.0000000, -114262.5000000,
     -0.8256195,       0.8887325,       0.1937309,
  -6000.0000000, -114435.0000000,
     -0.8424054,       0.8361853,       0.1924334,
  -6000.0000000, -114539.0000000,
     -0.8562720,       0.8566203,       0.1930822,
  -6000.0000000, -114697.0000000,
     -0.8504334,       0.8449431,       0.1924334,
  -6000.0000000, -114789.5000000,
     -0.8913035,       0.8412940,       0.1921091,
  -6000.0000000, -114948.5000000,
     -0.8416756,       0.8215888,       0.1934065,
  -6000.0000000, -115044.5000000,
     -0.8635702,       0.7880170,       0.1924334,
  -6000.0000000, -115190.5000000,
     -0.8745175,       0.8018836,       0.1914603,
  -6000.0000000, -115282.5000000,
     -0.8482440,       0.7865574,       0.1930822,
  -6000.0000000, -115422.5000000,
     -0.8431352,       0.8128310,       0.1930822,
  -6000.0000000, -115517.0000000,
     -0.8504334,       0.7675820,       0.1934065,
  -6000.0000000, -115645.0000000,
     -0.8628404,       0.7639329,       0.1940553,
  -6000.0000000, -115729.0000000,
     -0.8715983,       0.7661224,       0.1927578,
  -6000.0000000, -115857.0000000,
     -0.8803561,       0.7216032,       0.1930822,
  -6000.0000000, -115931.5000000,
     -0.8723281,       0.6712455,       0.1940553,
  -6000.0000000, -116059.5000000,
     -0.9015210,       0.7464172,       0.1937309,
  -6000.0000000, -116136.0000000,
     -0.8241598,       0.7230629,       0.1943796,
  -6000.0000000, -116251.5000000,
     -0.8555422,       0.7150348,       0.1950284,
  -6000.0000000, -116324.0000000,
     -0.8570018,       0.6778139,       0.1878923,
  -6000.0000000, -116433.5000000,
     -0.8577316,       0.6654069,       0.1846487,
  -6000.0000000, -116502.5000000,
     -0.8664895,       0.6515403,       0.1921091,
  -6000.0000000, -116606.0000000,
     -0.8847351,       0.6712455,       0.1950284,
  -6000.0000000, -116670.0000000,
     -0.8723281,       0.6654069,       0.1963258,
  -6000.0000000, -116741.5000000,
     -0.8752474,       0.6508105,       0.1956771,
  -6000.0000000, -116828.0000000,
     -0.8482440,       0.6245369,       0.1953527,
  -6000.0000000, -116919.5000000,
     -0.8256195,       0.6391333,       0.1966502,
  -6000.0000000, -116976.0000000,
     -0.8635702,       0.6464315,       0.1960015,
  -6000.0000000, -117061.5000000,
     -0.8708684,       0.6384035,       0.1950284,
  -6000.0000000, -117114.5000000,
     -0.8431352,       0.6332947,       0.1953527,
  -6000.0000000, -117190.0000000,
     -0.8788965,       0.6092106,       0.1950284,
  -6000.0000000, -117252.5000000,
     -0.8664895,       0.6471614,       0.1950284,
  -6000.0000000, -117315.5000000,
     -0.8745175,       0.6208878,       0.1956771,
  -6000.0000000, -117360.5000000,
     -0.8431352,       0.5763686,       0.1947040,
  -6000.0000000, -117421.5000000,
     -0.8686790,       0.6048317,       0.1956771,
  -6000.0000000, -117480.0000000,
     -0.8562720,       0.5661511,       0.1956771,
  -6000.0000000, -117519.0000000,
     -0.8351072,       0.6289158,       0.1950284,
  -6000.0000000, -117577.0000000,
     -0.8548124,       0.5909651,       0.1960015,
  -6000.0000000, -117612.0000000,
     -0.8803561,       0.6011826,       0.1963258,
  -6000.0000000, -117664.0000000,
     -0.8686790,       0.6092106,       0.1953527,
  -6000.0000000, -117695.0000000,
     -0.8971420,       0.5749090,       0.1963258,
  -6000.0000000, -117740.5000000,
     -0.8540825,       0.6121299,       0.1956771,
  -6000.0000000, -117768.0000000,
     -0.8869245,       0.6259965,       0.1953527,
  -6000.0000000, -117807.5000000,
     -0.8840052,       0.6150492,       0.1963258,
  -6000.0000000, -117832.5000000,
     -0.8774368,       0.6384035,       0.1963258,
  -6000.0000000, -117859.0000000,
     -0.8905736,       0.5975335,       0.1950284,
  -6000.0000000, -117884.5000000,
     -0.8416756,       0.6135896,       0.1972989,
  -6000.0000000, -117905.5000000,
     -0.9015210,       0.5566634,       0.1956771,
  -6000.0000000, -117930.0000000,
     -0.8810859,       0.5968036,       0.1950284,
  -6000.0000000, -117949.0000000,
     -0.8438650,       0.6245369,       0.1976233,
  -6000.0000000, -117961.5000000,
     -0.9000613,       0.5800177,       0.1960015,
  -6000.0000000, -117973.0000000,
     -0.8694088,       0.5843967,       0.1960015,
  -6000.0000000, -117985.0000000,
     -0.8803561,       0.5814774,       0.1956771,
  -6000.0000000, -117991.0000000,
     -0.8759772,       0.5719897,       0.1950284,
  -6000.0000000, -117997.0000000,
     -0.8555422,       0.5311197,       0.1960015,
  -6000.0000000, -117999.0000000,
     -0.8190511,       0.5727195,       0.1956771,
  -6000.0000000, -117999.5000000,
     -0.8672193,       0.5858563,       0.1947040,
  -6000.0000000, -117999.5000000,
     -0.8657597,       0.5559336,       0.1960015,
  -6000.0000000, -117999.5000000,
     -0.8708684,       0.5982633,       0.1953527,
  -6000.0000000, -117999.5000000,
     -0.8869245,       0.5938844,       0.1950284,
  -6000.0000000, -117999.5000000,
     -0.8752474,       0.6041019,       0.1963258,
  -6000.0000000, -117999.5000000,
     -0.9007911,       0.5858563,       0.1953527,
  -6000.0000000, -117999.5000000,
     -0.8606509,       0.5661511,       0.1953527,
  -6000.0000000, -117999.5000000,
     -0.8964122,       0.5960738,       0.1956771,
  -6000.0000000, -117999.5000000,
     -0.8570018,       0.5792879,       0.1960015,
  -6000.0000000, -117999.5000000,
     -0.8635702,       0.5683406,       0.1956771,
  -6000.0000000, -118000.0000000,
     -0.8570018,       0.5778283,       0.1963258,
  -6000.0000000, -118000.0000000,
     -0.8905736,       0.5464459,       0.1956771,
  -6000.0000000, -118000.0000000,
     -0.8467843,       0.5581231,       0.1953527,
  -6000.0000000, -118000.0000000,
     -0.8533527,       0.5800177,       0.1960015,
  -6000.0000000, -118000.0000000,
     -0.8504334,       0.6033720,       0.1956771,
  -6000.0000000, -118000.0000000,
     -0.8825456,       0.5719897,       0.1960015,
  -6000.0000000, -118000.0000000,
     -0.8606509,       0.5946142,       0.1956771,
  -6000.0000000, -118000.0000000,
     -0.8708684,       0.5822072,       0.1956771,
  -6000.0000000, -118000.0000000,
     -0.8548124,       0.5858563,       0.1963258,
  -6000.0000000, -118000.0000000,
     -0.8679492,       0.5544740,       0.1956771,
  -6000.0000000, -118000.0000000,
     -0.8759772,       0.5632318,       0.1956771,
  -6000.0000000, -118000.0000000,
     -0.8475141,       0.6026422,       0.1960015,
  -6000.0000000, -118000.0000000,
     -0.8606509,       0.5851265,       0.1953527,
  -6000.0000000, -118000.0000000,
     -0.8511632,       0.5887756,       0.1956771,
  -6000.0000000, -118000.0000000,
     -0.9007911,       0.5946142,       0.1960015,
  -6000.0000000, -118000.0000000,
     -0.8774368,       0.5807476,       0.1956771,
  -6000.0000000, -118000.0000000,
     -0.8650299,       0.6172387,       0.1956771,
  -6000.0000000, -118000.0000000,
     -0.9022508,       0.5960738,       0.1960015,
  -6000.0000000, -118000.0000000,
     -0.8956824,       0.6208878,       0.1956771,
  -6000.0000000, -118000.0000000,
     -0.8715983,       0.5698002,       0.1960015,
  -6000.0000000, -118000.0000000,
     -0.8708684,       0.5741792,       0.1956771,
  -6000.0000000, -118000.0000000,
     -0.8927631,       0.5522845,       0.1960015,
  -6000.0000000, -118000.0000000,
     -0.8657597,       0.5763686,       0.1953527,
  -6000.0000000, -118000.0000000,
     -0.8759772,       0.5858563,       0.1960015,
  -6000.0000000, -118000.0000000,
     -0.8956824,       0.5938844,       0.1956771,
  -6000.0000000, -118000.0000000,
     -0.9102788,       0.5756388,       0.1960015,
  -6000.0000000, -118000.0000000,
     -0.8737877,       0.6135896,       0.1950284,
  -6000.0000000, -118000.0000000,
     -0.9000613,       0.5982633,       0.1953527,
  -6000.0000000, -118000.0000000,
     -0.8584615,       0.5843967,       0.1960015,
  -6000.0000000, -118000.0000000,
     -0.8745175,       0.5719897,       0.1960015,
  -6000.0000000, -118000.0000000,
     -0.8606509,       0.6106703,       0.1956771,
  -6000.0000000, -118000.0000000,
     -0.8372966,       0.6135896,       0.1956771,
  -6000.0000000, -118000.0000000,
     -0.8745175,       0.5807476,       0.1956771,
  -6000.0000000, -118000.0000000,
     -0.8934929,       0.5829370,       0.1956771,
  -6000.0000000, -118000.0000000,
     -0.8788965,       0.5858563,       0.1960015,
  -6000.0000000, -118000.0000000,
     -0.8891140,       0.5829370,       0.1953527,
  -6000.0000000, -118000.0000000,
     -0.8577316,       0.5989931,       0.1956771,
  -6000.0000000, -118000.0000000,
     -0.9000613,       0.6121299,       0.1960015,
  -6000.0000000, -118000.0000000,
     -0.9088192,       0.5953440,       0.1960015,
  -6000.0000000, -118000.0000000,
     -0.8555422,       0.5625020,       0.1960015,
  -6000.0000000, -118000.0000000,
     -0.8701386,       0.5792879,       0.1960015,
  -6000.0000000, -118000.0000000,
     -0.8715983,       0.5997229,       0.1956771,
  -6000.0000000, -118000.0000000,
     -0.8745175,       0.5727195,       0.1960015,
  -6000.0000000, -118000.0000000,
     -0.8628404,       0.5792879,       0.1956771,
  -6000.0000000, -118000.0000000,
     -0.8891140,       0.6004528,       0.1960015,
  -6000.0000000, -118000.0000000,
     -0.8964122,       0.5858563,       0.1960015,
  -6000.0000000, -118000.0000000,
     -0.8679492,       0.5968036,       0.1953527,
  -6000.0000000, -118000.0000000,
     -0.8701386,       0.6004528,       0.1953527,
  -6000.0000000, -118000.0000000,
     -0.8635702,       0.5639617,       0.1956771,
  -6000.0000000, -118000.0000000,
     -0.8548124,       0.5895054,       0.1956771,
  -6000.0000000, -118000.0000000,
     -0.8810859,       0.5982633,       0.1960015,
  -6000.0000000, -118000.0000000,
     -0.8891140,       0.5851265,       0.1960015,
  -6000.0000000, -118000.0000000,
     -0.8730579,       0.5931545,       0.1956771,
  -6000.0000000, -118000.0000000,
     -0.8913035,       0.5544740,       0.1960015,
  -6000.0000000, -118000.0000000,
     -0.9015210,       0.5559336,       0.1960015,
  -6000.0000000, -118000.0000000,
     -0.8643000,       0.6048317,       0.1953527,
  -6000.0000000, -118000.0000000,
     -0.9044403,       0.5953440,       0.1953527,
  -6000.0000000, -118000.0000000,
     -0.8818158,       0.5770984,       0.1953527,
  -6000.0000000, -118000.0000000,
     -0.8854649,       0.5924247,       0.1956771,
  -6000.0000000, -118000.0000000,
     -0.8686790,       0.5719897,       0.1956771,
  -6000.0000000, -118000.0000000,
     -0.8723281,       0.5770984,       0.1960015,
  -6000.0000000, -118000.0000000,
     -0.8891140,       0.6084808,       0.1953527,
  -6000.0000000, -118000.0000000,
     -0.8570018,       0.6121299,       0.1960015,
  -6000.0000000, -118000.0000000,
     -0.8854649,       0.5639617,       0.1960015,
  -6000.0000000, -118000.0000000,
     -0.8591913,       0.5822072,       0.1960015,
  -6000.0000000, -118000.0000000,
     -0.8555422,       0.5763686,       0.1963258,
  -6000.0000000, -118000.0000000,
     -0.8869245,       0.5843967,       0.1956771,
  -6000.0000000, -118000.0000000,
     -0.8621106,       0.5960738,       0.1960015,
  -6000.0000000, -118000.0000000,
     -0.9037104,       0.5639617,       0.1956771,
  -6000.0000000, -118000.0000000,
     -0.8796263,       0.5778283,       0.1956771,
  -6000.0000000, -118000.0000000,
     -0.8694088,       0.5800177,       0.1960015,
  -6000.0000000, -118000.0000000,
     -0.8832754,       0.5916949,       0.1960015,
  -6000.0000000, -118000.0000000,
     -0.8825456,       0.5442565,       0.1953527,
  -6000.0000000, -118000.0000000,
     -0.8723281,       0.5734493,       0.1960015,
  -6000.0000000, -118000.0000000,
     -0.8854649,       0.5632318,       0.1960015,
  -6000.0000000, -118000.0000000,
     -0.8599211,       0.5931545,       0.1953527,
  -6000.0000000, -118000.0000000,
     -0.8577316,       0.5931545,       0.1956771,
  -6000.0000000, -118000.0000000,
     -0.8657597,       0.5712599,       0.1956771,
  -6000.0000000, -118000.0000000,
     -0.8715983,       0.5895054,       0.1956771,
  -6000.0000000, -118000.0000000,
     -0.8803561,       0.5895054,       0.1953527,
  -6000.0000000, -118000.0000000,
