      0.0859282,       1.4295306,       0.1937309,
  -2000.0000000,  -12000.0000000,
      0.0691423,       1.4360990,       0.1934065,
  -2000.0000000,  -12000.0000000,
      0.0873879,       1.4266113,       0.1937309,
  -2000.0000000,  -12000.0000000,
      0.0939563,       1.4266113,       0.1930822,
  -2000.0000000,  -12000.0000000,
      0.0939563,       1.4039868,       0.1930822,
  -2000.0000000,  -12004.0000000,
      0.0779002,       1.4200429,       0.1924334,
  -2000.0000000,  -12009.5000000,
      0.1231491,       1.3886605,       0.1930822,
  -2000.0000000,  -12017.0000000,
      0.0946861,       1.4054465,       0.1934065,
  -2000.0000000,  -12029.5000000,
      0.0640336,       1.4390183,       0.1921091,
  -2000.0000000,  -12040.0000000,
      0.1355561,       1.4017973,       0.1921091,
  -2000.0000000,  -12059.0000000,
      0.0516266,       1.4083657,       0.1911360,
  -2000.0000000,  -12073.5000000,
      0.1508824,       1.4353692,       0.1924334,
  -2000.0000000,  -12094.0000000,
      0.1202299,       1.4185833,       0.1917847,
  -2000.0000000,  -12122.5000000,
      0.1224193,       1.4222324,       0.1917847,
  -2000.0000000,  -12143.0000000,
      0.1465035,       1.3981482,       0.1914603,
  -2000.0000000,  -12177.0000000,
      0.1443140,       1.4061763,       0.1911360,
  -2000.0000000,  -12198.0000000,
      0.1063632,       1.4017973,       0.1911360,
  -2000.0000000,  -12242.0000000,
      0.1289877,       1.3864711,       0.1911360,
  -2000.0000000,  -12270.0000000,
      0.1392052,       1.4368288,       0.1924334,
  -2000.0000000,  -12316.5000000,
      0.0917668,       1.4025272,       0.1917847,
  -2000.0000000,  -12348.5000000,
      0.0983352,       1.4477761,       0.1921091,
  -2000.0000000,  -12401.5000000,
      0.0997948,       1.3915798,       0.1927578,
  -2000.0000000,  -12437.5000000,
      0.0706020,       1.4266113,       0.1927578,
  -2000.0000000,  -12496.0000000,
      0.0779002,       1.3981482,       0.1934065,
  -2000.0000000,  -12536.0000000,
      0.0538161,       1.3747939,       0.1943796,
  -2000.0000000,  -12601.0000000,
      0.0304618,       1.4433972,       0.1950284,
  -2000.0000000,  -12644.5000000,
      0.0136758,       1.3879307,       0.1963258,
  -2000.0000000,  -12715.5000000,
      0.0311916,       1.4426674,       0.1972989,
  -2000.0000000,  -12763.0000000,
     -0.0425205,       1.4039868,       0.1976233,
  -2000.0000000,  -12840.0000000,
     -0.0191661,       1.4433972,       0.1982720,
  -2000.0000000,  -12891.5000000,
     -0.0826607,       1.4631024,       0.1982720,
  -2000.0000000,  -12975.0000000,
     -0.0753624,       1.4266113,       0.1982720,
  -2000.0000000,  -13046.0000000,
     -0.0293837,       1.5068917,       0.1972989,
  -2000.0000000,  -13120.0000000,
     -0.0673344,       1.4426674,       0.1943796,
  -2000.0000000,  -13170.5000000,
     -0.0833905,       1.4886462,       0.1927578,
  -2000.0000000,  -13274.0000000,
     -0.0753624,       1.4806181,       0.1898385,
  -2000.0000000,  -13355.5000000,
     -0.0936080,       1.4813479,       0.1869192,
  -2000.0000000,  -13439.0000000,
     -0.1432359,       1.4901058,       0.1830268,
  -2000.0000000,  -13506.0000000,
     -0.1242605,       1.4762392,       0.1797832,
  -2000.0000000,  -13614.0000000,
     -0.1811866,       1.4616428,       0.1778370,
  -2000.0000000,  -13685.0000000,
     -0.1760779,       1.4404779,       0.1762152,
  -2000.0000000,  -13798.5000000,
     -0.2410320,       1.4127447,       0.1762152,
  -2000.0000000,  -13895.0000000,
     -0.2746039,       1.3660361,       0.1771883,
  -2000.0000000,  -13993.5000000,
     -0.2673056,       1.3872009,       0.1768639,
  -2000.0000000,  -14095.0000000,
     -0.2476004,       1.3492502,       0.1775126,
  -2000.0000000,  -14176.0000000,
     -0.2928494,       1.3470607,       0.1791345,
  -2000.0000000,  -14305.0000000,
     -0.3505053,       1.3514396,       0.1823781,
  -2000.0000000,  -14389.5000000,
     -0.3169335,       1.3171380,       0.1856218,
  -2000.0000000,  -14500.0000000,
     -0.3059862,       1.3689554,       0.1888654,
  -2000.0000000,  -14631.5000000,
     -0.3125546,       1.3302748,       0.1917847,
  -2000.0000000,  -14729.0000000,
     -0.2556285,       1.4200429,       0.1943796,
  -2000.0000000,  -14873.0000000,
     -0.2184076,       1.4477761,       0.1956771,
  -2000.0000000,  -14953.5000000,
     -0.2052708,       1.4346393,       0.1956771,
  -2000.0000000,  -15090.0000000,
     -0.2103795,       1.4638322,       0.1950284,
  -2000.0000000,  -15243.5000000,
     -0.1680498,       1.4455867,       0.1934065,
  -2000.0000000,  -15372.0000000,
     -0.1505341,       1.5127303,       0.1914603,
  -2000.0000000,  -15459.5000000,
     -0.1505341,       1.5331653,       0.1901629,
  -2000.0000000,  -15637.0000000,
     -0.1030957,       1.5244074,       0.1875680,
  -2000.0000000,  -15743.5000000,
     -0.1176921,       1.5302460,       0.1852974,
  -2000.0000000,  -15904.0000000,
     -0.1206114,       1.5039724,       0.1823781,
  -2000.0000000,  -16006.0000000,
     -0.0578467,       1.4587235,       0.1817294,
  -2000.0000000,  -16197.0000000,
     -0.0629555,       1.4631024,       0.1817294,
  -2000.0000000,  -16294.5000000,
     -0.0658748,       1.4222324,       0.1827025,
  -2000.0000000,  -16492.0000000,
      0.0114864,       1.3660361,       0.1823781,
  -2000.0000000,  -16643.0000000,
     -0.0490888,       1.3112994,       0.1901629,
  -2000.0000000,  -16763.0000000,
     -0.0870396,       1.3426818,       0.1966502,
  -2000.0000000,  -16944.0000000,
     -0.1279096,       1.3434116,       0.2015157,
  -2000.0000000,  -17111.5000000,
     -0.1680498,       1.3601975,       0.2060568,
  -2000.0000000,  -17218.5000000,
     -0.2016217,       1.4032570,       0.2112466,
  -2000.0000000,  -17381.5000000,
     -0.2213268,       1.4397481,       0.2125441,
  -2000.0000000,  -17601.0000000,
     -0.2592776,       1.4360990,       0.2141659,
  -2000.0000000,  -17732.5000000,
     -0.2023515,       1.4638322,       0.2148146,
  -2000.0000000,  -17884.0000000,
     -0.2118392,       1.4849971,       0.2138415,
  -2000.0000000,  -18114.5000000,
     -0.2877406,       1.4740497,       0.2138415,
  -2000.0000000,  -18291.0000000,
     -0.2140286,       1.4623726,       0.2131928,
  -2000.0000000,  -18410.0000000,
     -0.2592776,       1.4404779,       0.2096248,
  -2000.0000000,  -18641.0000000,
     -0.2840915,       1.4163938,       0.2148146,
  -2000.0000000,  -18834.5000000,
     -0.2490601,       1.4441270,       0.2167608,
  -2000.0000000,  -18958.5000000,
     -0.2476004,       1.4499656,       0.2177339,
  -2000.0000000,  -19209.5000000,
     -0.2760635,       1.4572638,       0.2190314,
  -2000.0000000,  -19337.0000000,
     -0.2476004,       1.4857269,       0.2206532,
  -2000.0000000,  -19541.0000000,
     -0.2972283,       1.4820778,       0.2213020,
  -2000.0000000,  -19769.0000000,
     -0.2964985,       1.5076215,       0.2219507,
  -2000.0000000,  -19989.5000000,
     -0.2665758,       1.4813479,       0.2225994,
  -2000.0000000,  -20147.0000000,
     -0.2994178,       1.4514252,       0.2183827,
  -2000.0000000,  -20394.5000000,
     -0.3023371,       1.5441126,       0.2180583,
  -2000.0000000,  -20532.5000000,
     -0.2140286,       1.4718603,       0.2225994,
  -2000.0000000,  -20808.0000000,
     -0.3096353,       1.4798883,       0.2229238,
  -2000.0000000,  -20948.5000000,
     -0.2651162,       1.4995935,       0.2238969,
  -2000.0000000,  -21161.0000000,
     -0.2709547,       1.5112707,       0.2251943,
  -2000.0000000,  -21448.0000000,
     -0.3264212,       1.5382741,       0.2251943,
  -2000.0000000,  -21618.5000000,
     -0.2899301,       1.5433828,       0.2268162,
  -2000.0000000,  -21887.5000000,
     -0.2884705,       1.5455723,       0.2264918,
  -2000.0000000,  -22062.0000000,
     -0.3074458,       1.5280566,       0.2281136,
  -2000.0000000,  -22262.0000000,
     -0.2687653,       1.5550600,       0.2284380,
  -2000.0000000,  -22539.5000000,
     -0.3052564,       1.5236776,       0.2268162,
  -2000.0000000,  -22720.0000000,
     -0.2913898,       1.5141899,       0.2268162,
  -2000.0000000,  -23030.0000000,
     -0.2753337,       1.5185689,       0.2271405,
  -2000.0000000,  -23187.5000000,
     -0.3227721,       1.5149198,       0.2261674,
  -2000.0000000,  -23500.5000000,
     -0.3016073,       1.5557898,       0.2255187,
  -2000.0000000,  -23658.0000000,
     -0.2964985,       1.5769546,       0.2238969,
  -2000.0000000,  -23971.0000000,
     -0.3621825,       1.5857125,       0.2222750,
  -2000.0000000,  -24128.0000000,
     -0.3023371,       1.5827932,       0.2190314,
  -2000.0000000,  -24440.0000000,
     -0.2811723,       1.5791441,       0.2164365,
  -2000.0000000,  -24597.5000000,
     -0.2775231,       1.5696564,       0.2144903,
  -2000.0000000,  -24910.0000000,
     -0.2519794,       1.5506810,       0.2128685,
  -2000.0000000,  -25067.5000000,
     -0.3059862,       1.5368144,       0.2115710,
  -2000.0000000,  -25302.5000000,
     -0.3162037,       1.5390039,       0.2115710,
  -2000.0000000,  -25615.5000000,
     -0.2702249,       1.5353548,       0.2122197,
  -2000.0000000,  -25773.0000000,
     -0.3249616,       1.5784143,       0.2105979,
  -2000.0000000,  -26086.0000000,
     -0.3315300,       1.5390039,       0.2083273,
  -2000.0000000,  -26243.5000000,
     -0.2600074,       1.5280566,       0.2073542,
  -2000.0000000,  -26556.5000000,
     -0.2950389,       1.5572494,       0.2054080,
  -2000.0000000,  -26713.5000000,
     -0.2359233,       1.5492214,       0.2037862,
  -2000.0000000,  -27026.5000000,
     -0.2527092,       1.5185689,       0.2041106,
  -2000.0000000,  -27183.5000000,
     -0.3213125,       1.5397337,       0.2034619,
  -2000.0000000,  -27484.0000000,
     -0.2943090,       1.5463021,       0.2024888,
  -2000.0000000,  -27732.0000000,
     -0.2731442,       1.5200285,       0.2011913,
  -2000.0000000,  -27889.0000000,
     -0.3037967,       1.5375442,       0.1989207,
  -2000.0000000,  -28188.5000000,
     -0.2585478,       1.5236776,       0.1982720,
  -2000.0000000,  -28437.0000000,
     -0.3081757,       1.5338951,       0.1979476,
  -2000.0000000,  -28594.0000000,
     -0.3264212,       1.5127303,       0.1960015,
  -2000.0000000,  -28907.0000000,
     -0.2746039,       1.5207583,       0.1956771,
  -2000.0000000,  -29064.0000000,
     -0.3213125,       1.5295162,       0.1943796,
  -2000.0000000,  -29377.0000000,
     -0.3147441,       1.4798883,       0.1914603,
  -2000.0000000,  -29573.5000000,
     -0.3308001,       1.5287864,       0.1950284,
  -2000.0000000,  -29834.5000000,
     -0.3621825,       1.4747796,       0.1950284,
  -2000.0000000,  -30005.0000000,
     -0.3607229,       1.5112707,       0.1947040,
  -2000.0000000,  -30318.0000000,
     -0.3709404,       1.5163794,       0.1953527,
  -2000.0000000,  -30475.5000000,
     -0.4205683,       1.4981339,       0.1960015,
  -2000.0000000,  -30787.0000000,
     -0.3891859,       1.5083514,       0.1972989,
  -2000.0000000,  -30945.5000000,
     -0.3687509,       1.5470319,       0.1976233,
  -2000.0000000,  -31258.5000000,
     -0.4344349,       1.5134601,       0.1976233,
  -2000.0000000,  -31415.5000000,
     -0.4169191,       1.5338951,       0.1966502,
  -2000.0000000,  -31728.5000000,
     -0.4132700,       1.5674669,       0.1966502,
  -2000.0000000,  -31899.5000000,
     -0.3994034,       1.5404635,       0.1956771,
  -2000.0000000,  -32186.0000000,
     -0.3329896,       1.5273267,       0.1960015,
  -2000.0000000,  -32356.5000000,
     -0.3417475,       1.5171092,       0.1956771,
  -2000.0000000,  -32681.0000000,
     -0.3745895,       1.5214882,       0.1969746,
  -2000.0000000,  -32825.5000000,
     -0.3169335,       1.5214882,       0.1985964,
  -2000.0000000,  -33137.5000000,
     -0.3286107,       1.5353548,       0.1985964,
  -2000.0000000,  -33295.5000000,
     -0.3629123,       1.5463021,       0.1998938,
  -2000.0000000,  -33530.5000000,
     -0.3665614,       1.5047023,       0.2008669,
  -2000.0000000,  -33843.5000000,
     -0.3344493,       1.5536003,       0.2015157,
  -2000.0000000,  -34001.0000000,
     -0.4030525,       1.5404635,       0.2037862,
  -2000.0000000,  -34313.0000000,
     -0.4183788,       1.5645477,       0.2057324,
  -2000.0000000,  -34471.5000000,
     -0.4307858,       1.5463021,       0.2060568,
  -2000.0000000,  -34784.5000000,
     -0.4191086,       1.6061475,       0.2054080,
  -2000.0000000,  -34941.5000000,
     -0.3526948,       1.5988493,       0.2031375,
  -2000.0000000,  -35240.5000000,
     -0.3716702,       1.6243931,       0.1979476,
  -2000.0000000,  -35488.5000000,
     -0.3957543,       1.6667227,       0.1924334,
  -2000.0000000,  -35647.0000000,
     -0.3103651,       1.6185545,       0.1895141,
  -2000.0000000,  -35933.5000000,
     -0.3906456,       1.5871721,       0.1878923,
  -2000.0000000,  -36195.0000000,
     -0.3578036,       1.5346250,       0.1891898,
  -2000.0000000,  -36352.5000000,
     -0.3402878,       1.5397337,       0.1911360,
  -2000.0000000,  -36663.5000000,
     -0.4417331,       1.5083514,       0.1927578,
  -2000.0000000,  -36821.5000000,
     -0.3636421,       1.5711161,       0.1960015,
  -2000.0000000,  -37134.5000000,
     -0.4380840,       1.5222180,       0.1976233,
  -2000.0000000,  -37291.5000000,
     -0.4373542,       1.5127303,       0.2002182,
  -2000.0000000,  -37604.5000000,
     -0.4161893,       1.5630880,       0.2018400,
  -2000.0000000,  -37775.5000000,
     -0.4264068,       1.5419232,       0.2024888,
  -2000.0000000,  -38075.0000000,
     -0.4709260,       1.5528705,       0.2047593,
  -2000.0000000,  -38246.0000000,
     -0.4607085,       1.5776845,       0.2057324,
  -2000.0000000,  -38532.0000000,
     -0.4950101,       1.5280566,       0.2073542,
  -2000.0000000,  -38717.0000000,
     -0.5074171,       1.5930107,       0.2086517,
  -2000.0000000,  -38952.0000000,
     -0.4935505,       1.6039581,       0.2093004,
  -2000.0000000,  -39187.0000000,
     -0.5074171,       1.6251229,       0.2089761,
  -2000.0000000,  -39422.0000000,
     -0.4928206,       1.6039581,       0.2093004,
  -2000.0000000,  -39657.5000000,
     -0.4745751,       1.5988493,       0.2083273,
  -2000.0000000,  -39944.0000000,
     -0.5293117,       1.6046879,       0.2067055,
  -2000.0000000,  -40165.0000000,
     -0.4942803,       1.6083370,       0.2067055,
  -2000.0000000,  -40362.0000000,
     -0.4935505,       1.6054177,       0.2057324,
  -2000.0000000,  -40634.5000000,
     -0.5344205,       1.5784143,       0.2047593,
  -2000.0000000,  -40896.0000000,
     -0.4760347,       1.5857125,       0.2057324,
  -2000.0000000,  -41067.0000000,
     -0.5190942,       1.6127159,       0.2060568,
  -2000.0000000,  -41339.5000000,
     -0.5278521,       1.5608986,       0.2044350,
  -2000.0000000,  -41537.5000000,
     -0.5139855,       1.6185545,       0.2047593,
  -2000.0000000,  -41810.0000000,
     -0.5307714,       1.6229334,       0.2028131,
  -2000.0000000,  -42007.5000000,
     -0.5293117,       1.5981195,       0.2024888,
  -2000.0000000,  -42293.0000000,
     -0.4804137,       1.5900914,       0.2024888,
  -2000.0000000,  -42542.0000000,
     -0.4709260,       1.5674669,       0.2005426,
  -2000.0000000,  -42750.5000000,
     -0.4950101,       1.6302316,       0.1998938,
  -2000.0000000,  -43025.0000000,
     -0.4300559,       1.5966598,       0.2005426,
  -2000.0000000,  -43183.5000000,
     -0.5460976,       1.5718459,       0.1937309,
  -2000.0000000,  -43418.5000000,
     -0.5103364,       1.6448281,       0.2002182,
  -2000.0000000,  -43691.0000000,
     -0.5001189,       1.6521263,       0.2002182,
  -2000.0000000,  -43940.0000000,
     -0.5599643,       1.6273124,       0.1937309,
  -2000.0000000,  -44124.0000000,
     -0.5585046,       1.6112563,       0.1985964,
  -2000.0000000,  -44396.5000000,
     -0.5606941,       1.6134457,       0.1992451,
  -2000.0000000,  -44606.0000000,
     -0.6665183,       1.5784143,       0.1969746,
  -2000.0000000,  -44891.0000000,
     -0.5789396,       1.5908213,       0.1960015,
  -2000.0000000,  -45063.0000000,
     -0.5665327,       1.5681968,       0.1950284,
  -2000.0000000,  -45298.5000000,
     -0.6066729,       1.5689266,       0.1927578,
  -2000.0000000,  -45571.0000000,
     -0.5628835,       1.6134457,       0.1927578,
  -2000.0000000,  -45806.0000000,
     -0.5599643,       1.6054177,       0.1927578,
  -2000.0000000,  -46004.0000000,
     -0.6103220,       1.6645333,       0.1911360,
  -2000.0000000,  -46290.5000000,
     -0.5117960,       1.6966455,       0.1901629,
  -2000.0000000,  -46474.5000000,
     -0.5315012,       1.7448137,       0.1852974,
  -2000.0000000,  -46709.0000000,
     -0.4869821,       1.7316769,       0.1817294,
  -2000.0000000,  -47008.5000000,
     -0.4942803,       1.6331509,       0.1791345,
  -2000.0000000,  -47217.0000000,
     -0.4986592,       1.6353404,       0.1771883,
  -2000.0000000,  -47414.5000000,
     -0.4731154,       1.6017686,       0.1778370,
  -2000.0000000,  -47687.0000000,
     -0.4760347,       1.5791441,       0.1794588,
  -2000.0000000,  -47885.0000000,
     -0.5322310,       1.5988493,       0.1804319,
  -2000.0000000,  -48120.0000000,
     -0.5220135,       1.5477618,       0.1820537,
  -2000.0000000,  -48393.0000000,
     -0.5789396,       1.5601687,       0.1820537,
  -2000.0000000,  -48640.5000000,
     -0.5636134,       1.5368144,       0.1823781,
  -2000.0000000,  -48824.0000000,
     -0.5278521,       1.5134601,       0.1878923,
  -2000.0000000,  -49097.0000000,
     -0.5263924,       1.4696708,       0.1937309,
  -2000.0000000,  -49294.5000000,
     -0.6198097,       1.4966742,       0.1979476,
  -2000.0000000,  -49567.0000000,
     -0.6402447,       1.5441126,       0.2031375,
  -2000.0000000,  -49765.0000000,
     -0.6541113,       1.5689266,       0.2070299,
  -2000.0000000,  -50037.5000000,
     -0.6796551,       1.5835230,       0.2067055,
  -2000.0000000,  -50235.5000000,
     -0.6205395,       1.5988493,       0.2076786,
  -2000.0000000,  -50508.0000000,
     -0.6329465,       1.6360702,       0.2080030,
  -2000.0000000,  -50705.5000000,
     -0.6833042,       1.6324211,       0.2070299,
  -2000.0000000,  -51004.5000000,
     -0.6365956,       1.6273124,       0.2067055,
  -2000.0000000,  -51175.5000000,
     -0.6147009,       1.6090668,       0.2080030,
  -2000.0000000,  -51448.0000000,
     -0.6796551,       1.6090668,       0.2086517,
  -2000.0000000,  -51710.0000000,
     -0.6373254,       1.5908213,       0.2093004,
  -2000.0000000,  -51881.0000000,
     -0.7081181,       1.5842529,       0.2093004,
  -2000.0000000,  -52166.5000000,
     -0.6818445,       1.5769546,       0.2105979,
  -2000.0000000,  -52350.5000000,
     -0.6767358,       1.6054177,       0.2112466,
  -2000.0000000,  -52662.5000000,
     -0.7548267,       1.5864423,       0.2102735,
  -2000.0000000,  -52820.5000000,
     -0.6847638,       1.5900914,       0.2099492,
  -2000.0000000,  -53093.0000000,
     -0.6592201,       1.6054177,       0.2102735,
  -2000.0000000,  -53328.0000000,
     -0.7373110,       1.5638178,       0.2099492,
  -2000.0000000,  -53577.0000000,
     -0.6964410,       1.5681968,       0.2112466,
  -2000.0000000,  -53761.0000000,
     -0.7015497,       1.5718459,       0.2112466,
  -2000.0000000,  -54060.0000000,
     -0.7219847,       1.5587091,       0.2112466,
  -2000.0000000,  -54231.5000000,
     -0.6482727,       1.5733055,       0.2118954,
  -2000.0000000,  -54504.0000000,
     -0.7110374,       1.5740353,       0.2125441,
  -2000.0000000,  -54701.5000000,
     -0.7168760,       1.5696564,       0.2122197,
  -2000.0000000,  -54987.5000000,
     -0.6869533,       1.5331653,       0.2128685,
  -2000.0000000,  -55197.5000000,
     -0.7730723,       1.5579793,       0.2122197,
  -2000.0000000,  -55458.0000000,
     -0.7548267,       1.5667371,       0.2115710,
  -2000.0000000,  -55642.0000000,
     -0.7227146,       1.5477618,       0.2128685,
  -2000.0000000,  -55928.5000000,
     -0.7351215,       1.5711161,       0.2118954,
  -2000.0000000,  -56112.5000000,
     -0.7438794,       1.5623582,       0.2131928,
  -2000.0000000,  -56436.5000000,
     -0.7292830,       1.5557898,       0.2125441,
  -2000.0000000,  -56659.0000000,
     -0.7686934,       1.5528705,       0.2109223,
  -2000.0000000,  -56817.0000000,
     -0.7095778,       1.5776845,       0.2118954,
  -2000.0000000,  -57052.0000000,
     -0.7190655,       1.5236776,       0.2115710,
  -2000.0000000,  -57338.5000000,
     -0.7489882,       1.5192987,       0.2112466,
  -2000.0000000,  -57522.5000000,
     -0.7489882,       1.5229478,       0.2109223,
  -2000.0000000,  -57783.5000000,
     -0.7570162,       1.5499512,       0.2118954,
  -2000.0000000,  -58031.0000000,
     -0.7643144,       1.5397337,       0.2118954,
  -2000.0000000,  -58228.0000000,
     -0.7402303,       1.5346250,       0.2118954,
  -2000.0000000,  -58501.0000000,
     -0.7380408,       1.5528705,       0.2128685,
  -2000.0000000,  -58698.5000000,
     -0.7832898,       1.5448425,       0.2115710,
  -2000.0000000,  -58970.5000000,
     -0.7132269,       1.5178391,       0.2131928,
  -2000.0000000,  -59232.5000000,
     -0.7285531,       1.5171092,       0.2122197,
  -2000.0000000,  -59403.5000000,
     -0.7730723,       1.5054321,       0.2109223,
  -2000.0000000,  -59715.5000000,
     -0.7103076,       1.4733199,       0.2131928,
  -2000.0000000,  -59874.0000000,
     -0.7657741,       1.5185689,       0.2105979,
  -2000.0000000,  -60160.5000000,
     -0.7832898,       1.5324355,       0.2102735,
  -2000.0000000,  -60394.5000000,
     -0.7022796,       1.5222180,       0.2099492,
  -2000.0000000,  -60578.5000000,
     -0.7467987,       1.5273267,       0.2080030,
  -2000.0000000,  -60864.5000000,
     -0.7270935,       1.5047023,       0.2093004,
  -2000.0000000,  -61112.5000000,
     -0.7219847,       1.4893760,       0.2099492,
  -2000.0000000,  -61283.5000000,
     -0.7577460,       1.5047023,       0.2099492,
  -2000.0000000,  -61595.5000000,
     -0.7686934,       1.4601831,       0.2112466,
  -2000.0000000,  -61754.0000000,
     -0.7650442,       1.4806181,       0.2118954,
  -2000.0000000,  -62066.0000000,
     -0.8051845,       1.4704006,       0.2109223,
  -2000.0000000,  -62224.5000000,
     -0.7708828,       1.4995935,       0.2115710,
  -2000.0000000,  -62536.5000000,
     -0.7540969,       1.4952146,       0.2115710,
  -2000.0000000,  -62694.5000000,
     -0.8146721,       1.4704006,       0.2102735,
  -2000.0000000,  -62980.5000000,
     -0.7519075,       1.5039724,       0.2118954,
  -2000.0000000,  -63164.5000000,
     -0.7927775,       1.4813479,       0.2115710,
  -2000.0000000,  -63464.0000000,
     -0.8256195,       1.4660217,       0.2102735,
  -2000.0000000,  -63634.0000000,
     -0.7686934,       1.4995935,       0.2118954,
  -2000.0000000,  -63921.0000000,
     -0.8015353,       1.4791585,       0.2112466,
  -2000.0000000,  -64105.5000000,
     -0.8263493,       1.4871865,       0.2105979,
  -2000.0000000,  -64390.5000000,
     -0.7708828,       1.4499656,       0.2115710,
  -2000.0000000,  -64574.5000000,
     -0.8438650,       1.4674813,       0.2112466,
  -2000.0000000,  -64886.0000000,
     -0.8321879,       1.4536147,       0.2109223,
  -2000.0000000,  -65044.5000000,
     -0.7716126,       1.4762392,       0.2115710,
  -2000.0000000,  -65279.5000000,
     -0.7956968,       1.4412077,       0.2105979,
  -2000.0000000,  -65566.0000000,
     -0.8518931,       1.4477761,       0.2060568,
  -2000.0000000,  -65750.0000000,
     -0.7891284,       1.4711304,       0.2105979,
  -2000.0000000,  -66062.0000000,
     -0.8314580,       1.4528849,       0.2099492,
  -2000.0000000,  -66220.5000000,
     -0.8292686,       1.4820778,       0.2099492,
  -2000.0000000,  -66507.0000000,
     -0.7811003,       1.4747796,       0.2109223,
  -2000.0000000,  -66741.5000000,
     -0.8351072,       1.4163938,       0.2089761,
  -2000.0000000,  -66977.0000000,
     -0.8256195,       1.4667515,       0.2102735,
  -2000.0000000,  -67161.0000000,
     -0.7956968,       1.4317201,       0.2099492,
  -2000.0000000,  -67434.5000000,
     -0.8336475,       1.4339095,       0.2083273,
  -2000.0000000,  -67682.0000000,
     -0.8132125,       1.4375586,       0.2096248,
  -2000.0000000,  -67839.5000000,
     -0.8015353,       1.4346393,       0.2093004,
  -2000.0000000,  -68165.5000000,
     -0.8460545,       1.4477761,       0.2080030,
  -2000.0000000,  -68335.5000000,
     -0.7949669,       1.4200429,       0.2093004,
  -2000.0000000,  -68647.5000000,
     -0.8380264,       1.4477761,       0.2083273,
  -2000.0000000,  -68805.5000000,
     -0.8358370,       1.4280709,       0.2073542,
  -2000.0000000,  -69091.0000000,
     -0.7913178,       1.4295306,       0.2083273,
  -2000.0000000,  -69276.0000000,
     -0.8321879,       1.4171236,       0.2076786,
  -2000.0000000,  -69588.0000000,
     -0.8927631,       1.4309902,       0.2057324,
  -2000.0000000,  -69746.0000000,
     -0.7993459,       1.3996079,       0.2089761,
  -2000.0000000,  -70032.5000000,
     -0.8643000,       1.4142043,       0.2080030,
  -2000.0000000,  -70216.5000000,
     -0.8372966,       1.4390183,       0.2073542,
  -2000.0000000,  -70516.0000000,
     -0.8102932,       1.4324499,       0.2080030,
  -2000.0000000,  -70699.5000000,
     -0.8336475,       1.4076359,       0.2060568,
  -2000.0000000,  -70973.0000000,
     -0.8285388,       1.4258815,       0.2063811,
  -2000.0000000,  -71130.5000000,
     -0.7964266,       1.4288008,       0.2063811,
  -2000.0000000,  -71443.0000000,
     -0.8307282,       1.4105552,       0.2037862,
  -2000.0000000,  -71627.0000000,
     -0.7832898,       1.4163938,       0.2044350,
  -2000.0000000,  -71912.5000000,
     -0.8051845,       1.4258815,       0.2047593,
  -2000.0000000,  -72071.0000000,
     -0.8197809,       1.3959588,       0.2024888,
  -2000.0000000,  -72383.0000000,
     -0.8066441,       1.4076359,       0.2050837,
  -2000.0000000,  -72567.0000000,
     -0.8416756,       1.4149341,       0.2044350,
  -2000.0000000,  -72865.5000000,
     -0.8767070,       1.3974184,       0.2034619,
  -2000.0000000,  -73036.0000000,
     -0.8380264,       1.4207727,       0.2050837,
  -2000.0000000,  -73323.0000000,
     -0.8628404,       1.4222324,       0.2034619,
  -2000.0000000,  -73480.5000000,
     -0.8307282,       1.3850114,       0.1992451,
  -2000.0000000,  -73793.5000000,
     -0.8708684,       1.4317201,       0.2037862,
  -2000.0000000,  -73977.5000000,
     -0.8475141,       1.4331797,       0.2018400,
  -2000.0000000,  -74264.0000000,
     -0.8796263,       1.4017973,       0.2015157,
  -2000.0000000,  -74421.5000000,
     -0.8365668,       1.3893904,       0.2031375,
  -2000.0000000,  -74734.0000000,
     -0.8643000,       1.3295450,       0.2005426,
  -2000.0000000,  -74891.5000000,
     -0.8504334,       1.3463309,       0.1995695,
  -2000.0000000,  -75217.0000000,
     -0.8453247,       1.3682255,       0.2015157,
  -2000.0000000,  -75361.5000000,
     -0.8818158,       1.3842816,       0.1995695,
  -2000.0000000,  -75674.5000000,
     -0.8978719,       1.4142043,       0.2002182,
  -2000.0000000,  -75832.0000000,
     -0.8752474,       1.3857413,       0.2015157,
  -2000.0000000,  -76145.0000000,
     -0.8891140,       1.3886605,       0.1985964,
  -2000.0000000,  -76340.5000000,
     -0.8723281,       1.3558186,       0.1985964,
  -2000.0000000,  -76614.0000000,
     -0.8964122,       1.3310046,       0.1966502,
  -2000.0000000,  -76810.5000000,
     -0.8796263,       1.3565484,       0.1982720,
  -2000.0000000,  -77084.0000000,
     -0.8752474,       1.3426818,       0.1979476,
  -2000.0000000,  -77241.5000000,
     -0.8431352,       1.3448712,       0.1995695,
  -2000.0000000,  -77567.0000000,
     -0.8861947,       1.3755238,       0.1992451,
  -2000.0000000,  -77789.5000000,
     -0.8351072,       1.3638466,       0.2015157,
  -2000.0000000,  -77947.0000000,
     -0.8752474,       1.3828220,       0.1998938,
  -2000.0000000,  -78260.0000000,
     -0.9073595,       1.3755238,       0.1985964,
  -2000.0000000,  -78417.5000000,
     -0.8759772,       1.3777132,       0.2008669,
  -2000.0000000,  -78743.0000000,
     -0.9044403,       1.3419519,       0.1985964,
  -2000.0000000,  -78887.5000000,
     -0.8701386,       1.3536291,       0.1992451,
  -2000.0000000,  -79213.0000000,
     -0.8533527,       1.3645764,       0.1998938,
  -2000.0000000,  -79435.5000000,
     -0.9073595,       1.3674957,       0.1976233,
  -2000.0000000,  -79593.0000000,
     -0.8526229,       1.3762536,       0.1995695,
  -2000.0000000,  -79918.5000000,
     -0.8635702,       1.3565484,       0.1989207,
  -2000.0000000,  -80141.0000000,
     -0.9007911,       1.3594677,       0.1963258,
  -2000.0000000,  -80298.5000000,
     -0.8416756,       1.3813623,       0.1972989,
  -2000.0000000,  -80610.5000000,
     -0.8278089,       1.3704150,       0.1963258,
  -2000.0000000,  -80767.5000000,
     -0.8737877,       1.3361134,       0.1947040,
  -2000.0000000,  -81079.5000000,
     -0.8424054,       1.3477905,       0.1966502,
  -2000.0000000,  -81237.5000000,
     -0.8876543,       1.3456010,       0.1956771,
  -2000.0000000,  -81563.5000000,
     -0.8788965,       1.3426818,       0.1953527,
  -2000.0000000,  -81708.0000000,
     -0.8431352,       1.3361134,       0.1966502,
  -2000.0000000,  -82020.0000000,
     -0.8891140,       1.3229766,       0.1950284,
  -2000.0000000,  -82178.5000000,
     -0.9263349,       1.3390327,       0.1956771,
  -2000.0000000,  -82490.5000000,
     -0.8686790,       1.3441414,       0.1963258,
  -2000.0000000,  -82675.0000000,
     -0.9000613,       1.3295450,       0.1937309,
  -2000.0000000,  -82961.5000000,
     -0.8796263,       1.3244362,       0.1943796,
  -2000.0000000,  -83196.5000000,
     -0.8840052,       1.3258959,       0.1950284,
  -2000.0000000,  -83354.0000000,
     -0.9226858,       1.3098398,       0.1937309,
  -2000.0000000,  -83666.0000000,
     -0.8774368,       1.3404923,       0.1943796,
  -2000.0000000,  -83838.0000000,
     -0.8905736,       1.2930539,       0.1937309,
  -2000.0000000,  -84137.5000000,
     -0.9058999,       1.3061907,       0.1927578,
  -2000.0000000,  -84320.0000000,
     -0.8205107,       1.3178678,       0.1947040,
  -2000.0000000,  -84619.5000000,
     -0.8869245,       1.3142187,       0.1937309,
  -2000.0000000,  -84841.5000000,
     -0.9212262,       1.3069205,       0.1924334,
  -2000.0000000,  -85025.0000000,
     -0.8628404,       1.3215169,       0.1934065,
  -2000.0000000,  -85260.5000000,
     -0.9051701,       1.3237064,       0.1927578,
  -2000.0000000,  -85559.5000000,
     -0.9066297,       1.3105696,       0.1927578,
  -2000.0000000,  -85730.5000000,
     -0.8745175,       1.3215169,       0.1943796,
  -2000.0000000,  -86017.0000000,
     -0.9277946,       1.2930539,       0.1924334,
  -2000.0000000,  -86201.0000000,
     -0.8883842,       1.2988924,       0.1927578,
  -2000.0000000,  -86436.5000000,
     -0.8650299,       1.3061907,       0.1943796,
  -2000.0000000,  -86722.5000000,
     -0.9058999,       1.2988924,       0.1924334,
  -2000.0000000,  -86906.5000000,
     -0.8788965,       1.2850258,       0.1934065,
  -2000.0000000,  -87193.0000000,
     -0.8978719,       1.2879451,       0.1937309,
  -2000.0000000,  -87376.5000000,
     -0.9321735,       1.3112994,       0.1917847,
  -2000.0000000,  -87663.0000000,
     -0.9190367,       1.3032714,       0.1934065,
  -2000.0000000,  -87847.0000000,
     -0.8715983,       1.3215169,       0.1924334,
  -2000.0000000,  -88082.0000000,
     -0.9110086,       1.2558329,       0.1911360,
  -2000.0000000,  -88367.5000000,
     -0.8781667,       1.3032714,       0.1924334,
  -2000.0000000,  -88551.5000000,
     -0.8840052,       1.3434116,       0.1914603,
  -2000.0000000,  -88837.5000000,
     -0.9292542,       1.2587522,       0.1911360,
  -2000.0000000,  -89021.5000000,
     -0.8861947,       1.2675101,       0.1930822,
  -2000.0000000,  -89308.0000000,
     -0.9234156,       1.2813767,       0.1917847,
  -2000.0000000,  -89543.0000000,
     -0.9007911,       1.2974328,       0.1917847,
  -2000.0000000,  -89727.0000000,
     -0.8416756,       1.2492645,       0.1930822,
  -2000.0000000,  -90013.5000000,
     -0.9350928,       1.2667803,       0.1914603,
  -2000.0000000,  -90197.5000000,
     -0.8956824,       1.3222467,       0.1921091,
  -2000.0000000,  -90484.0000000,
     -0.8920333,       1.2872153,       0.1924334,
  -2000.0000000,  -90719.0000000,
     -0.9183069,       1.3040012,       0.1914603,
  -2000.0000000,  -90902.5000000,
     -0.9190367,       1.2959732,       0.1924334,
  -2000.0000000,  -91137.5000000,
     -0.8898438,       1.3273555,       0.1930822,
  -2000.0000000,  -91424.0000000,
     -0.9095490,       1.3032714,       0.1927578,
  -2000.0000000,  -91608.0000000,
     -0.9088192,       1.3178678,       0.1934065,
  -2000.0000000,  -91868.0000000,
     -0.9058999,       1.2499944,       0.1934065,
  -2000.0000000,  -92078.5000000,
     -0.9402015,       1.2769978,       0.1921091,
  -2000.0000000,  -92364.0000000,
     -0.9409314,       1.3222467,       0.1927578,
  -2000.0000000,  -92547.5000000,
     -0.9080894,       1.3528993,       0.1927578,
  -2000.0000000,  -92782.5000000,
     -0.9358226,       1.3105696,       0.1908116,
  -2000.0000000,  -93069.0000000,
     -0.9153876,       1.3185976,       0.1917847,
  -2000.0000000,  -93253.0000000,
     -0.8978719,       1.3638466,       0.1904872,
  -2000.0000000,  -93539.0000000,
     -0.9562576,       1.2769978,       0.1895141,
  -2000.0000000,  -93723.0000000,
     -0.8810859,       1.3302748,       0.1911360,
  -2000.0000000,  -93983.0000000,
     -0.9000613,       1.3353835,       0.1904872,
  -2000.0000000,  -94167.0000000,
     -0.9051701,       1.3200573,       0.1891898,
  -2000.0000000,  -94480.0000000,
     -0.8737877,       1.3295450,       0.1904872,
  -2000.0000000,  -94663.5000000,
     -0.8796263,       1.3149485,       0.1882167,
  -2000.0000000,  -94950.0000000,
     -0.9000613,       1.2821065,       0.1888654,
  -2000.0000000,  -95107.5000000,
     -0.8956824,       1.3185976,       0.1875680,
  -2000.0000000,  -95420.5000000,
     -0.9088192,       1.3266257,       0.1895141,
  -2000.0000000,  -95604.0000000,
     -0.8745175,       1.2872153,       0.1914603,
  -2000.0000000,  -95890.5000000,
     -0.8737877,       1.3514396,       0.1927578,
  -2000.0000000,  -96048.0000000,
     -0.9409314,       1.3558186,       0.1917847,
  -2000.0000000,  -96334.5000000,
     -0.8883842,       1.3361134,       0.1930822,
  -2000.0000000,  -96543.5000000,
     -0.9175770,       1.3711448,       0.1937309,
  -2000.0000000,  -96830.0000000,
     -0.9270647,       1.3324643,       0.1934065,
  -2000.0000000,  -96987.5000000,
     -0.9183069,       1.3857413,       0.1947040,
  -2000.0000000,  -97300.5000000,
     -0.9000613,       1.3609273,       0.1947040,
  -2000.0000000,  -97484.0000000,
     -0.9285244,       1.3543589,       0.1934065,
  -2000.0000000,  -97770.5000000,
     -0.9088192,       1.3806325,       0.1950284,
  -2000.0000000,  -97954.5000000,
     -0.9540681,       1.3872009,       0.1950284,
  -2000.0000000,  -98241.0000000,
     -0.9270647,       1.3952289,       0.1937309,
  -2000.0000000,  -98398.5000000,
     -0.9248753,       1.3791729,       0.1953527,
  -2000.0000000,  -98633.5000000,
     -0.9394717,       1.3667659,       0.1947040,
  -2000.0000000,  -98946.5000000,
     -0.9752330,       1.3762536,       0.1943796,
  -2000.0000000,  -99130.0000000,
     -0.8971420,       1.4178534,       0.1963258,
  -2000.0000000,  -99365.0000000,
     -0.9088192,       1.3463309,       0.1943796,
  -2000.0000000,  -99600.5000000,
     -0.9416612,       1.3631168,       0.1947040,
  -2000.0000000,  -99835.5000000,
     -0.9248753,       1.4025272,       0.1960015,
  -2000.0000000, -100095.5000000,
     -0.9693944,       1.3653062,       0.1953527,
  -2000.0000000, -100305.0000000,
     -0.9715839,       1.3550887,       0.1956771,
  -2000.0000000, -100591.5000000,
     -0.9460401,       1.3974184,       0.1960015,
  -2000.0000000, -100826.5000000,
     -0.9825312,       1.3726045,       0.1937309,
  -2000.0000000, -101010.0000000,
     -0.9058999,       1.3419519,       0.1966502,
  -2000.0000000, -101218.5000000,
     -0.9781523,       1.3514396,       0.1966502,
  -2000.0000000, -101531.5000000,
     -0.9905592,       1.3404923,       0.1960015,
  -2000.0000000, -101715.5000000,
     -0.9555278,       1.3346537,       0.1960015,
  -2000.0000000, -102002.0000000,
     -0.9577173,       1.3740641,       0.1966502,
  -2000.0000000, -102186.0000000,
     -0.9547980,       1.3901202,       0.1966502,
  -2000.0000000, -102472.5000000,
     -0.9642857,       1.3660361,       0.1976233,
  -2000.0000000, -102656.0000000,
     -0.9489594,       1.3704150,       0.1969746,
  -2000.0000000, -102942.5000000,
     -0.9511489,       1.3609273,       0.1969746,
  -2000.0000000, -103126.0000000,
     -0.9307138,       1.3674957,       0.1976233,
  -2000.0000000, -103386.0000000,
     -0.9518787,       1.3893904,       0.1956771,
  -2000.0000000, -103596.5000000,
     -0.9423910,       1.3944991,       0.1960015,
  -2000.0000000, -103883.0000000,
     -0.9511489,       1.3587378,       0.1972989,
  -2000.0000000, -104067.0000000,
     -0.9810716,       1.3514396,       0.1963258,
  -2000.0000000, -104352.5000000,
     -0.9715839,       1.3740641,       0.1956771,
  -2000.0000000, -104536.0000000,
     -0.9584471,       1.3835518,       0.1963258,
  -2000.0000000, -104822.5000000,
     -0.9372822,       1.3696852,       0.1943796,
  -2000.0000000, -105006.0000000,
     -0.9562576,       1.3142187,       0.1930822,
  -2000.0000000, -105292.5000000,
     -0.9161174,       1.3171380,       0.1930822,
  -2000.0000000, -105528.0000000,
     -0.9314437,       1.2945135,       0.1911360,
  -2000.0000000, -105711.5000000,
     -0.9423910,       1.3003521,       0.1934065,
  -2000.0000000, -105947.0000000,
     -0.9547980,       1.3178678,       0.1950284,
  -2000.0000000, -106233.5000000,
     -0.9912891,       1.3237064,       0.1947040,
  -2000.0000000, -106468.5000000,
     -0.9358226,       1.3215169,       0.1953527,
  -2000.0000000, -106652.5000000,
     -0.9219560,       1.3310046,       0.1966502,
  -2000.0000000, -106938.5000000,
     -0.9365524,       1.3244362,       0.1950284,
  -2000.0000000, -107122.0000000,
     -0.9263349,       1.3127591,       0.1940553,
  -2000.0000000, -107392.5000000,
     -0.9110086,       1.3032714,       0.1947040,
  -2000.0000000, -107634.0000000,
     -0.9504190,       1.3280853,       0.1963258,
  -2000.0000000, -107786.0000000,
     -0.9226858,       1.3098398,       0.1966502,
  -2000.0000000, -108085.5000000,
     -0.9839908,       1.3310046,       0.1940553,
  -2000.0000000, -108234.0000000,
     -0.9577173,       1.2981626,       0.1960015,
  -2000.0000000, -108526.0000000,
     -0.9752330,       1.3266257,       0.1969746,
  -2000.0000000, -108671.0000000,
     -0.9934785,       1.3295450,       0.1972989,
  -2000.0000000, -108956.5000000,
     -0.9781523,       1.3156783,       0.1976233,
  -2000.0000000, -109099.0000000,
     -0.9204963,       1.3317344,       0.1979476,
  -2000.0000000, -109378.0000000,
     -0.9307138,       1.3550887,       0.1972989,
  -2000.0000000, -109540.5000000,
     -0.9599067,       1.3390327,       0.1963258,
  -2000.0000000, -109789.5000000,
     -0.9628260,       1.3120292,       0.1992451,
  -2000.0000000, -109924.5000000,
     -0.9993171,       1.3127591,       0.1963258,
  -2000.0000000, -110190.0000000,
     -0.9460401,       1.3456010,       0.1982720,
  -2000.0000000, -110322.0000000,
     -0.9752330,       1.3288151,       0.1985964,
  -2000.0000000, -110581.0000000,
     -0.9766926,       1.3091099,       0.1963258,
  -2000.0000000, -110720.0000000,
     -0.9883698,       1.3142187,       0.1982720,
  -2000.0000000, -110939.5000000,
     -0.9664751,       1.3441414,       0.1992451,
  -2000.0000000, -111097.0000000,
     -1.0029662,       1.3623870,       0.1976233,
  -2000.0000000, -111310.5000000,
     -0.9547980,       1.3164082,       0.1969746,
  -2000.0000000, -111474.0000000,
     -0.9737733,       1.3434116,       0.1966502,
  -2000.0000000, -111672.0000000,
     -0.9540681,       1.3346537,       0.1947040,
  -2000.0000000, -111809.5000000,
     -0.9168472,       1.3470607,       0.1979476,
  -2000.0000000, -112022.0000000,
     -0.9745032,       1.3310046,       0.1956771,
  -2000.0000000, -112157.0000000,
     -0.9613664,       1.3331941,       0.1940553,
  -2000.0000000, -112383.0000000,
     -0.9329033,       1.3660361,       0.1947040,
  -2000.0000000, -112494.5000000,
     -0.9547980,       1.2937837,       0.1960015,
  -2000.0000000, -112695.0000000,
     -0.9810716,       1.3390327,       0.1950284,
  -2000.0000000, -112831.0000000,
     -0.9329033,       1.3273555,       0.1956771,
  -2000.0000000, -113016.0000000,
     -0.9985873,       1.3587378,       0.1927578,
  -2000.0000000, -113182.0000000,
     -0.9380121,       1.3353835,       0.1943796,
  -2000.0000000, -113302.5000000,
     -0.9547980,       1.3200573,       0.1956771,
  -2000.0000000, -113454.5000000,
     -0.9803417,       1.3229766,       0.1937309,
  -2000.0000000, -113644.5000000,
     -0.9613664,       1.3623870,       0.1950284,
  -2000.0000000, -113751.0000000,
     -0.9299840,       1.3361134,       0.1940553,
  -2000.0000000, -113918.5000000,
     -0.9584471,       1.3477905,       0.1914603,
  -2000.0000000, -114060.5000000,
     -0.9270647,       1.3463309,       0.1924334,
  -2000.0000000, -114192.0000000,
     -0.9562576,       1.3339239,       0.1924334,
  -2000.0000000, -114351.5000000,
     -0.9416612,       1.3258959,       0.1914603,
  -2000.0000000, -114449.0000000,
     -0.9358226,       1.3310046,       0.1914603,
  -2000.0000000, -114581.0000000,
     -0.9409314,       1.3331941,       0.1901629,
  -2000.0000000, -114731.0000000,
     -0.9810716,       1.3237064,       0.1895141,
  -2000.0000000, -114857.5000000,
     -0.9657453,       1.3426818,       0.1911360,
  -2000.0000000, -114962.0000000,
     -0.9657453,       1.3273555,       0.1901629,
  -2000.0000000, -115103.0000000,
     -0.9613664,       1.3237064,       0.1891898,
  -2000.0000000, -115196.5000000,
     -0.9453103,       1.2959732,       0.1911360,
  -2000.0000000, -115358.5000000,
     -0.9394717,       1.2952433,       0.1908116,
  -2000.0000000, -115435.0000000,
     -0.9730435,       1.3164082,       0.1904872,
  -2000.0000000, -115547.0000000,
     -0.9350928,       1.2967030,       0.1911360,
  -2000.0000000, -115674.0000000,
     -0.9066297,       1.3105696,       0.1898385,
  -2000.0000000, -115786.5000000,
     -0.9460401,       1.3244362,       0.1908116,
  -2000.0000000, -115868.0000000,
     -0.9299840,       1.2945135,       0.1917847,
  -2000.0000000, -115986.5000000,
     -0.9825312,       1.3339239,       0.1911360,
  -2000.0000000, -116096.5000000,
     -0.9555278,       1.3222467,       0.1924334,
  -2000.0000000, -116167.0000000,
     -0.9533383,       1.2901346,       0.1908116,
  -2000.0000000, -116276.5000000,
     -0.9394717,       1.2857556,       0.1830268,
  -2000.0000000, -116367.5000000,
     -0.9307138,       1.3091099,       0.1856218,
  -2000.0000000, -116471.5000000,
     -0.9796119,       1.3120292,       0.1917847,
  -2000.0000000, -116529.5000000,
     -0.9329033,       1.3251660,       0.1934065,
  -2000.0000000, -116641.0000000,
     -0.9285244,       1.3324643,       0.1937309,
  -2000.0000000, -116691.5000000,
     -0.9774225,       1.3434116,       0.1927578,
  -2000.0000000, -116801.0000000,
     -0.9526085,       1.3054608,       0.1934065,
  -2000.0000000, -116852.5000000,
     -0.9737733,       1.3251660,       0.1940553,
  -2000.0000000, -116946.5000000,
     -0.9504190,       1.3280853,       0.1927578,
  -2000.0000000, -116999.0000000,
     -0.9394717,       1.3404923,       0.1927578,
  -2000.0000000, -117090.5000000,
     -0.9562576,       1.3412221,       0.1934065,
  -2000.0000000, -117135.5000000,
     -0.9526085,       1.3134889,       0.1934065,
  -2000.0000000, -117210.0000000,
     -0.9781523,       1.3185976,       0.1934065,
  -2000.0000000, -117262.0000000,
     -0.9657453,       1.3105696,       0.1934065,
  -2000.0000000, -117331.0000000,
     -0.9905592,       1.3054608,       0.1927578,
  -2000.0000000, -117390.5000000,
     -0.9467699,       1.2996223,       0.1930822,
  -2000.0000000, -117433.0000000,
     -0.9876400,       1.3368432,       0.1940553,
  -2000.0000000, -117495.5000000,
     -0.9825312,       1.3280853,       0.1934065,
  -2000.0000000, -117547.5000000,
     -0.9635558,       1.3222467,       0.1940553,
  -2000.0000000, -117581.0000000,
     -0.9869101,       1.3434116,       0.1937309,
  -2000.0000000, -117639.5000000,
     -0.9518787,       1.3477905,       0.1937309,
  -2000.0000000, -117667.5000000,
     -0.9489594,       1.2762680,       0.1934065,
  -2000.0000000, -117713.0000000,
     -0.9453103,       1.2842960,       0.1937309,
  -2000.0000000, -117744.0000000,
     -0.9803417,       1.3273555,       0.1930822,
  -2000.0000000, -117786.0000000,
     -0.9620962,       1.3470607,       0.1943796,
  -2000.0000000, -117814.0000000,
     -0.9526085,       1.3200573,       0.1937309,
  -2000.0000000, -117844.5000000,
     -1.0131837,       1.3361134,       0.1934065,
  -2000.0000000, -117872.5000000,
     -0.9942084,       1.3237064,       0.1934065,
  -2000.0000000, -117891.5000000,
     -0.9803417,       1.3251660,       0.1934065,
  -2000.0000000, -117913.5000000,
     -0.9788821,       1.3215169,       0.1927578,
  -2000.0000000, -117937.0000000,
     -0.9679348,       1.3222467,       0.1934065,
  -2000.0000000, -117950.5000000,
     -0.9679348,       1.2959732,       0.1937309,
  -2000.0000000, -117968.5000000,
     -1.0058855,       1.2988924,       0.1927578,
  -2000.0000000, -117976.5000000,
     -0.9642857,       1.3047310,       0.1930822,
  -2000.0000000, -117987.5000000,
     -0.9949382,       1.3149485,       0.1934065,
  -2000.0000000, -117994.0000000,
     -0.9876400,       1.2959732,       0.1921091,
  -2000.0000000, -117997.5000000,
     -0.9526085,       1.3266257,       0.1943796,
  -2000.0000000, -117999.5000000,
     -0.9745032,       1.3025415,       0.1927578,
  -2000.0000000, -117999.5000000,
     -0.9664751,       1.3339239,       0.1924334,
  -2000.0000000, -117999.5000000,
     -0.9708541,       1.3244362,       0.1940553,
  -2000.0000000, -117999.5000000,
     -0.9533383,       1.3310046,       0.1934065,
  -2000.0000000, -117999.5000000,
     -0.9832610,       1.2945135,       0.1930822,
  -2000.0000000, -117999.5000000,
     -0.9540681,       1.3266257,       0.1927578,
  -2000.0000000, -117999.5000000,
     -0.9701242,       1.3171380,       0.1930822,
  -2000.0000000, -117999.5000000,
     -0.9701242,       1.3003521,       0.1934065,
  -2000.0000000, -117999.5000000,
     -0.9920189,       1.3149485,       0.1930822,
  -2000.0000000, -117999.5000000,
     -0.9686646,       1.3164082,       0.1927578,
  -2000.0000000, -117999.5000000,
     -0.9628260,       1.3215169,       0.1930822,
  -2000.0000000, -118000.0000000,
     -0.9650155,       1.3040012,       0.1927578,
  -2000.0000000, -118000.0000000,
     -0.9569874,       1.2959732,       0.1934065,
  -2000.0000000, -118000.0000000,
     -0.9584471,       1.3317344,       0.1934065,
  -2000.0000000, -118000.0000000,
     -1.0029662,       1.3076503,       0.1930822,
  -2000.0000000, -118000.0000000,
     -0.9956680,       1.2959732,       0.1934065,
  -2000.0000000, -118000.0000000,
     -0.9562576,       1.3054608,       0.1930822,
  -2000.0000000, -118000.0000000,
     -0.9766926,       1.3383028,       0.1927578,
  -2000.0000000, -118000.0000000,
     -0.9423910,       1.3258959,       0.1930822,
  -2000.0000000, -118000.0000000,
     -0.9460401,       1.3383028,       0.1934065,
  -2000.0000000, -118000.0000000,
     -0.9584471,       1.3266257,       0.1927578,
  -2000.0000000, -118000.0000000,
     -0.9876400,       1.3032714,       0.1927578,
  -2000.0000000, -118000.0000000,
     -0.9511489,       1.3185976,       0.1934065,
  -2000.0000000, -118000.0000000,
     -0.9861803,       1.3375730,       0.1930822,
  -2000.0000000, -118000.0000000,
     -0.9715839,       1.2631312,       0.1927578,
  -2000.0000000, -118000.0000000,
     -0.9876400,       1.3120292,       0.1930822,
  -2000.0000000, -118000.0000000,
     -0.9650155,       1.3353835,       0.1930822,
  -2000.0000000, -118000.0000000,
     -0.9752330,       1.3105696,       0.1937309,
  -2000.0000000, -118000.0000000,
     -0.9642857,       1.3200573,       0.1927578,
  -2000.0000000, -118000.0000000,
     -0.9350928,       1.3164082,       0.1930822,
  -2000.0000000, -118000.0000000,
     -0.9679348,       1.3142187,       0.1924334,
  -2000.0000000, -118000.0000000,
     -0.9788821,       1.3434116,       0.1924334,
  -2000.0000000, -118000.0000000,
     -0.9474997,       1.2996223,       0.1934065,
  -2000.0000000, -118000.0000000,
     -0.9620962,       1.3404923,       0.1930822,
  -2000.0000000, -118000.0000000,
     -0.9942084,       1.2959732,       0.1934065,
  -2000.0000000, -118000.0000000,
     -1.0182925,       1.3295450,       0.1930822,
  -2000.0000000, -118000.0000000,
     -0.9504190,       1.2894048,       0.1927578,
  -2000.0000000, -118000.0000000,
     -0.9825312,       1.3127591,       0.1930822,
  -2000.0000000, -118000.0000000,
     -0.9781523,       1.3134889,       0.1937309,
  -2000.0000000, -118000.0000000,
     -0.9657453,       1.3178678,       0.1934065,
  -2000.0000000, -118000.0000000,
     -0.9839908,       1.2974328,       0.1930822,
  -2000.0000000, -118000.0000000,
     -0.9701242,       1.3083801,       0.1930822,
  -2000.0000000, -118000.0000000,
     -0.9876400,       1.3120292,       0.1934065,
  -2000.0000000, -118000.0000000,
     -0.9431208,       1.3441414,       0.1934065,
  -2000.0000000, -118000.0000000,
     -0.9723137,       1.3470607,       0.1930822,
  -2000.0000000, -118000.0000000,
     -0.9839908,       1.2718890,       0.1924334,
  -2000.0000000, -118000.0000000,
     -0.9482296,       1.3142187,       0.1934065,
  -2000.0000000, -118000.0000000,
     -0.9533383,       1.2937837,       0.1937309,
  -2000.0000000, -118000.0000000,
     -0.9701242,       1.3200573,       0.1927578,
  -2000.0000000, -118000.0000000,
     -0.9774225,       1.3463309,       0.1927578,
  -2000.0000000, -118000.0000000,
     -0.9715839,       1.3346537,       0.1930822,
  -2000.0000000, -118000.0000000,
     -1.0161030,       1.3003521,       0.1930822,
  -2000.0000000, -118000.0000000,
     -0.9664751,       1.3324643,       0.1934065,
  -2000.0000000, -118000.0000000,
     -0.9504190,       1.2857556,       0.1930822,
  -2000.0000000, -118000.0000000,
     -0.9715839,       1.3317344,       0.1930822,
  -2000.0000000, -118000.0000000,
     -0.9912891,       1.3419519,       0.1930822,
  -2000.0000000, -118000.0000000,
     -0.9788821,       1.3149485,       0.1927578,
  -2000.0000000, -118000.0000000,
     -0.9883698,       1.3083801,       0.1934065,
  -2000.0000000, -118000.0000000,
     -0.9467699,       1.3288151,       0.1930822,
  -2000.0000000, -118000.0000000,
     -0.9766926,       1.3310046,       0.1930822,
  -2000.0000000, -118000.0000000,
     -0.9628260,       1.3127591,       0.1934065,
  -2000.0000000, -118000.0000000,
     -0.9628260,       1.3361134,       0.1930822,
  -2000.0000000, -118000.0000000,
     -0.9832610,       1.3426818,       0.1930822,
  -2000.0000000, -118000.0000000,
     -0.9715839,       1.3105696,       0.1937309,
  -2000.0000000, -118000.0000000,
     -0.9686646,       1.2915942,       0.1927578,
  -2000.0000000, -118000.0000000,
     -0.9584471,       1.3120292,       0.1927578,
  -2000.0000000, -118000.0000000,
     -0.9737733,       1.3149485,       0.1934065,
  -2000.0000000, -118000.0000000,
     -0.9628260,       1.3229766,       0.1930822,
  -2000.0000000, -118000.0000000,
     -0.9832610,       1.2915942,       0.1930822,
  -2000.0000000, -118000.0000000,
     -0.9839908,       1.2894048,       0.1930822,
  -2000.0000000, -118000.0000000,
     -0.9365524,       1.3288151,       0.1930822,
  -2000.0000000, -118000.0000000,
     -0.9562576,       1.3229766,       0.1927578,
  -2000.0000000, -118000.0000000,
     -0.9628260,       1.3273555,       0.1930822,
  -2000.0000000, -118000.0000000,
     -0.9847207,       1.3404923,       0.1930822,
  -2000.0000000, -118000.0000000,
     -0.9657453,       1.3456010,       0.1927578,
  -2000.0000000, -118000.0000000,
     -0.9642857,       1.3083801,       0.1930822,
  -2000.0000000, -118000.0000000,
     -0.9898294,       1.2901346,       0.1930822,
  -2000.0000000, -118000.0000000,
     -0.9905592,       1.3222467,       0.1927578,
  -2000.0000000, -118000.0000000,
     -0.9766926,       1.2864855,       0.1930822,
  -2000.0000000, -118000.0000000,
     -0.9693944,       1.3419519,       0.1934065,
  -2000.0000000, -118000.0000000,
     -0.9540681,       1.3419519,       0.1930822,
  -2000.0000000, -118000.0000000,
     -0.9715839,       1.3134889,       0.1924334,
  -2000.0000000, -118000.0000000,
     -0.9781523,       1.2974328,       0.1927578,
  -2000.0000000, -118000.0000000,
     -0.9664751,       1.3339239,       0.1930822,
  -2000.0000000, -118000.0000000,
     -0.9825312,       1.3178678,       0.1930822,
  -2000.0000000, -118000.0000000,
     -0.9759628,       1.3251660,       0.1930822,
  -2000.0000000, -118000.0000000,
     -0.9679348,       1.3040012,       0.1927578,
  -2000.0000000, -118000.0000000,
     -0.9942084,       1.3054608,       0.1927578,
  -2000.0000000, -118000.0000000,
     -0.9518787,       1.3003521,       0.1934065,
  -2000.0000000, -118000.0000000,
     -0.9642857,       1.3310046,       0.1930822,
  -2000.0000000, -118000.0000000,
     -1.0080750,       1.3404923,       0.1930822,
  -2000.0000000, -118000.0000000,
     -0.9402015,       1.3215169,       0.1930822,
  -2000.0000000, -118000.0000000,
