     -0.3534246,      -0.0804712,       0.3046638,
 -16000.0000000,  -12000.0000000,
     -0.3731298,      -0.0819308,       0.3046638,
 -16000.0000000,  -12000.0000000,
     -0.3702105,      -0.0804712,       0.3049882,
 -16000.0000000,  -12000.0000000,
     -0.3614527,      -0.0914185,       0.3049882,
 -16000.0000000,  -12000.0000000,
     -0.3563439,      -0.0899589,       0.3053126,
 -16000.0000000,  -12004.0000000,
     -0.3534246,      -0.1089343,       0.3056369,
 -16000.0000000,  -12008.0000000,
     -0.3709404,      -0.0841203,       0.3056369,
 -16000.0000000,  -12019.5000000,
     -0.3344493,      -0.0563871,       0.3056369,
 -16000.0000000,  -12027.0000000,
     -0.3672912,      -0.0906887,       0.3046638,
 -16000.0000000,  -12044.5000000,
     -0.3548843,      -0.0680642,       0.3046638,
 -16000.0000000,  -12056.5000000,
     -0.2899301,      -0.0607660,       0.3066100,
 -16000.0000000,  -12079.0000000,
     -0.3753193,      -0.0636853,       0.3056369,
 -16000.0000000,  -12097.0000000,
     -0.2746039,      -0.0753624,       0.3059613,
 -16000.0000000,  -12121.5000000,
     -0.2760635,      -0.0330328,       0.3066100,
 -16000.0000000,  -12143.0000000,
     -0.2943090,      -0.0534678,       0.3069344,
 -16000.0000000,  -12179.5000000,
     -0.2490601,      -0.0666046,       0.3066100,
 -16000.0000000,  -12202.0000000,
     -0.2454110,      -0.0366819,       0.3069344,
 -16000.0000000,  -12237.0000000,
     -0.2140286,      -0.0534678,       0.3053126,
 -16000.0000000,  -12281.0000000,
     -0.2205970,      -0.0425205,       0.3049882,
 -16000.0000000,  -12306.5000000,
     -0.2096497,      -0.0074890,       0.3053126,
 -16000.0000000,  -12361.0000000,
     -0.2045409,      -0.0279240,       0.3049882,
 -16000.0000000,  -12397.5000000,
     -0.1505341,      -0.0140574,       0.3046638,
 -16000.0000000,  -12441.0000000,
     -0.1782673,      -0.0447099,       0.3027177,
 -16000.0000000,  -12497.5000000,
     -0.1410464,      -0.0213556,       0.3017446,
 -16000.0000000,  -12551.5000000,
     -0.1257202,      -0.0308433,       0.3010958,
 -16000.0000000,  -12593.5000000,
     -0.1373973,      -0.0337626,       0.3004471,
 -16000.0000000,  -12661.5000000,
     -0.1111237,      -0.0096785,       0.3001227,
 -16000.0000000,  -12707.0000000,
     -0.0673344,      -0.0242749,       0.2997984,
 -16000.0000000,  -12781.0000000,
     -0.0782817,      -0.0133276,       0.2985009,
 -16000.0000000,  -12831.0000000,
     -0.0914185,      -0.0169767,       0.2978522,
 -16000.0000000,  -12911.5000000,
     -0.0870396,      -0.0177065,       0.2981765,
 -16000.0000000,  -12957.0000000,
     -0.0892291,      -0.0359521,       0.2978522,
 -16000.0000000,  -13035.5000000,
     -0.1118535,      -0.0476292,       0.2975278,
 -16000.0000000,  -13117.0000000,
     -0.1432359,      -0.0447099,       0.2981765,
 -16000.0000000,  -13193.0000000,
     -0.1636709,      -0.0563871,       0.2991496,
 -16000.0000000,  -13280.5000000,
     -0.2111093,      -0.0541976,       0.2991496,
 -16000.0000000,  -13344.0000000,
     -0.2592776,      -0.0352222,       0.2991496,
 -16000.0000000,  -13445.5000000,
     -0.2877406,      -0.0366819,       0.2978522,
 -16000.0000000,  -13503.0000000,
     -0.3264212,      -0.0052995,       0.2939598,
 -16000.0000000,  -13621.0000000,
     -0.3395580,      -0.0045697,       0.2890943,
 -16000.0000000,  -13692.0000000,
     -0.3986736,       0.0341109,       0.2874725,
 -16000.0000000,  -13806.0000000,
     -0.3877263,       0.0290021,       0.2806608,
 -16000.0000000,  -13881.5000000,
     -0.4169191,       0.0625739,       0.2732004,
 -16000.0000000,  -13990.0000000,
     -0.4461120,       0.0720616,       0.2657400,
 -16000.0000000,  -14080.5000000,
     -0.4329752,       0.0749809,       0.2592527,
 -16000.0000000,  -14206.5000000,
     -0.4380840,       0.0757107,       0.2524410,
 -16000.0000000,  -14289.5000000,
     -0.4161893,       0.0348407,       0.2459537,
 -16000.0000000,  -14421.5000000,
     -0.4023227,       0.0377600,       0.2388177,
 -16000.0000000,  -14520.5000000,
     -0.4052420,      -0.0038399,       0.2320060,
 -16000.0000000,  -14646.5000000,
     -0.3614527,      -0.0169767,       0.2284380,
 -16000.0000000,  -14750.0000000,
     -0.4198384,      -0.0264644,       0.2264918,
 -16000.0000000,  -14881.5000000,
     -0.4132700,      -0.0447099,       0.2251943,
 -16000.0000000,  -14989.5000000,
     -0.4074315,      -0.0607660,       0.2238969,
 -16000.0000000,  -15086.0000000,
     -0.4461120,      -0.0768221,       0.2242212,
 -16000.0000000,  -15239.5000000,
     -0.4665470,      -0.0709835,       0.2268162,
 -16000.0000000,  -15382.5000000,
     -0.4738453,      -0.0987167,       0.2284380,
 -16000.0000000,  -15477.0000000,
     -0.5176346,      -0.0950676,       0.2300598,
 -16000.0000000,  -15647.5000000,
     -0.5424485,      -0.0892291,       0.2316816,
 -16000.0000000,  -15754.0000000,
     -0.5351503,      -0.0739028,       0.2316816,
 -16000.0000000,  -15953.5000000,
     -0.5738309,      -0.0505485,       0.2323304,
 -16000.0000000,  -16001.5000000,
     -0.5592344,      -0.0337626,       0.2316816,
 -16000.0000000,  -16208.5000000,
     -0.5242030,      -0.0074890,       0.2290867,
 -16000.0000000,  -16306.0000000,
     -0.4767646,      -0.0133276,       0.2255187,
 -16000.0000000,  -16486.0000000,
     -0.4264068,      -0.0001908,       0.2187070,
 -16000.0000000,  -16637.5000000,
     -0.3089055,      -0.0286538,       0.2115710,
 -16000.0000000,  -16808.0000000,
     -0.3037967,       0.0078373,       0.2109223,
 -16000.0000000,  -16930.0000000,
     -0.2483303,      -0.0286538,       0.2089761,
 -16000.0000000,  -17123.0000000,
     -0.2205970,      -0.0644151,       0.2070299,
 -16000.0000000,  -17249.0000000,
     -0.2235163,      -0.0359521,       0.2054080,
 -16000.0000000,  -17448.0000000,
     -0.1403166,      -0.0636853,       0.2060568,
 -16000.0000000,  -17577.5000000,
     -0.1680498,      -0.1016360,       0.2070299,
 -16000.0000000,  -17783.0000000,
     -0.2023515,      -0.0702537,       0.2073542,
 -16000.0000000,  -17935.5000000,
     -0.1395868,      -0.1001764,       0.2080030,
 -16000.0000000,  -18119.0000000,
     -0.1242605,      -0.0622256,       0.2083273,
 -16000.0000000,  -18266.0000000,
     -0.1775375,      -0.0775519,       0.2099492,
 -16000.0000000,  -18483.5000000,
     -0.1578323,      -0.0534678,       0.2102735,
 -16000.0000000,  -18625.5000000,
     -0.1505341,      -0.0505485,       0.2054080,
 -16000.0000000,  -18848.0000000,
     -0.1206114,      -0.0928782,       0.2096248,
 -16000.0000000,  -18973.0000000,
     -0.1147728,      -0.0673344,       0.2105979,
 -16000.0000000,  -19223.5000000,
     -0.1381271,      -0.0512783,       0.2099492,
 -16000.0000000,  -19372.5000000,
     -0.1410464,      -0.0819308,       0.2115710,
 -16000.0000000,  -19608.5000000,
     -0.1454254,      -0.0790116,       0.2115710,
 -16000.0000000,  -19859.0000000,
     -0.1841059,      -0.0965273,       0.2125441,
 -16000.0000000,  -20004.0000000,
     -0.1417762,      -0.0877694,       0.2118954,
 -16000.0000000,  -20205.5000000,
     -0.1651306,      -0.0541976,       0.2105979,
 -16000.0000000,  -20365.0000000,
     -0.1512639,      -0.1030957,       0.2067055,
 -16000.0000000,  -20627.0000000,
     -0.0899589,      -0.0264644,       0.2054080,
 -16000.0000000,  -20766.5000000,
     -0.1067448,      -0.0797414,       0.2093004,
 -16000.0000000,  -20988.0000000,
     -0.1512639,      -0.0687940,       0.2105979,
 -16000.0000000,  -21178.5000000,
     -0.0658748,      -0.0600362,       0.2109223,
 -16000.0000000,  -21381.0000000,
     -0.1242605,      -0.0417906,       0.2109223,
 -16000.0000000,  -21671.5000000,
     -0.1206114,      -0.0614958,       0.2109223,
 -16000.0000000,  -21832.0000000,
     -0.0914185,      -0.0695239,       0.2118954,
 -16000.0000000,  -22104.0000000,
     -0.1512639,      -0.0731730,       0.2112466,
 -16000.0000000,  -22280.5000000,
     -0.1074746,      -0.0512783,       0.2115710,
 -16000.0000000,  -22545.0000000,
     -0.1060150,      -0.0403310,       0.2112466,
 -16000.0000000,  -22801.0000000,
     -0.1527236,      -0.0264644,       0.2093004,
 -16000.0000000,  -22957.0000000,
     -0.1045553,      -0.0593064,       0.2102735,
 -16000.0000000,  -23270.0000000,
     -0.0950676,      -0.0760923,       0.2109223,
 -16000.0000000,  -23427.0000000,
     -0.0957975,      -0.0468994,       0.2099492,
 -16000.0000000,  -23740.0000000,
     -0.0374117,      -0.0359521,       0.2099492,
 -16000.0000000,  -23897.5000000,
     -0.0490888,      -0.0527380,       0.2073542,
 -16000.0000000,  -24210.5000000,
     -0.0549274,      -0.0125977,       0.2063811,
 -16000.0000000,  -24394.5000000,
      0.0114864,      -0.0461696,       0.2063811,
 -16000.0000000,  -24680.5000000,
     -0.0666046,      -0.0366819,       0.2060568,
 -16000.0000000,  -24838.0000000,
     -0.0629555,      -0.0344924,       0.2067055,
 -16000.0000000,  -25151.0000000,
     -0.0250047,      -0.0439801,       0.2067055,
 -16000.0000000,  -25334.5000000,
     -0.0666046,      -0.0396012,       0.2060568,
 -16000.0000000,  -25594.5000000,
     -0.0257345,      -0.0498187,       0.2063811,
 -16000.0000000,  -25778.5000000,
     -0.0352222,      -0.0330328,       0.2063811,
 -16000.0000000,  -26091.5000000,
     -0.1184219,      -0.0447099,       0.2060568,
 -16000.0000000,  -26249.0000000,
     -0.0673344,      -0.0396012,       0.2054080,
 -16000.0000000,  -26484.0000000,
     -0.0520081,      -0.0257345,       0.2060568,
 -16000.0000000,  -26783.0000000,
     -0.0884992,      -0.0315731,       0.2054080,
 -16000.0000000,  -27031.0000000,
      0.0071074,      -0.0541976,       0.2044350,
 -16000.0000000,  -27214.5000000,
     -0.0206258,      -0.0381415,       0.2047593,
 -16000.0000000,  -27501.0000000,
     -0.0447099,      -0.0403310,       0.2060568,
 -16000.0000000,  -27658.5000000,
      0.0136758,      -0.0366819,       0.2070299,
 -16000.0000000,  -27971.5000000,
     -0.0461696,      -0.0315731,       0.2067055,
 -16000.0000000,  -28206.5000000,
     -0.0906887,      -0.0468994,       0.2067055,
 -16000.0000000,  -28390.5000000,
     -0.0337626,      -0.0271942,       0.2086517,
 -16000.0000000,  -28664.0000000,
     -0.0578467,      -0.0140574,       0.2099492,
 -16000.0000000,  -28860.5000000,
     -0.0578467,      -0.0279240,       0.2102735,
 -16000.0000000,  -29147.0000000,
      0.0275425,      -0.0228153,       0.2099492,
 -16000.0000000,  -29382.0000000,
     -0.0198960,       0.0041882,       0.2089761,
 -16000.0000000,  -29539.5000000,
     -0.0023802,       0.0165951,       0.2044350,
 -16000.0000000,  -29853.0000000,
      0.0545459,       0.0414091,       0.2063811,
 -16000.0000000,  -30010.5000000,
     -0.0476292,       0.0071074,       0.2047593,
 -16000.0000000,  -30245.5000000,
      0.0063776,      -0.0009206,       0.2024888,
 -16000.0000000,  -30558.5000000,
     -0.0111381,       0.0319214,       0.2028131,
 -16000.0000000,  -31113.0000000,
     -0.0826607,      -0.0155170,       0.2031375,
 -16000.0000000,  -31207.5000000,
     -0.0067592,       0.0005390,       0.2054080,
 -16000.0000000,  -31327.5000000,
      0.0056478,      -0.0541976,       0.2089761,
 -16000.0000000,  -31511.0000000,
     -0.0096785,      -0.0425205,       0.2115710,
 -16000.0000000,  -31669.5000000,
      0.0268126,      -0.0323029,       0.2131928,
 -16000.0000000,  -31981.5000000,
      0.0311916,      -0.0060293,       0.2135172,
 -16000.0000000,  -32152.5000000,
      0.0487073,      -0.0023802,       0.2115710,
 -16000.0000000,  -32425.5000000,
      0.0435985,       0.0085671,       0.2112466,
 -16000.0000000,  -32660.5000000,
      0.0808195,       0.0173250,       0.2080030,
 -16000.0000000,  -32909.0000000,
      0.0392196,       0.0136758,       0.2089761,
 -16000.0000000,  -33105.5000000,
      0.0567353,      -0.0038399,       0.2099492,
 -16000.0000000,  -33341.0000000,
      0.0297319,       0.0019987,       0.2109223,
 -16000.0000000,  -33601.0000000,
      0.0304618,       0.0049180,       0.2105979,
 -16000.0000000,  -33850.0000000,
      0.0662230,       0.0421389,       0.2105979,
 -16000.0000000,  -34046.5000000,
      0.0457880,      -0.0082188,       0.2096248,
 -16000.0000000,  -34281.5000000,
      0.0779002,       0.0290021,       0.2105979,
 -16000.0000000,  -34541.5000000,
      0.0742511,      -0.0052995,       0.2096248,
 -16000.0000000,  -34750.5000000,
      0.0246232,      -0.0023802,       0.2102735,
 -16000.0000000,  -35010.5000000,
      0.0903072,       0.0363003,       0.2105979,
 -16000.0000000,  -36080.5000000,
      0.0560055,       0.0144057,       0.2096248,
 -16000.0000000,  -36381.5000000,
      0.0530862,       0.0377600,       0.2099492,
 -16000.0000000,  -36451.0000000,
      0.0406793,       0.0341109,       0.2105979,
 -16000.0000000,  -36545.5000000,
      0.0326512,       0.0085671,       0.2118954,
 -16000.0000000,  -36615.0000000,
      0.0114864,      -0.0235451,       0.2115710,
 -16000.0000000,  -36709.5000000,
     -0.0009206,       0.0056478,       0.2128685,
 -16000.0000000,  -36803.5000000,
      0.0611143,       0.0545459,       0.2131928,
 -16000.0000000,  -36898.0000000,
     -0.0133276,      -0.0213556,       0.2128685,
 -16000.0000000,  -37119.0000000,
      0.0530862,       0.0406793,       0.2112466,
 -16000.0000000,  -37329.5000000,
      0.0676827,       0.0187846,       0.2112466,
 -16000.0000000,  -37589.5000000,
      0.0165951,       0.0173250,       0.2112466,
 -16000.0000000,  -37800.0000000,
      0.0508968,       0.0421389,       0.2102735,
 -16000.0000000,  -38060.0000000,
      0.0414091,       0.0443284,       0.2089761,
 -16000.0000000,  -38270.5000000,
      0.0465178,       0.0180548,       0.2089761,
 -16000.0000000,  -38505.5000000,
      0.0691423,      -0.0038399,       0.2076786,
 -16000.0000000,  -38753.5000000,
      0.0231635,       0.0071074,       0.2076786,
 -16000.0000000,  -39027.0000000,
      0.0209741,       0.0443284,       0.2083273,
 -16000.0000000,  -39197.0000000,
      0.0406793,       0.0392196,       0.2089761,
 -16000.0000000,  -39444.5000000,
      0.0647634,      -0.0045697,       0.2099492,
 -16000.0000000,  -39680.0000000,
      0.0326512,      -0.0104083,       0.2102735,
 -16000.0000000,  -39915.0000000,
      0.0552757,       0.0034583,       0.2102735,
 -16000.0000000,  -40201.5000000,
      0.0268126,       0.0260828,       0.2099492,
 -16000.0000000,  -40372.0000000,
      0.0421389,      -0.0045697,       0.2102735,
 -16000.0000000,  -40607.0000000,
      0.0713318,       0.0326512,       0.2080030,
 -16000.0000000,  -40855.5000000,
      0.0545459,       0.0319214,       0.2070299,
 -16000.0000000,  -41090.5000000,
      0.0837388,       0.0253530,       0.2070299,
 -16000.0000000,  -41377.0000000,
      0.0990650,       0.0246232,       0.2083273,
 -16000.0000000,  -41612.5000000,
      0.0800896,       0.0202442,       0.2076786,
 -16000.0000000,  -41796.0000000,
      0.1056334,       0.0158653,       0.2096248,
 -16000.0000000,  -42082.5000000,
      0.0822791,       0.0224337,       0.2093004,
 -16000.0000000,  -42266.5000000,
      0.0406793,       0.0275425,       0.2093004,
 -16000.0000000,  -42553.0000000,
      0.1297175,      -0.0038399,       0.2096248,
 -16000.0000000,  -42788.0000000,
      0.0939563,       0.0100267,       0.2105979,
 -16000.0000000,  -42971.5000000,
      0.0968756,       0.0290021,       0.2093004,
 -16000.0000000,  -43245.5000000,
      0.1311772,       0.0472477,       0.2089761,
 -16000.0000000,  -43441.0000000,
      0.1297175,       0.0428687,       0.2021644,
 -16000.0000000,  -43727.5000000,
      0.1195000,       0.0494371,       0.2063811,
 -16000.0000000,  -43962.5000000,
      0.1516122,       0.0472477,       0.2047593,
 -16000.0000000,  -44146.5000000,
      0.0749809,       0.0326512,       0.1985964,
 -16000.0000000,  -44433.0000000,
      0.1092825,       0.0282723,       0.2024888,
 -16000.0000000,  -44617.0000000,
      0.1158509,      -0.0228153,       0.2031375,
 -16000.0000000,  -44903.0000000,
      0.1275281,       0.0027285,       0.2041106,
 -16000.0000000,  -45087.0000000,
      0.1479631,       0.0209741,       0.2047593,
 -16000.0000000,  -45373.5000000,
      0.1450438,       0.0071074,       0.2054080,
 -16000.0000000,  -45543.5000000,
      0.1231491,      -0.0052995,       0.2054080,
 -16000.0000000,  -45792.5000000,
      0.1165808,       0.0165951,       0.2054080,
 -16000.0000000,  -46079.0000000,
      0.1413947,       0.0195144,       0.2060568,
 -16000.0000000,  -46314.0000000,
      0.1253386,       0.0187846,       0.2054080,
 -16000.0000000,  -46498.0000000,
      0.1523420,       0.0041882,       0.2044350,
 -16000.0000000,  -46784.0000000,
      0.1355561,       0.0165951,       0.2037862,
 -16000.0000000,  -46968.0000000,
      0.1355561,       0.0494371,       0.2028131,
 -16000.0000000,  -47254.5000000,
      0.1837244,       0.0246232,       0.2021644,
 -16000.0000000,  -47488.5000000,
      0.1567210,       0.0100267,       0.2018400,
 -16000.0000000,  -47672.5000000,
      0.1516122,       0.0487073,       0.2002182,
 -16000.0000000,  -47893.5000000,
      0.1625595,       0.0370301,       0.1985964,
 -16000.0000000,  -48142.5000000,
      0.1676683,       0.0217039,       0.1982720,
 -16000.0000000,  -48378.0000000,
      0.1873735,       0.0246232,       0.1979476,
 -16000.0000000,  -48664.5000000,
      0.2253242,       0.0107566,       0.1976233,
 -16000.0000000,  -48848.0000000,
      0.2121874,       0.0049180,       0.1969746,
 -16000.0000000,  -49134.5000000,
      0.1735069,       0.0151355,       0.1976233,
 -16000.0000000,  -49318.0000000,
      0.2107278,       0.0260828,       0.1976233,
 -16000.0000000,  -49604.5000000,
      0.1640192,      -0.0147872,       0.1972989,
 -16000.0000000,  -49788.5000000,
      0.2377312,      -0.0016504,       0.1972989,
 -16000.0000000,  -50075.0000000,
      0.2698434,       0.0100267,       0.1989207,
 -16000.0000000,  -50297.5000000,
      0.2267839,       0.0092969,       0.1992451,
 -16000.0000000,  -50545.5000000,
      0.2588960,       0.0107566,       0.2005426,
 -16000.0000000,  -50780.5000000,
      0.2807907,      -0.0067592,       0.2018400,
 -16000.0000000,  -50964.0000000,
      0.1800753,      -0.0505485,       0.2031375,
 -16000.0000000,  -51199.5000000,
      0.2282435,      -0.0191661,       0.2028131,
 -16000.0000000,  -51484.5000000,
      0.2180260,      -0.0133276,       0.2037862,
 -16000.0000000,  -51668.5000000,
      0.2034296,      -0.0220854,       0.2044350,
 -16000.0000000,  -51955.0000000,
      0.2851696,      -0.0425205,       0.2070299,
 -16000.0000000,  -52112.5000000,
      0.2625452,      -0.0541976,       0.2099492,
 -16000.0000000,  -52425.5000000,
      0.2676539,      -0.0768221,       0.2131928,
 -16000.0000000,  -52609.0000000,
      0.3004959,      -0.0556572,       0.2170852,
 -16000.0000000,  -52844.0000000,
      0.2304330,      -0.0673344,       0.2209776,
 -16000.0000000,  -53130.5000000,
      0.1815349,      -0.0301135,       0.2219507,
 -16000.0000000,  -53314.5000000,
      0.2282435,      -0.0396012,       0.2235725,
 -16000.0000000,  -53601.0000000,
      0.1669385,      -0.0104083,       0.2251943,
 -16000.0000000,  -53758.0000000,
      0.2158365,      -0.0293837,       0.2258431,
 -16000.0000000,  -54071.0000000,
      0.2647346,      -0.0045697,       0.2255187,
 -16000.0000000,  -54241.5000000,
      0.1866437,      -0.0374117,       0.2251943,
 -16000.0000000,  -54541.5000000,
      0.2245944,      -0.0067592,       0.2229238,
 -16000.0000000,  -54725.5000000,
      0.2632750,      -0.0271942,       0.2225994,
 -16000.0000000,  -54998.5000000,
      0.1946717,      -0.0206258,       0.2219507,
 -16000.0000000,  -55195.5000000,
      0.2435698,      -0.0556572,       0.2222750,
 -16000.0000000,  -55468.0000000,
      0.2282435,      -0.0556572,       0.2229238,
 -16000.0000000,  -55664.5000000,
      0.1895630,      -0.0666046,       0.2229238,
 -16000.0000000,  -55951.0000000,
      0.2311628,      -0.0644151,       0.2242212,
 -16000.0000000,  -56135.0000000,
      0.2311628,      -0.0673344,       0.2255187,
 -16000.0000000,  -56422.5000000,
      0.2136471,      -0.0571169,       0.2255187,
 -16000.0000000,  -56606.0000000,
      0.3019555,      -0.0447099,       0.2255187,
 -16000.0000000,  -56892.0000000,
      0.2362716,      -0.0585765,       0.2248700,
 -16000.0000000,  -57076.5000000,
      0.2413803,      -0.0220854,       0.2242212,
 -16000.0000000,  -57350.0000000,
      0.2698434,      -0.0352222,       0.2225994,
 -16000.0000000,  -57547.0000000,
      0.2413803,      -0.0388713,       0.2225994,
 -16000.0000000,  -57806.5000000,
      0.2895486,      -0.0439801,       0.2206532,
 -16000.0000000,  -58042.0000000,
      0.2713030,      -0.0323029,       0.2200045,
 -16000.0000000,  -58252.5000000,
      0.2786012,      -0.0308433,       0.2196801,
 -16000.0000000,  -58539.0000000,
      0.2931977,      -0.0658748,       0.2174096,
 -16000.0000000,  -58723.0000000,
      0.3209309,      -0.0213556,       0.2174096,
 -16000.0000000,  -58983.0000000,
      0.2318926,      -0.0556572,       0.2167608,
 -16000.0000000,  -59180.5000000,
      0.2450294,      -0.0257345,       0.2157877,
 -16000.0000000,  -59453.0000000,
      0.3056047,      -0.0614958,       0.2144903,
 -16000.0000000,  -59676.0000000,
      0.2771416,      -0.0483590,       0.2131928,
 -16000.0000000,  -59923.0000000,
      0.2778714,      -0.0622256,       0.2131928,
 -16000.0000000,  -60133.5000000,
      0.2953871,      -0.0899589,       0.2118954,
 -16000.0000000,  -60393.5000000,
      0.2370014,      -0.0468994,       0.2118954,
 -16000.0000000,  -60591.0000000,
      0.3099836,      -0.0432503,       0.2118954,
 -16000.0000000,  -60839.0000000,
      0.2997661,      -0.0571169,       0.2118954,
 -16000.0000000,  -61098.5000000,
      0.2720328,      -0.0884992,       0.2118954,
 -16000.0000000,  -61309.0000000,
      0.3238502,      -0.0760923,       0.2115710,
 -16000.0000000,  -61569.0000000,
      0.2895486,      -0.0563871,       0.2115710,
 -16000.0000000,  -61779.5000000,
      0.2734925,      -0.0753624,       0.2112466,
 -16000.0000000,  -62053.0000000,
      0.3654501,      -0.0490888,       0.2102735,
 -16000.0000000,  -62250.5000000,
      0.2880889,      -0.0666046,       0.2105979,
 -16000.0000000,  -62510.0000000,
      0.2713030,      -0.0804712,       0.2105979,
 -16000.0000000,  -62745.0000000,
      0.3267695,      -0.0906887,       0.2109223,
 -16000.0000000,  -62955.5000000,
      0.2545171,      -0.0753624,       0.2115710,
 -16000.0000000,  -63215.5000000,
      0.2698434,      -0.0687940,       0.2128685,
 -16000.0000000,  -63463.0000000,
      0.3172818,      -0.0425205,       0.2135172,
 -16000.0000000,  -63660.0000000,
      0.2501382,      -0.0855799,       0.2148146,
 -16000.0000000,  -63919.5000000,
      0.2910082,      -0.0804712,       0.2154634,
 -16000.0000000,  -64155.0000000,
      0.2990363,      -0.1103939,       0.2161121,
 -16000.0000000,  -64404.5000000,
      0.2340821,      -0.0804712,       0.2180583,
 -16000.0000000,  -64601.5000000,
      0.3004959,      -0.0600362,       0.2180583,
 -16000.0000000,  -64874.5000000,
      0.2793311,      -0.0782817,       0.2180583,
 -16000.0000000,  -65071.5000000,
      0.2837100,      -0.0950676,       0.2193558,
 -16000.0000000,  -65331.0000000,
      0.3267695,      -0.0943378,       0.2196801,
 -16000.0000000,  -65529.5000000,
      0.3457449,      -0.0812010,       0.2206532,
 -16000.0000000,  -65802.0000000,
      0.2596259,      -0.0790116,       0.2174096,
 -16000.0000000,  -66051.5000000,
      0.3727483,      -0.0979869,       0.2213020,
 -16000.0000000,  -66222.0000000,
      0.3245800,      -0.0863098,       0.2219507,
 -16000.0000000,  -66457.0000000,
      0.3026854,      -0.0768221,       0.2216263,
 -16000.0000000,  -66730.5000000,
      0.3749377,      -0.0666046,       0.2213020,
 -16000.0000000,  -66992.0000000,
      0.3238502,      -0.0957975,       0.2216263,
 -16000.0000000,  -67162.0000000,
      0.3282291,      -0.0797414,       0.2209776,
 -16000.0000000,  -67461.0000000,
      0.3625308,      -0.0848501,       0.2206532,
 -16000.0000000,  -67658.0000000,
      0.3311484,      -0.0848501,       0.2206532,
 -16000.0000000,  -67932.0000000,
      0.3450150,      -0.0739028,       0.2203289,
 -16000.0000000,  -68116.0000000,
      0.3844254,      -0.0936080,       0.2193558,
 -16000.0000000,  -68313.0000000,
      0.3450150,      -0.0746326,       0.2183827,
 -16000.0000000,  -68586.5000000,
      0.4150780,      -0.0936080,       0.2174096,
 -16000.0000000,  -68872.5000000,
      0.3953728,      -0.0687940,       0.2164365,
 -16000.0000000,  -69042.5000000,
      0.3727483,      -0.0833905,       0.2157877,
 -16000.0000000,  -69329.0000000,
      0.4128885,      -0.0790116,       0.2138415,
 -16000.0000000,  -69578.0000000,
      0.3982921,      -0.1045553,       0.2135172,
 -16000.0000000,  -69748.0000000,
      0.3690992,      -0.1030957,       0.2099492,
 -16000.0000000,  -70010.0000000,
      0.4106990,      -0.0768221,       0.2118954,
 -16000.0000000,  -70283.5000000,
      0.3902640,      -0.0987167,       0.2118954,
 -16000.0000000,  -70454.0000000,
      0.3530431,      -0.0527380,       0.2099492,
 -16000.0000000,  -70677.0000000,
      0.3880745,      -0.1023659,       0.2089761,
 -16000.0000000,  -70923.5000000,
      0.3508536,      -0.0950676,       0.2083273,
 -16000.0000000,  -71198.0000000,
      0.3479343,      -0.0914185,       0.2073542,
 -16000.0000000,  -71432.5000000,
      0.4092394,      -0.0790116,       0.2054080,
 -16000.0000000,  -71667.5000000,
      0.3683693,      -0.0731730,       0.2057324,
 -16000.0000000,  -71928.0000000,
      0.3625308,      -0.0877694,       0.2047593,
 -16000.0000000,  -72138.0000000,
      0.4296744,      -0.0906887,       0.2041106,
 -16000.0000000,  -72398.5000000,
      0.3150923,      -0.1038255,       0.2057324,
 -16000.0000000,  -72594.5000000,
      0.4034008,      -0.1213412,       0.2067055,
 -16000.0000000,  -72868.5000000,
      0.4012113,      -0.1125834,       0.2070299,
 -16000.0000000,  -73064.5000000,
      0.3311484,      -0.1337482,       0.2083273,
 -16000.0000000,  -73339.0000000,
      0.3800465,      -0.0921483,       0.2093004,
 -16000.0000000,  -73548.5000000,
      0.3720185,      -0.1403166,       0.2093004,
 -16000.0000000,  -73782.5000000,
      0.3223906,      -0.1286394,       0.2083273,
 -16000.0000000,  -74019.0000000,
      0.4041306,      -0.1337482,       0.2118954,
 -16000.0000000,  -74280.0000000,
      0.3968324,      -0.1155027,       0.2125441,
 -16000.0000000,  -74450.0000000,
      0.3610711,      -0.1446955,       0.2138415,
 -16000.0000000,  -74750.0000000,
      0.3844254,      -0.1206114,       0.2141659,
 -16000.0000000,  -74920.0000000,
      0.3771272,      -0.1155027,       0.2151390,
 -16000.0000000,  -75246.0000000,
      0.3734781,      -0.1549130,       0.2148146,
 -16000.0000000,  -75415.5000000,
      0.3749377,      -0.1476148,       0.2170852,
 -16000.0000000,  -75689.0000000,
      0.3282291,      -0.1191518,       0.2177339,
 -16000.0000000,  -75859.5000000,
      0.3639904,      -0.1483446,       0.2174096,
 -16000.0000000,  -76133.0000000,
      0.4325937,      -0.1082044,       0.2180583,
 -16000.0000000,  -76355.5000000,
      0.3807763,      -0.1439657,       0.2180583,
 -16000.0000000,  -76630.0000000,
      0.4245656,      -0.1133132,       0.2177339,
 -16000.0000000,  -76813.5000000,
      0.3961026,      -0.1001764,       0.2161121,
 -16000.0000000,  -77086.0000000,
      0.4362428,      -0.1220711,       0.2183827,
 -16000.0000000,  -77335.0000000,
      0.4209165,      -0.0972571,       0.2144903,
 -16000.0000000,  -77505.0000000,
      0.4442708,      -0.0753624,       0.2161121,
 -16000.0000000,  -77740.5000000,
      0.4442708,      -0.1023659,       0.2157877,
 -16000.0000000,  -78040.5000000,
      0.4311340,      -0.1468850,       0.2151390,
 -16000.0000000,  -78250.5000000,
      0.4296744,      -0.1133132,       0.2141659,
 -16000.0000000,  -78498.0000000,
      0.4296744,      -0.1060150,       0.2122197,
 -16000.0000000,  -78694.0000000,
      0.4574076,      -0.1103939,       0.2102735,
 -16000.0000000,  -78981.0000000,
      0.4413516,      -0.1133132,       0.2089761,
 -16000.0000000,  -79165.0000000,
      0.4209165,      -0.1067448,       0.2076786,
 -16000.0000000,  -79450.0000000,
      0.4639760,      -0.0775519,       0.2073542,
 -16000.0000000,  -79620.5000000,
      0.4187271,      -0.0826607,       0.2057324,
 -16000.0000000,  -79920.5000000,
      0.4471901,      -0.0286538,       0.2031375,
 -16000.0000000,  -80104.5000000,
      0.4668953,       0.0071074,       0.1995695,
 -16000.0000000,  -80391.0000000,
      0.4092394,      -0.0162469,       0.1960015,
 -16000.0000000,  -80561.0000000,
      0.4398919,      -0.0264644,       0.1934065,
 -16000.0000000,  -80834.5000000,
      0.4705444,      -0.0512783,       0.1908116,
 -16000.0000000,  -81018.0000000,
      0.4012113,      -0.0468994,       0.1888654,
 -16000.0000000,  -81357.0000000,
      0.4668953,      -0.0257345,       0.1862705,
 -16000.0000000,  -81515.0000000,
      0.4362428,      -0.0184363,       0.1843243,
 -16000.0000000,  -81800.5000000,
      0.4333235,      -0.0447099,       0.1833512,
 -16000.0000000,  -81985.5000000,
      0.4537585,      -0.0330328,       0.1810806,
 -16000.0000000,  -82245.5000000,
      0.4384323,      -0.0337626,       0.1791345,
 -16000.0000000,  -82456.0000000,
      0.4340533,       0.0071074,       0.1771883,
 -16000.0000000,  -82742.0000000,
      0.4201867,       0.0071074,       0.1736202,
 -16000.0000000,  -82951.5000000,
      0.3990219,      -0.0257345,       0.1703766,
 -16000.0000000,  -83199.5000000,
      0.3909938,       0.0071074,       0.1661598,
 -16000.0000000,  -83395.0000000,
      0.4194569,       0.0523564,       0.1606456,
 -16000.0000000,  -83681.5000000,
      0.3581518,       0.0516266,       0.1541583,
 -16000.0000000,  -83838.5000000,
      0.3734781,       0.0384898,       0.1489685,
 -16000.0000000,  -84152.0000000,
      0.3939131,      -0.0388713,       0.1444274,
 -16000.0000000,  -84309.5000000,
      0.3545027,      -0.0381415,       0.1424812,
 -16000.0000000,  -84622.0000000,
      0.3026854,      -0.1082044,       0.1434543,
 -16000.0000000,  -84818.0000000,
      0.3318782,      -0.2074602,       0.1544827,
 -16000.0000000,  -85092.0000000,
      0.2442996,      -0.3322598,       0.1758908,
 -16000.0000000,  -85302.0000000,
      0.3048748,      -0.3162037,       0.1885411,
 -16000.0000000,  -85549.5000000,
      0.3720185,      -0.3271510,       0.2008669,
 -16000.0000000,  -85746.5000000,
      0.3822360,      -0.2497899,       0.2128685,
 -16000.0000000,  -86033.0000000,
      0.4763830,      -0.2278952,       0.2167608,
 -16000.0000000,  -86217.0000000,
      0.4610567,      -0.1950533,       0.2190314,
 -16000.0000000,  -86516.0000000,
      0.4420814,      -0.1921340,       0.2200045,
 -16000.0000000,  -86687.0000000,
      0.5004671,      -0.1651306,       0.2193558,
 -16000.0000000,  -86973.5000000,
      0.4880602,      -0.1439657,       0.2193558,
 -16000.0000000,  -87157.5000000,
      0.4296744,      -0.1782673,       0.2200045,
 -16000.0000000,  -87429.5000000,
      0.5136039,      -0.1789972,       0.2187070,
 -16000.0000000,  -87652.0000000,
      0.4851409,      -0.1446955,       0.2180583,
 -16000.0000000,  -87900.0000000,
      0.4493796,      -0.1461552,       0.2170852,
 -16000.0000000,  -88097.0000000,
      0.5785581,      -0.1512639,       0.2154634,
 -16000.0000000,  -88293.5000000,
      0.5092250,      -0.1527236,       0.2141659,
 -16000.0000000,  -88567.0000000,
      0.4800321,      -0.1308289,       0.2141659,
 -16000.0000000,  -88866.0000000,
      0.5406073,      -0.1519938,       0.2125441,
 -16000.0000000,  -89037.0000000,
      0.4595971,      -0.1198816,       0.2112466,
 -16000.0000000,  -89322.5000000,
      0.5004671,      -0.1337482,       0.2093004,
 -16000.0000000,  -89507.5000000,
      0.5369582,      -0.1242605,       0.2073542,
 -16000.0000000,  -89793.0000000,
      0.5055759,      -0.0870396,       0.2054080,
 -16000.0000000,  -89978.0000000,
      0.5588529,      -0.1322886,       0.2031375,
 -16000.0000000,  -90277.0000000,
      0.5427968,      -0.1534534,       0.2015157,
 -16000.0000000,  -90448.5000000,
      0.4997373,      -0.1549130,       0.2008669,
 -16000.0000000,  -90683.0000000,
      0.5486354,      -0.1425061,       0.1982720,
 -16000.0000000,  -90892.5000000,
      0.5114145,      -0.1293693,       0.1963258,
 -16000.0000000,  -91153.5000000,
      0.4756532,      -0.1060150,       0.1937309,
 -16000.0000000,  -91413.5000000,
      0.5362284,      -0.1257202,       0.1904872,
 -16000.0000000,  -91673.5000000,
      0.5435266,      -0.1439657,       0.1891898,
 -16000.0000000,  -91858.0000000,
      0.4858707,      -0.1395868,       0.1865949,
 -16000.0000000,  -92093.0000000,
      0.5391477,      -0.1483446,       0.1843243,
 -16000.0000000,  -92379.5000000,
      0.5282004,      -0.1271798,       0.1810806,
 -16000.0000000,  -92602.0000000,
      0.5325793,      -0.1716989,       0.1820537,
 -16000.0000000,  -92798.0000000,
      0.5814774,      -0.1753481,       0.1823781,
 -16000.0000000,  -93083.5000000,
      0.5625020,      -0.2176777,       0.1859461,
 -16000.0000000,  -93268.5000000,
      0.5464459,      -0.2293549,       0.1891898,
 -16000.0000000,  -93554.0000000,
      0.5588529,      -0.2016217,       0.1930822,
 -16000.0000000,  -93738.5000000,
      0.4990075,      -0.2052708,       0.1943796,
 -16000.0000000,  -94024.5000000,
      0.5004671,      -0.1709691,       0.1950284,
 -16000.0000000,  -94209.5000000,
      0.5792879,      -0.1753481,       0.1924334,
 -16000.0000000,  -94482.0000000,
      0.5457161,      -0.1760779,       0.1917847,
 -16000.0000000,  -94679.5000000,
      0.5690704,      -0.1505341,       0.1904872,
 -16000.0000000,  -94914.5000000,
      0.5318495,      -0.1738884,       0.1895141,
 -16000.0000000,  -95201.0000000,
      0.5982633,      -0.1636709,       0.1885411,
 -16000.0000000,  -95383.5000000,
      0.6464315,      -0.1658604,       0.1839999,
 -16000.0000000,  -95670.0000000,
      0.6384035,      -0.2220567,       0.1882167,
 -16000.0000000,  -95827.0000000,
      0.5895054,      -0.2154883,       0.1901629,
 -16000.0000000,  -96140.5000000,
      0.5595827,      -0.2198672,       0.1914603,
 -16000.0000000,  -96324.5000000,
      0.5654213,      -0.2249760,       0.1940553,
 -16000.0000000,  -96610.5000000,
      0.5449863,      -0.1614814,       0.1966502,
 -16000.0000000,  -96768.0000000,
      0.5515547,      -0.2198672,       0.1985964,
 -16000.0000000,  -97081.0000000,
      0.5646915,      -0.2169479,       0.2011913,
 -16000.0000000,  -97264.5000000,
      0.5639617,      -0.2446812,       0.2044350,
 -16000.0000000,  -97551.0000000,
      0.6259965,      -0.2308145,       0.2070299,
 -16000.0000000,  -97722.0000000,
      0.5420670,      -0.2249760,       0.2093004,
 -16000.0000000,  -97970.0000000,
      0.5741792,      -0.1965129,       0.2112466,
 -16000.0000000,  -98205.5000000,
      0.5997229,      -0.2497899,       0.2141659,
 -16000.0000000,  -98492.0000000,
      0.5369582,      -0.2344636,       0.2151390,
 -16000.0000000,  -98675.5000000,
      0.5347688,      -0.2111093,       0.2164365,
 -16000.0000000,  -98935.5000000,
      0.5676108,      -0.2184076,       0.2164365,
 -16000.0000000,  -99145.5000000,
      0.5522845,      -0.2118392,       0.2170852,
 -16000.0000000,  -99431.0000000,
      0.5617722,      -0.2096497,       0.2167608,
 -16000.0000000,  -99615.0000000,
      0.5427968,      -0.2417619,       0.2164365,
 -16000.0000000,  -99823.5000000,
      0.5508249,      -0.2081900,       0.2174096,
 -16000.0000000, -100136.5000000,
      0.5625020,      -0.2213268,       0.2164365,
 -16000.0000000, -100320.5000000,
      0.5427968,      -0.2293549,       0.2164365,
 -16000.0000000, -100607.0000000,
      0.5165232,      -0.1760779,       0.2161121,
 -16000.0000000, -100790.5000000,
      0.5639617,      -0.2030813,       0.2144903,
 -16000.0000000, -101050.5000000,
      0.5464459,      -0.1870252,       0.2141659,
 -16000.0000000, -101234.5000000,
      0.5508249,      -0.2322742,       0.2144903,
 -16000.0000000, -101496.0000000,
      0.5500950,      -0.2424917,       0.2144903,
 -16000.0000000, -101756.0000000,
      0.5829370,      -0.2271654,       0.2138415,
 -16000.0000000, -101966.5000000,
      0.5471757,      -0.2227865,       0.2125441,
 -16000.0000000, -102253.5000000,
      0.5500950,      -0.2147584,       0.2125441,
 -16000.0000000, -102437.5000000,
      0.5420670,      -0.1994322,       0.2118954,
 -16000.0000000, -102697.0000000,
      0.5610424,      -0.2505197,       0.2115710,
 -16000.0000000, -102907.5000000,
      0.5814774,      -0.1957831,       0.2099492,
 -16000.0000000, -103167.5000000,
      0.5646915,      -0.2388426,       0.2093004,
 -16000.0000000, -103377.0000000,
      0.5873160,      -0.2169479,       0.2083273,
 -16000.0000000, -103637.0000000,
      0.5763686,      -0.2410320,       0.2067055,
 -16000.0000000, -103847.5000000,
      0.5515547,      -0.2293549,       0.2060568,
 -16000.0000000, -104134.5000000,
      0.5654213,      -0.2249760,       0.2060568,
 -16000.0000000, -104318.5000000,
      0.5676108,      -0.2060006,       0.2057324,
 -16000.0000000, -104578.5000000,
      0.5756388,      -0.2541688,       0.2054080,
 -16000.0000000, -104827.0000000,
      0.5727195,      -0.2694951,       0.2047593,
 -16000.0000000, -105023.5000000,
      0.5625020,      -0.2585478,       0.2047593,
 -16000.0000000, -105283.5000000,
      0.5668809,      -0.2476004,       0.2047593,
 -16000.0000000, -105494.0000000,
      0.5530143,      -0.2446812,       0.2050837,
 -16000.0000000, -105753.5000000,
      0.5354986,      -0.2921196,       0.2031375,
 -16000.0000000, -105965.0000000,
      0.5625020,      -0.2351935,       0.2041106,
 -16000.0000000, -106225.0000000,
      0.5376881,      -0.3037967,       0.2041106,
 -16000.0000000, -106473.5000000,
      0.5333091,      -0.2505197,       0.2041106,
 -16000.0000000, -106682.0000000,
      0.5741792,      -0.2753337,       0.2041106,
 -16000.0000000, -106878.5000000,
      0.5427968,      -0.2424917,       0.2041106,
 -16000.0000000, -107127.0000000,
      0.5698002,      -0.2607372,       0.2041106,
 -16000.0000000, -107408.5000000,
      0.5354986,      -0.2680355,       0.2031375,
 -16000.0000000, -107574.5000000,
      0.5267407,      -0.2636565,       0.2041106,
 -16000.0000000, -107851.0000000,
      0.5391477,      -0.2935792,       0.2044350,
 -16000.0000000, -108101.0000000,
      0.5719897,      -0.2760635,       0.2037862,
 -16000.0000000, -108274.0000000,
      0.5617722,      -0.3059862,       0.2031375,
 -16000.0000000, -108482.0000000,
      0.5435266,      -0.2775231,       0.2047593,
 -16000.0000000, -108746.0000000,
      0.5661511,      -0.2921196,       0.2034619,
 -16000.0000000, -108924.5000000,
      0.5493652,      -0.3016073,       0.2047593,
 -16000.0000000, -109137.0000000,
      0.5471757,      -0.2702249,       0.2054080,
 -16000.0000000, -109313.5000000,
      0.5595827,      -0.2979582,       0.2050837,
 -16000.0000000, -109554.0000000,
      0.5340389,      -0.3176634,       0.2057324,
 -16000.0000000, -109726.0000000,
      0.5420670,      -0.2840915,       0.2054080,
 -16000.0000000, -109928.0000000,
      0.5573933,      -0.3242318,       0.2067055,
 -16000.0000000, -110171.0000000,
      0.5325793,      -0.3059862,       0.2063811,
 -16000.0000000, -110325.0000000,
      0.5822072,      -0.3300703,       0.2063811,
 -16000.0000000, -110550.5000000,
      0.5858563,      -0.2957687,       0.2070299,
 -16000.0000000, -110712.0000000,
      0.5712599,      -0.3322598,       0.2067055,
 -16000.0000000, -110931.5000000,
      0.5493652,      -0.3169335,       0.2070299,
 -16000.0000000, -111077.0000000,
      0.5698002,      -0.3045266,       0.2076786,
 -16000.0000000, -111302.0000000,
      0.5654213,      -0.3176634,       0.2083273,
 -16000.0000000, -111483.5000000,
      0.5683406,      -0.3125546,       0.2070299,
 -16000.0000000, -111634.5000000,
      0.5829370,      -0.3293405,       0.2080030,
 -16000.0000000, -111850.0000000,
      0.5617722,      -0.3337194,       0.2083273,
 -16000.0000000, -112014.5000000,
      0.5260109,      -0.3286107,       0.2083273,
 -16000.0000000, -112186.0000000,
      0.5493652,      -0.3132844,       0.2096248,
 -16000.0000000, -112355.5000000,
      0.5756388,      -0.3388282,       0.2086517,
 -16000.0000000, -112532.0000000,
      0.6128597,      -0.3052564,       0.2070299,
 -16000.0000000, -112661.0000000,
      0.5982633,      -0.3278809,       0.2096248,
 -16000.0000000, -112848.5000000,
      0.5537441,      -0.3037967,       0.2099492,
 -16000.0000000, -112983.0000000,
      0.5646915,      -0.3293405,       0.2096248,
 -16000.0000000, -113165.5000000,
      0.5865861,      -0.2950389,       0.2083273,
 -16000.0000000, -113295.0000000,
      0.5756388,      -0.3001476,       0.2089761,
 -16000.0000000, -113471.5000000,
      0.5836668,      -0.3132844,       0.2089761,
 -16000.0000000, -113620.5000000,
      0.5420670,      -0.3607229,       0.2093004,
 -16000.0000000, -113775.5000000,
      0.5858563,      -0.2906599,       0.2086517,
 -16000.0000000, -113888.5000000,
      0.5734493,      -0.3286107,       0.2070299,
 -16000.0000000, -114053.0000000,
      0.5515547,      -0.3548843,       0.2070299,
 -16000.0000000, -114170.5000000,
      0.5464459,      -0.3556141,       0.2063811,
 -16000.0000000, -114307.5000000,
      0.5625020,      -0.3089055,       0.2063811,
 -16000.0000000, -114463.5000000,
      0.5479056,      -0.3286107,       0.2057324,
 -16000.0000000, -114595.0000000,
      0.5997229,      -0.3183932,       0.2037862,
 -16000.0000000, -114704.0000000,
      0.5500950,      -0.3125546,       0.2024888,
 -16000.0000000, -114851.0000000,
      0.5486354,      -0.3242318,       0.2037862,
 -16000.0000000, -114982.5000000,
      0.5960738,      -0.3132844,       0.2041106,
 -16000.0000000, -115078.0000000,
      0.5493652,      -0.3811579,       0.2041106,
 -16000.0000000, -115197.5000000,
      0.5486354,      -0.3410177,       0.2037862,
 -16000.0000000, -115333.0000000,
      0.6179685,      -0.3453966,       0.2037862,
 -16000.0000000, -115429.5000000,
      0.5683406,      -0.3716702,       0.2044350,
 -16000.0000000, -115541.5000000,
      0.6208878,      -0.3694807,       0.2050837,
 -16000.0000000, -115674.5000000,
      0.6099404,      -0.3782386,       0.2050837,
 -16000.0000000, -115758.5000000,
      0.5311197,      -0.3512352,       0.2050837,
 -16000.0000000, -115885.0000000,
      0.6062913,      -0.3994034,       0.2054080,
 -16000.0000000, -115965.0000000,
      0.5676108,      -0.3869964,       0.2060568,
 -16000.0000000, -116086.0000000,
      0.5471757,      -0.3972140,       0.2080030,
 -16000.0000000, -116182.5000000,
      0.5792879,      -0.4030525,       0.2083273,
 -16000.0000000, -116276.5000000,
      0.5851265,      -0.3578036,       0.2063811,
 -16000.0000000, -116348.5000000,
      0.5559336,      -0.3796982,       0.1979476,
 -16000.0000000, -116452.5000000,
      0.6092106,      -0.3782386,       0.1995695,
 -16000.0000000, -116525.5000000,
      0.5727195,      -0.3942947,       0.2086517,
 -16000.0000000, -116623.0000000,
      0.5814774,      -0.3738596,       0.2102735,
 -16000.0000000, -116709.5000000,
      0.5719897,      -0.4293261,       0.2102735,
 -16000.0000000, -116771.5000000,
      0.5851265,      -0.3636421,       0.2105979,
 -16000.0000000, -116848.5000000,
      0.5661511,      -0.3578036,       0.2102735,
 -16000.0000000, -116939.0000000,
      0.5749090,      -0.4169191,       0.2105979,
 -16000.0000000, -116995.5000000,
      0.5705301,      -0.3884561,       0.2109223,
 -16000.0000000, -117080.0000000,
      0.6121299,      -0.3957543,       0.2105979,
 -16000.0000000, -117146.5000000,
      0.5778283,      -0.4052420,       0.2102735,
 -16000.0000000, -117197.0000000,
      0.5770984,      -0.3818877,       0.2105979,
 -16000.0000000, -117272.0000000,
      0.5457161,      -0.3767789,       0.2109223,
 -16000.0000000, -117318.5000000,
      0.6026422,      -0.4023227,       0.2105979,
 -16000.0000000, -117387.5000000,
      0.5617722,      -0.3818877,       0.2099492,
 -16000.0000000, -117430.0000000,
      0.5843967,      -0.4242174,       0.2105979,
 -16000.0000000, -117493.0000000,
      0.5625020,      -0.3964841,       0.2102735,
 -16000.0000000, -117532.0000000,
      0.5486354,      -0.4125402,       0.2109223,
 -16000.0000000, -117589.0000000,
      0.5960738,      -0.4059718,       0.2112466,
 -16000.0000000, -117623.5000000,
      0.5683406,      -0.4249472,       0.2109223,
 -16000.0000000, -117674.5000000,
      0.5807476,      -0.4045122,       0.2105979,
 -16000.0000000, -117705.0000000,
      0.5566634,      -0.4015929,       0.2109223,
 -16000.0000000, -117750.0000000,
      0.5741792,      -0.3855368,       0.2112466,
 -16000.0000000, -117777.0000000,
      0.5406073,      -0.4045122,       0.2109223,
 -16000.0000000, -117812.5000000,
      0.5770984,      -0.3942947,       0.2105979,
 -16000.0000000, -117839.0000000,
      0.5727195,      -0.3745895,       0.2109223,
 -16000.0000000, -117871.5000000,
      0.5763686,      -0.3884561,       0.2109223,
 -16000.0000000, -117890.5000000,
      0.5362284,      -0.3804280,       0.2109223,
 -16000.0000000, -117917.5000000,
      0.5705301,      -0.4169191,       0.2112466,
 -16000.0000000, -117932.0000000,
      0.5486354,      -0.4088911,       0.2112466,
 -16000.0000000, -117953.0000000,
      0.5749090,      -0.4154595,       0.2109223,
 -16000.0000000, -117963.0000000,
      0.5895054,      -0.4337051,       0.2109223,
 -16000.0000000, -117978.5000000,
      0.5165232,      -0.4074315,       0.2109223,
 -16000.0000000, -117985.5000000,
      0.5457161,      -0.4030525,       0.2105979,
 -16000.0000000, -117992.5000000,
      0.5858563,      -0.3964841,       0.2102735,
 -16000.0000000, -117997.5000000,
      0.5376881,      -0.4285963,       0.2109223,
 -16000.0000000, -117999.0000000,
      0.5639617,      -0.4176490,       0.2099492,
 -16000.0000000, -117999.5000000,
      0.5749090,      -0.4118104,       0.2105979,
 -16000.0000000, -117999.5000000,
      0.5347688,      -0.4300559,       0.2109223,
 -16000.0000000, -117999.5000000,
      0.5449863,      -0.4220279,       0.2105979,
 -16000.0000000, -117999.5000000,
      0.5522845,      -0.4147297,       0.2105979,
 -16000.0000000, -117999.5000000,
      0.5690704,      -0.4380840,       0.2109223,
 -16000.0000000, -117999.5000000,
      0.5537441,      -0.4132700,       0.2112466,
 -16000.0000000, -117999.5000000,
      0.5172530,      -0.3891859,       0.2105979,
 -16000.0000000, -117999.5000000,
      0.5493652,      -0.3789684,       0.2102735,
 -16000.0000000, -117999.5000000,
      0.5814774,      -0.4103507,       0.2102735,
 -16000.0000000, -117999.5000000,
      0.5639617,      -0.3811579,       0.2105979,
 -16000.0000000, -118000.0000000,
      0.5880458,      -0.4198384,       0.2109223,
 -16000.0000000, -118000.0000000,
      0.5376881,      -0.4132700,       0.2109223,
 -16000.0000000, -118000.0000000,
      0.5413372,      -0.4249472,       0.2102735,
 -16000.0000000, -118000.0000000,
      0.5603125,      -0.4154595,       0.2102735,
 -16000.0000000, -118000.0000000,
      0.5734493,      -0.4015929,       0.2105979,
 -16000.0000000, -118000.0000000,
      0.5486354,      -0.4176490,       0.2105979,
 -16000.0000000, -118000.0000000,
      0.5719897,      -0.4015929,       0.2109223,
 -16000.0000000, -118000.0000000,
      0.5646915,      -0.4015929,       0.2105979,
 -16000.0000000, -118000.0000000,
      0.5296600,      -0.4242174,       0.2102735,
 -16000.0000000, -118000.0000000,
      0.5610424,      -0.3745895,       0.2099492,
 -16000.0000000, -118000.0000000,
      0.5318495,      -0.4212981,       0.2105979,
 -16000.0000000, -118000.0000000,
      0.5573933,      -0.4081613,       0.2109223,
 -16000.0000000, -118000.0000000,
      0.5464459,      -0.3986736,       0.2109223,
 -16000.0000000, -118000.0000000,
      0.5719897,      -0.4358945,       0.2102735,
 -16000.0000000, -118000.0000000,
      0.5595827,      -0.4110806,       0.2109223,
 -16000.0000000, -118000.0000000,
      0.5814774,      -0.3891859,       0.2105979,
 -16000.0000000, -118000.0000000,
      0.5128741,      -0.3957543,       0.2109223,
 -16000.0000000, -118000.0000000,
      0.5559336,      -0.4139999,       0.2099492,
 -16000.0000000, -118000.0000000,
      0.5581231,      -0.4227577,       0.2105979,
 -16000.0000000, -118000.0000000,
      0.5464459,      -0.4169191,       0.2105979,
 -16000.0000000, -118000.0000000,
      0.5573933,      -0.4037823,       0.2102735,
 -16000.0000000, -118000.0000000,
      0.5559336,      -0.4074315,       0.2105979,
 -16000.0000000, -118000.0000000,
      0.5727195,      -0.4161893,       0.2105979,
 -16000.0000000, -118000.0000000,
      0.5391477,      -0.4358945,       0.2105979,
 -16000.0000000, -118000.0000000,
      0.5573933,      -0.3928350,       0.2102735,
 -16000.0000000, -118000.0000000,
      0.5705301,      -0.4030525,       0.2109223,
 -16000.0000000, -118000.0000000,
      0.5340389,      -0.3884561,       0.2105979,
 -16000.0000000, -118000.0000000,
      0.5522845,      -0.3950245,       0.2102735,
 -16000.0000000, -118000.0000000,
      0.5413372,      -0.4110806,       0.2105979,
 -16000.0000000, -118000.0000000,
      0.5303898,      -0.4088911,       0.2105979,
 -16000.0000000, -118000.0000000,
      0.5530143,      -0.4088911,       0.2102735,
 -16000.0000000, -118000.0000000,
      0.5639617,      -0.4220279,       0.2109223,
 -16000.0000000, -118000.0000000,
      0.5522845,      -0.4074315,       0.2105979,
 -16000.0000000, -118000.0000000,
      0.5508249,      -0.4205683,       0.2102735,
 -16000.0000000, -118000.0000000,
      0.5843967,      -0.4132700,       0.2109223,
 -16000.0000000, -118000.0000000,
      0.5500950,      -0.4001332,       0.2109223,
 -16000.0000000, -118000.0000000,
      0.5296600,      -0.3862666,       0.2109223,
 -16000.0000000, -118000.0000000,
      0.5479056,      -0.3979438,       0.2099492,
 -16000.0000000, -118000.0000000,
      0.5515547,      -0.3994034,       0.2105979,
 -16000.0000000, -118000.0000000,
      0.5770984,      -0.3950245,       0.2102735,
 -16000.0000000, -118000.0000000,
      0.5858563,      -0.3789684,       0.2105979,
 -16000.0000000, -118000.0000000,
      0.5449863,      -0.3782386,       0.2105979,
 -16000.0000000, -118000.0000000,
      0.5756388,      -0.4227577,       0.2102735,
 -16000.0000000, -118000.0000000,
      0.5398775,      -0.4074315,       0.2105979,
 -16000.0000000, -118000.0000000,
      0.5814774,      -0.4205683,       0.2105979,
 -16000.0000000, -118000.0000000,
      0.5347688,      -0.4154595,       0.2112466,
 -16000.0000000, -118000.0000000,
      0.5566634,      -0.4037823,       0.2109223,
 -16000.0000000, -118000.0000000,
      0.5376881,      -0.4322454,       0.2102735,
 -16000.0000000, -118000.0000000,
      0.5654213,      -0.4227577,       0.2105979,
 -16000.0000000, -118000.0000000,
      0.5676108,      -0.4059718,       0.2105979,
 -16000.0000000, -118000.0000000,
      0.5340389,      -0.4023227,       0.2102735,
 -16000.0000000, -118000.0000000,
      0.5661511,      -0.3921052,       0.2105979,
 -16000.0000000, -118000.0000000,
      0.5391477,      -0.4052420,       0.2102735,
 -16000.0000000, -118000.0000000,
      0.5544740,      -0.4242174,       0.2105979,
 -16000.0000000, -118000.0000000,
      0.5632318,      -0.4125402,       0.2105979,
 -16000.0000000, -118000.0000000,
      0.5449863,      -0.4293261,       0.2105979,
 -16000.0000000, -118000.0000000,
      0.5508249,      -0.4220279,       0.2105979,
 -16000.0000000, -118000.0000000,
      0.5938844,      -0.4037823,       0.2102735,
 -16000.0000000, -118000.0000000,
      0.5369582,      -0.4132700,       0.2109223,
 -16000.0000000, -118000.0000000,
      0.5384179,      -0.4300559,       0.2105979,
 -16000.0000000, -118000.0000000,
      0.5471757,      -0.4037823,       0.2105979,
 -16000.0000000, -118000.0000000,
      0.5209022,      -0.3979438,       0.2105979,
 -16000.0000000, -118000.0000000,
      0.5749090,      -0.3964841,       0.2105979,
 -16000.0000000, -118000.0000000,
      0.5369582,      -0.4161893,       0.2102735,
 -16000.0000000, -118000.0000000,
      0.5632318,      -0.3906456,       0.2112466,
 -16000.0000000, -118000.0000000,
      0.5457161,      -0.4045122,       0.2105979,
 -16000.0000000, -118000.0000000,
      0.5420670,      -0.3826175,       0.2109223,
 -16000.0000000, -118000.0000000,
      0.5814774,      -0.4242174,       0.2109223,
 -16000.0000000, -118000.0000000,
      0.5508249,      -0.4139999,       0.2105979,
 -16000.0000000, -118000.0000000,
      0.5719897,      -0.4045122,       0.2105979,
 -16000.0000000, -118000.0000000,
      0.5384179,      -0.4183788,       0.2105979,
 -16000.0000000, -118000.0000000,
      0.5712599,      -0.4139999,       0.2105979,
 -16000.0000000, -118000.0000000,
      0.5617722,      -0.4395436,       0.2105979,
 -16000.0000000, -118000.0000000,
      0.5530143,      -0.4132700,       0.2102735,
 -16000.0000000, -118000.0000000,
      0.5690704,      -0.4285963,       0.2105979,
 -16000.0000000, -118000.0000000,
      0.5595827,      -0.4088911,       0.2109223,
 -16000.0000000, -118000.0000000,
      0.5741792,      -0.4088911,       0.2105979,
 -16000.0000000, -118000.0000000,
      0.5325793,      -0.4176490,       0.2105979,
 -16000.0000000, -118000.0000000,
      0.5851265,      -0.4001332,       0.2105979,
 -16000.0000000, -118000.0000000,
      0.5362284,      -0.4161893,       0.2109223,
 -16000.0000000, -118000.0000000,
      0.5749090,      -0.4191086,       0.2099492,
 -16000.0000000, -118000.0000000,
      0.5727195,      -0.3972140,       0.2102735,
 -16000.0000000, -118000.0000000,
