     -1.6955673,       1.2405067,       0.1716741,
 -24000.0000000,  -12000.0000000,
     -1.7342479,       1.2273699,       0.1716741,
 -24000.0000000,  -12000.0000000,
     -1.7371672,       1.1843104,       0.1719984,
 -24000.0000000,  -12000.0000000,
     -1.7510338,       1.2091243,       0.1716741,
 -24000.0000000,  -12000.0000000,
     -1.7123532,       1.2120436,       0.1716741,
 -24000.0000000,  -12000.0000000,
     -1.7211111,       1.2054752,       0.1719984,
 -24000.0000000,  -12000.0000000,
     -1.7262198,       1.2280997,       0.1716741,
 -24000.0000000,  -12000.0000000,
     -1.7152725,       1.2302892,       0.1719984,
 -24000.0000000,  -12003.0000000,
     -1.7181918,       1.2514540,       0.1703766,
 -24000.0000000,  -12006.5000000,
     -1.6838902,       1.2178822,       0.1729715,
 -24000.0000000,  -12015.5000000,
     -1.7028655,       1.1959875,       0.1710253,
 -24000.0000000,  -12025.0000000,
     -1.6904585,       1.2091243,       0.1716741,
 -24000.0000000,  -12041.5000000,
     -1.7145427,       1.1974472,       0.1723228,
 -24000.0000000,  -12052.0000000,
     -1.7087041,       1.2025559,       0.1707010,
 -24000.0000000,  -12071.5000000,
     -1.6919182,       1.1945279,       0.1729715,
 -24000.0000000,  -12093.5000000,
     -1.7130830,       1.2025559,       0.1707010,
 -24000.0000000,  -12114.5000000,
     -1.7181918,       1.1580368,       0.1716741,
 -24000.0000000,  -12145.5000000,
     -1.6751323,       1.1843104,       0.1710253,
 -24000.0000000,  -12167.5000000,
     -1.7247602,       1.1959875,       0.1723228,
 -24000.0000000,  -12205.0000000,
     -1.6955673,       1.1755525,       0.1716741,
 -24000.0000000,  -12226.5000000,
     -1.6554271,       1.1996366,       0.1723228,
 -24000.0000000,  -12274.0000000,
     -1.6619955,       1.2025559,       0.1719984,
 -24000.0000000,  -12303.5000000,
     -1.6824305,       1.1828507,       0.1719984,
 -24000.0000000,  -12353.0000000,
     -1.6678341,       1.1740929,       0.1726472,
 -24000.0000000,  -12386.5000000,
     -1.6459394,       1.2054752,       0.1729715,
 -24000.0000000,  -12442.0000000,
     -1.6503183,       1.1762823,       0.1729715,
 -24000.0000000,  -12474.0000000,
     -1.6525078,       1.1631455,       0.1739446,
 -24000.0000000,  -12541.0000000,
     -1.6481289,       1.1762823,       0.1736202,
 -24000.0000000,  -12582.5000000,
     -1.6349921,       1.2076647,       0.1732959,
 -24000.0000000,  -12631.5000000,
     -1.6430201,       1.2273699,       0.1745933,
 -24000.0000000,  -12689.0000000,
     -1.6174763,       1.2259102,       0.1736202,
 -24000.0000000,  -12769.0000000,
     -1.5963115,       1.2353979,       0.1729715,
 -24000.0000000,  -12818.5000000,
     -1.5904729,       1.2463453,       0.1719984,
 -24000.0000000,  -12883.5000000,
     -1.5357363,       1.2295593,       0.1713497,
 -24000.0000000,  -12959.0000000,
     -1.5028943,       1.2171524,       0.1707010,
 -24000.0000000,  -13022.0000000,
     -1.4620243,       1.2667803,       0.1703766,
 -24000.0000000,  -13094.5000000,
     -1.4182349,       1.2405067,       0.1700522,
 -24000.0000000,  -13178.0000000,
     -1.4357507,       1.2434260,       0.1700522,
 -24000.0000000,  -13248.0000000,
     -1.4569155,       1.2091243,       0.1719984,
 -24000.0000000,  -13336.5000000,
     -1.4043683,       1.2266401,       0.1723228,
 -24000.0000000,  -13411.0000000,
     -1.3905017,       1.1959875,       0.1739446,
 -24000.0000000,  -13505.5000000,
     -1.4029087,       1.1821209,       0.1749177,
 -24000.0000000,  -13583.5000000,
     -1.4379401,       1.1806613,       0.1768639,
 -24000.0000000,  -13674.0000000,
     -1.4423191,       1.1689841,       0.1807563,
 -24000.0000000,  -13766.5000000,
     -1.4072876,       1.1930682,       0.1833512,
 -24000.0000000,  -13872.0000000,
     -1.4313717,       1.1755525,       0.1852974,
 -24000.0000000,  -13960.0000000,
     -1.4452384,       1.1843104,       0.1885411,
 -24000.0000000,  -14060.5000000,
     -1.4561857,       1.2237208,       0.1911360,
 -24000.0000000,  -14186.0000000,
     -1.5196802,       1.2091243,       0.1947040,
 -24000.0000000,  -14269.0000000,
     -1.4846487,       1.2295593,       0.1963258,
 -24000.0000000,  -14376.5000000,
     -1.5072732,       1.2412365,       0.1992451,
 -24000.0000000,  -14499.0000000,
     -1.4707821,       1.2667803,       0.2011913,
 -24000.0000000,  -14600.0000000,
     -1.4729716,       1.2682399,       0.2041106,
 -24000.0000000,  -14715.0000000,
     -1.4525366,       1.2689697,       0.2057324,
 -24000.0000000,  -14845.5000000,
     -1.4583752,       1.2624013,       0.2070299,
 -24000.0000000,  -14953.0000000,
     -1.4737014,       1.2879451,       0.2109223,
 -24000.0000000,  -15089.0000000,
     -1.4364805,       1.2821065,       0.2115710,
 -24000.0000000,  -15214.5000000,
     -1.4795400,       1.3105696,       0.2115710,
 -24000.0000000,  -15357.0000000,
     -1.4408594,       1.3302748,       0.2128685,
 -24000.0000000,  -15459.0000000,
     -1.4809996,       1.3580080,       0.2125441,
 -24000.0000000,  -15606.0000000,
     -1.4583752,       1.3872009,       0.2109223,
 -24000.0000000,  -15741.5000000,
     -1.4182349,       1.3762536,       0.2083273,
 -24000.0000000,  -15865.0000000,
     -1.4904873,       1.3616571,       0.2031375,
 -24000.0000000,  -16005.5000000,
     -1.4773505,       1.3988781,       0.1992451,
 -24000.0000000,  -16163.5000000,
     -1.4992452,       1.3755238,       0.1943796,
 -24000.0000000,  -16309.5000000,
     -1.5204100,       1.2967030,       0.1901629,
 -24000.0000000,  -16441.5000000,
     -1.5481433,       1.3083801,       0.1833512,
 -24000.0000000,  -16608.0000000,
     -1.5955817,       1.3244362,       0.1827025,
 -24000.0000000,  -16744.5000000,
     -1.5357363,       1.2923240,       0.1827025,
 -24000.0000000,  -16925.5000000,
     -1.5247890,       1.2799171,       0.1823781,
 -24000.0000000,  -17074.5000000,
     -1.5379258,       1.2631312,       0.1810806,
 -24000.0000000,  -17235.0000000,
     -1.5109223,       1.2040156,       0.1817294,
 -24000.0000000,  -17407.5000000,
     -1.5627397,       1.2507242,       0.1817294,
 -24000.0000000,  -17545.5000000,
     -1.5517924,       1.2390470,       0.1823781,
 -24000.0000000,  -17713.5000000,
     -1.5554415,       1.2405067,       0.1839999,
 -24000.0000000,  -17902.0000000,
     -1.5547117,       1.2229909,       0.1827025,
 -24000.0000000,  -18074.0000000,
     -1.5707677,       1.2288295,       0.1843243,
 -24000.0000000,  -18250.0000000,
     -1.5554415,       1.2178822,       0.1849730,
 -24000.0000000,  -18409.5000000,
     -1.5517924,       1.2864855,       0.1823781,
 -24000.0000000,  -18608.5000000,
     -1.5977712,       1.2412365,       0.1839999,
 -24000.0000000,  -18791.5000000,
     -1.5452240,       1.2791872,       0.1859461,
 -24000.0000000,  -18936.5000000,
     -1.5547117,       1.2777276,       0.1859461,
 -24000.0000000,  -19124.0000000,
     -1.5401152,       1.2828364,       0.1869192,
 -24000.0000000,  -19336.0000000,
     -1.5393854,       1.2740785,       0.1882167,
 -24000.0000000,  -19549.5000000,
     -1.5641993,       1.2426961,       0.1882167,
 -24000.0000000,  -19745.0000000,
     -1.5393854,       1.2412365,       0.1888654,
 -24000.0000000,  -19922.5000000,
     -1.5342766,       1.2791872,       0.1895141,
 -24000.0000000,  -20144.0000000,
     -1.5539818,       1.2405067,       0.1878923,
 -24000.0000000,  -20326.0000000,
     -1.5298977,       1.2565628,       0.1836756,
 -24000.0000000,  -20553.0000000,
     -1.5350065,       1.2835662,       0.1904872,
 -24000.0000000,  -20738.5000000,
     -1.5415749,       1.2879451,       0.1914603,
 -24000.0000000,  -20983.0000000,
     -1.5517924,       1.2923240,       0.1917847,
 -24000.0000000,  -21195.0000000,
     -1.4963259,       1.3054608,       0.1930822,
 -24000.0000000,  -21375.0000000,
     -1.5182206,       1.2769978,       0.1930822,
 -24000.0000000,  -21615.5000000,
     -1.4919470,       1.3047310,       0.1937309,
 -24000.0000000,  -21849.0000000,
     -1.5225995,       1.2667803,       0.1950284,
 -24000.0000000,  -22072.0000000,
     -1.5174907,       1.3091099,       0.1940553,
 -24000.0000000,  -22261.0000000,
     -1.5131118,       1.3083801,       0.1943796,
 -24000.0000000,  -22526.0000000,
     -1.4941364,       1.2945135,       0.1947040,
 -24000.0000000,  -22681.0000000,
     -1.4897575,       1.3127591,       0.1950284,
 -24000.0000000,  -22951.0000000,
     -1.4729716,       1.2653206,       0.1950284,
 -24000.0000000,  -23211.0000000,
     -1.4707821,       1.2872153,       0.1956771,
 -24000.0000000,  -23459.5000000,
     -1.5277082,       1.3258959,       0.1963258,
 -24000.0000000,  -23656.5000000,
     -1.4868382,       1.2974328,       0.1972989,
 -24000.0000000,  -23930.0000000,
     -1.5028943,       1.3142187,       0.1956771,
 -24000.0000000,  -24165.5000000,
     -1.4919470,       1.3193275,       0.1976233,
 -24000.0000000,  -24335.5000000,
     -1.5021645,       1.3302748,       0.1972989,
 -24000.0000000,  -24635.5000000,
     -1.4503471,       1.2937837,       0.1982720,
 -24000.0000000,  -24832.5000000,
     -1.4642137,       1.2857556,       0.1979476,
 -24000.0000000,  -25104.5000000,
     -1.4539962,       1.3185976,       0.1992451,
 -24000.0000000,  -25301.5000000,
     -1.4518068,       1.2945135,       0.1992451,
 -24000.0000000,  -25575.0000000,
     -1.4802698,       1.3295450,       0.2005426,
 -24000.0000000,  -25772.5000000,
     -1.4817295,       1.3456010,       0.2002182,
 -24000.0000000,  -26046.0000000,
     -1.4656734,       1.3273555,       0.1992451,
 -24000.0000000,  -26216.0000000,
     -1.4693225,       1.3222467,       0.1995695,
 -24000.0000000,  -26502.5000000,
     -1.4299121,       1.3310046,       0.1995695,
 -24000.0000000,  -26686.5000000,
     -1.4299121,       1.3003521,       0.1982720,
 -24000.0000000,  -26921.0000000,
     -1.4379401,       1.3120292,       0.1969746,
 -24000.0000000,  -27183.5000000,
     -1.4262630,       1.3514396,       0.1979476,
 -24000.0000000,  -27430.5000000,
     -1.4299121,       1.3426818,       0.1976233,
 -24000.0000000,  -27641.0000000,
     -1.4145858,       1.3054608,       0.1972989,
 -24000.0000000,  -27940.5000000,
     -1.4328314,       1.3076503,       0.1982720,
 -24000.0000000,  -28124.5000000,
     -1.4255332,       1.3120292,       0.1982720,
 -24000.0000000,  -28372.5000000,
     -1.4291823,       1.3448712,       0.1992451,
 -24000.0000000,  -28529.5000000,
     -1.4138560,       1.3178678,       0.2002182,
 -24000.0000000,  -28842.5000000,
     -1.4123964,       1.3361134,       0.1998938,
 -24000.0000000,  -29038.0000000,
     -1.4313717,       1.3346537,       0.2005426,
 -24000.0000000,  -29273.0000000,
     -1.3824737,       1.3018117,       0.1995695,
 -24000.0000000,  -29559.5000000,
     -1.4116665,       1.3361134,       0.2018400,
 -24000.0000000,  -29743.5000000,
     -1.3832035,       1.3426818,       0.2021644,
 -24000.0000000,  -30030.0000000,
     -1.3832035,       1.3258959,       0.2028131,
 -24000.0000000,  -30214.0000000,
     -1.3934210,       1.3477905,       0.2031375,
 -24000.0000000,  -30500.5000000,
     -1.3540106,       1.3580080,       0.2037862,
 -24000.0000000,  -30684.0000000,
     -1.3759053,       1.3536291,       0.2050837,
 -24000.0000000,  -30919.0000000,
     -1.3956105,       1.3528993,       0.2047593,
 -24000.0000000,  -31205.5000000,
     -1.3766351,       1.3521694,       0.2044350,
 -24000.0000000,  -31389.5000000,
     -1.3751754,       1.3178678,       0.2054080,
 -24000.0000000,  -31675.5000000,
     -1.3773649,       1.3558186,       0.2070299,
 -24000.0000000,  -31859.5000000,
     -1.3810140,       1.3448712,       0.2076786,
 -24000.0000000,  -32146.0000000,
     -1.4072876,       1.3463309,       0.2083273,
 -24000.0000000,  -32303.5000000,
     -1.3970701,       1.3660361,       0.2070299,
 -24000.0000000,  -32616.5000000,
     -1.3678772,       1.3667659,       0.2067055,
 -24000.0000000,  -32800.0000000,
     -1.3583895,       1.3616571,       0.2067055,
 -24000.0000000,  -33085.5000000,
     -1.3729860,       1.3645764,       0.2054080,
 -24000.0000000,  -33320.5000000,
     -1.3759053,       1.3383028,       0.2067055,
 -24000.0000000,  -33504.5000000,
     -1.3802842,       1.3193275,       0.2076786,
 -24000.0000000,  -33764.5000000,
     -1.3912315,       1.3543589,       0.2067055,
 -24000.0000000,  -33975.0000000,
     -1.3715263,       1.3601975,       0.2089761,
 -24000.0000000,  -34261.5000000,
     -1.3540106,       1.3324643,       0.2086517,
 -24000.0000000,  -34445.5000000,
     -1.3737158,       1.3251660,       0.2083273,
 -24000.0000000,  -34731.5000000,
     -1.3817438,       1.3609273,       0.2096248,
 -24000.0000000,  -34915.0000000,
     -1.3284668,       1.3565484,       0.2096248,
 -24000.0000000,  -35150.5000000,
     -1.3583895,       1.3412221,       0.2093004,
 -24000.0000000,  -35437.0000000,
     -1.3642281,       1.3419519,       0.2093004,
 -24000.0000000,  -35672.0000000,
     -1.3634983,       1.3390327,       0.2093004,
 -24000.0000000,  -35856.0000000,
     -1.3510913,       1.3711448,       0.2089761,
 -24000.0000000,  -36091.0000000,
     -1.3423335,       1.3200573,       0.2096248,
 -24000.0000000,  -36377.5000000,
     -1.3664176,       1.3404923,       0.2086517,
 -24000.0000000,  -36561.5000000,
     -1.3248177,       1.3164082,       0.2093004,
 -24000.0000000,  -36796.5000000,
     -1.2890564,       1.3434116,       0.2080030,
 -24000.0000000,  -37081.5000000,
     -1.3255475,       1.3288151,       0.2083273,
 -24000.0000000,  -37317.0000000,
     -1.3131406,       1.3361134,       0.2083273,
 -24000.0000000,  -37500.5000000,
     -1.3058424,       1.3156783,       0.2086517,
 -24000.0000000,  -37760.5000000,
     -1.2970845,       1.3134889,       0.2076786,
 -24000.0000000,  -37971.0000000,
     -1.3131406,       1.3390327,       0.2093004,
 -24000.0000000,  -38219.5000000,
     -1.2992740,       1.3390327,       0.2083273,
 -24000.0000000,  -38467.0000000,
     -1.2905161,       1.3091099,       0.2083273,
 -24000.0000000,  -38677.0000000,
     -1.2897863,       1.3171380,       0.2080030,
 -24000.0000000,  -38912.0000000,
     -1.2883266,       1.3346537,       0.2093004,
 -24000.0000000,  -39198.5000000,
     -1.2715407,       1.3441414,       0.2086517,
 -24000.0000000,  -39382.0000000,
     -1.2846775,       1.3273555,       0.2093004,
 -24000.0000000,  -39668.5000000,
     -1.2927056,       1.3185976,       0.2086517,
 -24000.0000000,  -39826.0000000,
     -1.2547548,       1.3353835,       0.2093004,
 -24000.0000000,  -40139.0000000,
     -1.2379689,       1.3346537,       0.2096248,
 -24000.0000000,  -40323.0000000,
     -1.2657021,       1.3331941,       0.2089761,
 -24000.0000000,  -40558.0000000,
     -1.2802986,       1.3054608,       0.2086517,
 -24000.0000000,  -40793.0000000,
     -1.2241023,       1.3266257,       0.2073542,
 -24000.0000000,  -41078.5000000,
     -1.2569443,       1.3237064,       0.2086517,
 -24000.0000000,  -41262.0000000,
     -1.2503759,       1.2886749,       0.2083273,
 -24000.0000000,  -41497.0000000,
     -1.2335900,       1.3346537,       0.2083273,
 -24000.0000000,  -41784.0000000,
     -1.2080462,       1.3025415,       0.2093004,
 -24000.0000000,  -41967.5000000,
     -1.2080462,       1.3134889,       0.2086517,
 -24000.0000000,  -42227.5000000,
     -1.1992883,       1.3244362,       0.2086517,
 -24000.0000000,  -42438.0000000,
     -1.2160742,       1.3346537,       0.2093004,
 -24000.0000000,  -42698.0000000,
     -1.2168041,       1.3390327,       0.2076786,
 -24000.0000000,  -42881.5000000,
     -1.1795831,       1.3134889,       0.2083273,
 -24000.0000000,  -43168.0000000,
     -1.2007480,       1.3185976,       0.2044350,
 -24000.0000000,  -43352.0000000,
     -1.2102357,       1.3032714,       0.2080030,
 -24000.0000000,  -43652.0000000,
     -1.1700955,       1.2988924,       0.2089761,
 -24000.0000000,  -43822.0000000,
     -1.1525797,       1.3025415,       0.2057324,
 -24000.0000000,  -44122.5000000,
     -1.1905305,       1.3047310,       0.2083273,
 -24000.0000000,  -44292.5000000,
     -1.1861515,       1.3112994,       0.2086517,
 -24000.0000000,  -44593.0000000,
     -1.1635271,       1.2967030,       0.2086517,
 -24000.0000000,  -44840.5000000,
     -1.1503903,       1.3061907,       0.2086517,
 -24000.0000000,  -44998.0000000,
     -1.1416324,       1.3156783,       0.2089761,
 -24000.0000000,  -45309.5000000,
     -1.1160886,       1.3091099,       0.2089761,
 -24000.0000000,  -45493.5000000,
     -1.1117097,       1.2923240,       0.2089761,
 -24000.0000000,  -45780.0000000,
     -1.1423622,       1.3040012,       0.2089761,
 -24000.0000000,  -45964.0000000,
     -1.1066009,       1.2879451,       0.2093004,
 -24000.0000000,  -46237.5000000,
     -1.1197377,       1.2857556,       0.2093004,
 -24000.0000000,  -46459.0000000,
     -1.1153588,       1.2945135,       0.2093004,
 -24000.0000000,  -46669.0000000,
     -1.1350640,       1.3280853,       0.2096248,
 -24000.0000000,  -46955.5000000,
     -1.1168185,       1.2915942,       0.2096248,
 -24000.0000000,  -47139.5000000,
     -1.0890852,       1.2791872,       0.2102735,
 -24000.0000000,  -47426.0000000,
     -1.0993027,       1.2733487,       0.2099492,
 -24000.0000000,  -47636.0000000,
     -1.0912747,       1.2806469,       0.2102735,
 -24000.0000000,  -47845.5000000,
     -1.0452959,       1.2842960,       0.2105979,
 -24000.0000000,  -48105.5000000,
     -1.0671906,       1.2828364,       0.2096248,
 -24000.0000000,  -48289.5000000,
     -1.0547836,       1.2981626,       0.2099492,
 -24000.0000000,  -48576.0000000,
     -1.0372679,       1.2748083,       0.2096248,
 -24000.0000000,  -48786.0000000,
     -1.0693800,       1.2390470,       0.2109223,
 -24000.0000000,  -49058.5000000,
     -1.0182925,       1.2689697,       0.2105979,
 -24000.0000000,  -49255.0000000,
     -1.0401871,       1.2594820,       0.2105979,
 -24000.0000000,  -49515.0000000,
     -1.0628116,       1.2594820,       0.2102735,
 -24000.0000000,  -49724.5000000,
     -1.0409170,       1.2580224,       0.2105979,
 -24000.0000000,  -50012.0000000,
     -1.0379977,       1.2930539,       0.2112466,
 -24000.0000000,  -50196.5000000,
     -1.0460257,       1.2499944,       0.2099492,
 -24000.0000000,  -50483.0000000,
     -1.0175627,       1.2536435,       0.2109223,
 -24000.0000000,  -50640.0000000,
     -0.9898294,       1.2405067,       0.2096248,
 -24000.0000000,  -50926.5000000,
     -0.9927487,       1.2470751,       0.2080030,
 -24000.0000000,  -51110.0000000,
     -0.9905592,       1.2456154,       0.2083273,
 -24000.0000000,  -51410.5000000,
     -1.0175627,       1.2054752,       0.2093004,
 -24000.0000000,  -51580.5000000,
     -1.0387275,       1.2076647,       0.2086517,
 -24000.0000000,  -51881.0000000,
     -0.9628260,       1.2076647,       0.2096248,
 -24000.0000000,  -52051.0000000,
     -0.9825312,       1.2353979,       0.2099492,
 -24000.0000000,  -52351.0000000,
     -0.9810716,       1.2069349,       0.2102735,
 -24000.0000000,  -52599.0000000,
     -0.9292542,       1.2259102,       0.2105979,
 -24000.0000000,  -52756.5000000,
     -0.9533383,       1.2244506,       0.2093004,
 -24000.0000000,  -53042.5000000,
     -0.9226858,       1.2069349,       0.2102735,
 -24000.0000000,  -53225.5000000,
     -0.9423910,       1.2062050,       0.2109223,
 -24000.0000000,  -53538.5000000,
     -0.9511489,       1.2018261,       0.2099492,
 -24000.0000000,  -53695.5000000,
     -0.9248753,       1.2149629,       0.2099492,
 -24000.0000000,  -53996.0000000,
     -0.9161174,       1.1989068,       0.2099492,
 -24000.0000000,  -54192.5000000,
     -0.9431208,       1.2208015,       0.2093004,
 -24000.0000000,  -54452.5000000,
     -0.9058999,       1.2098542,       0.2096248,
 -24000.0000000,  -54650.0000000,
     -0.8745175,       1.1981770,       0.2093004,
 -24000.0000000,  -54949.0000000,
     -0.9372822,       1.1784718,       0.2093004,
 -24000.0000000,  -55120.0000000,
     -0.8737877,       1.1843104,       0.2096248,
 -24000.0000000,  -55341.5000000,
     -0.8913035,       1.1821209,       0.2093004,
 -24000.0000000,  -55628.0000000,
     -0.9409314,       1.1719034,       0.2089761,
 -24000.0000000,  -55825.5000000,
     -0.8774368,       1.1740929,       0.2096248,
 -24000.0000000,  -56047.0000000,
     -0.8993315,       1.1638754,       0.2093004,
 -24000.0000000,  -56333.5000000,
     -0.9241454,       1.1463596,       0.2096248,
 -24000.0000000,  -56531.0000000,
     -0.8613808,       1.1573070,       0.2099492,
 -24000.0000000,  -56766.0000000,
     -0.8664895,       1.1886893,       0.2099492,
 -24000.0000000,  -57038.5000000,
     -0.8497036,       1.1660648,       0.2096248,
 -24000.0000000,  -57235.0000000,
     -0.8810859,       1.1711736,       0.2099492,
 -24000.0000000,  -57470.5000000,
     -0.8511632,       1.1755525,       0.2086517,
 -24000.0000000,  -57743.0000000,
     -0.8387563,       1.1653350,       0.2089761,
 -24000.0000000,  -58005.0000000,
     -0.8497036,       1.1500087,       0.2083273,
 -24000.0000000,  -58176.0000000,
     -0.8438650,       1.1354123,       0.2083273,
 -24000.0000000,  -58448.5000000,
     -0.8212405,       1.1419807,       0.2083273,
 -24000.0000000,  -58710.5000000,
     -0.8438650,       1.1113282,       0.2086517,
 -24000.0000000,  -58881.0000000,
     -0.7898582,       1.1273843,       0.2083273,
 -24000.0000000,  -59116.5000000,
     -0.7811003,       1.1354123,       0.2080030,
 -24000.0000000,  -59351.5000000,
     -0.7862091,       1.1230053,       0.2080030,
 -24000.0000000,  -59586.5000000,
     -0.8008055,       1.1135176,       0.2080030,
 -24000.0000000,  -59822.0000000,
     -0.7745319,       1.1244650,       0.2080030,
 -24000.0000000,  -60057.0000000,
     -0.7643144,       1.1040300,       0.2093004,
 -24000.0000000,  -60293.0000000,
     -0.7577460,       1.0945423,       0.2093004,
 -24000.0000000,  -60565.5000000,
     -0.7489882,       1.1368719,       0.2099492,
 -24000.0000000,  -60800.5000000,
     -0.7555566,       1.0923528,       0.2102735,
 -24000.0000000,  -61048.0000000,
     -0.7351215,       1.0894335,       0.2109223,
 -24000.0000000,  -61232.0000000,
     -0.7270935,       1.0930826,       0.2109223,
 -24000.0000000,  -61467.0000000,
     -0.7212549,       1.1062194,       0.2105979,
 -24000.0000000,  -61688.5000000,
     -0.7292830,       1.1251948,       0.2112466,
 -24000.0000000,  -62002.5000000,
     -0.7249040,       1.0792160,       0.2105979,
 -24000.0000000,  -62211.0000000,
     -0.7073883,       1.1011107,       0.2099492,
 -24000.0000000,  -62473.0000000,
     -0.6789252,       1.0901633,       0.2099492,
 -24000.0000000,  -62643.5000000,
     -0.6884129,       1.0741073,       0.2099492,
 -24000.0000000,  -62916.0000000,
     -0.6913322,       1.0587810,       0.2099492,
 -24000.0000000,  -63165.0000000,
     -0.7000901,       1.0762967,       0.2099492,
 -24000.0000000,  -63349.0000000,
     -0.6833042,       1.0646196,       0.2105979,
 -24000.0000000,  -63584.0000000,
     -0.7059287,       1.0814055,       0.2109223,
 -24000.0000000,  -63819.5000000,
     -0.6964410,       1.0821353,       0.2115710,
 -24000.0000000,  -64054.5000000,
     -0.6862235,       1.0865142,       0.2118954,
 -24000.0000000,  -64327.0000000,
     -0.6906024,       1.0887037,       0.2115710,
 -24000.0000000,  -64576.0000000,
     -0.6650586,       1.0704581,       0.2125441,
 -24000.0000000,  -64760.0000000,
     -0.6482727,       1.0383460,       0.2138415,
 -24000.0000000,  -64994.0000000,
     -0.6395149,       1.0762967,       0.2138415,
 -24000.0000000,  -65229.0000000,
     -0.6548411,       1.0777564,       0.2138415,
 -24000.0000000,  -65501.5000000,
     -0.6154307,       1.0835949,       0.2125441,
 -24000.0000000,  -65751.0000000,
     -0.6095922,       1.0580512,       0.2125441,
 -24000.0000000,  -65986.5000000,
     -0.6074027,       1.0456442,       0.2141659,
 -24000.0000000,  -66170.5000000,
     -0.6183500,       1.0755669,       0.2128685,
 -24000.0000000,  -66457.0000000,
     -0.5949957,       1.0376162,       0.2144903,
 -24000.0000000,  -66640.5000000,
     -0.6176202,       1.0660792,       0.2144903,
 -24000.0000000,  -66913.0000000,
     -0.5774800,       1.0806757,       0.2148146,
 -24000.0000000,  -67162.0000000,
     -0.5986448,       1.0719178,       0.2141659,
 -24000.0000000,  -67346.0000000,
     -0.6044834,       1.0544021,       0.2148146,
 -24000.0000000,  -67581.0000000,
     -0.5891571,       1.0478337,       0.2154634,
 -24000.0000000,  -67867.5000000,
     -0.5643432,       1.0492933,       0.2151390,
 -24000.0000000,  -68051.5000000,
     -0.6088623,       1.0398056,       0.2154634,
 -24000.0000000,  -68338.0000000,
     -0.5679923,       1.0069636,       0.2157877,
 -24000.0000000,  -68521.5000000,
     -0.5431784,       1.0288583,       0.2151390,
 -24000.0000000,  -68808.0000000,
     -0.5541257,       1.0719178,       0.2161121,
 -24000.0000000,  -68990.5000000,
     -0.5424485,       1.0514828,       0.2157877,
 -24000.0000000,  -69225.5000000,
     -0.5446380,       1.0565915,       0.2157877,
 -24000.0000000,  -69512.0000000,
     -0.5183644,       1.0449144,       0.2118954,
 -24000.0000000,  -69696.0000000,
     -0.5672625,       1.0339670,       0.2170852,
 -24000.0000000,  -69931.0000000,
     -0.5293117,       1.0244794,       0.2170852,
 -24000.0000000,  -70217.5000000,
     -0.5198241,       1.0281285,       0.2174096,
 -24000.0000000,  -70401.5000000,
     -0.5212837,       1.0405354,       0.2170852,
 -24000.0000000,  -70688.0000000,
     -0.5001189,       1.0303179,       0.2170852,
 -24000.0000000,  -70871.5000000,
     -0.4979294,       1.0339670,       0.2170852,
 -24000.0000000,  -71158.0000000,
     -0.4993890,       1.0638897,       0.2167608,
 -24000.0000000,  -71342.0000000,
     -0.5008487,       1.0434547,       0.2174096,
 -24000.0000000,  -71628.5000000,
     -0.4687365,       1.0106127,       0.2170852,
 -24000.0000000,  -71812.5000000,
     -0.4716558,       1.0120724,       0.2174096,
 -24000.0000000,  -72047.5000000,
     -0.4782242,       1.0215601,       0.2183827,
 -24000.0000000,  -72283.0000000,
     -0.4504910,       1.0266688,       0.2183827,
 -24000.0000000,  -72569.0000000,
     -0.5234732,       1.0113426,       0.2193558,
 -24000.0000000,  -72753.0000000,
     -0.4665470,       1.0354267,       0.2196801,
 -24000.0000000,  -73012.5000000,
     -0.4490313,       0.9967461,       0.2200045,
 -24000.0000000,  -73222.0000000,
     -0.4913610,       0.9974759,       0.2200045,
 -24000.0000000,  -73508.0000000,
     -0.4957399,       1.0427249,       0.2170852,
 -24000.0000000,  -73692.0000000,
     -0.4716558,       1.0055040,       0.2200045,
 -24000.0000000,  -73952.0000000,
     -0.5132557,       1.0230197,       0.2193558,
 -24000.0000000,  -74162.5000000,
     -0.4526804,       1.0025847,       0.2203289,
 -24000.0000000,  -74422.5000000,
     -0.4643576,       0.9989356,       0.2209776,
 -24000.0000000,  -74633.0000000,
     -0.4862522,       1.0135320,       0.2216263,
 -24000.0000000,  -74919.0000000,
     -0.4504910,       1.0003952,       0.2203289,
 -24000.0000000,  -75154.0000000,
     -0.4541401,       1.0281285,       0.2216263,
 -24000.0000000,  -75338.0000000,
     -0.4475717,       1.0405354,       0.2219507,
 -24000.0000000,  -75624.5000000,
     -0.4264068,       0.9785006,       0.2225994,
 -24000.0000000,  -75808.5000000,
     -0.3979438,       1.0128022,       0.2232481,
 -24000.0000000,  -76095.0000000,
     -0.3942947,       1.0193706,       0.2232481,
 -24000.0000000,  -76279.0000000,
     -0.4249472,       1.0186408,       0.2229238,
 -24000.0000000,  -76565.0000000,
     -0.4431927,       1.0149917,       0.2216263,
 -24000.0000000,  -76749.0000000,
     -0.3942947,       1.0390758,       0.2245456,
 -24000.0000000,  -77034.0000000,
     -0.4183788,       1.0157215,       0.2232481,
 -24000.0000000,  -77218.0000000,
     -0.4285963,       0.9923672,       0.2245456,
 -24000.0000000,  -77504.5000000,
     -0.3796982,       1.0033145,       0.2245456,
 -24000.0000000,  -77739.5000000,
     -0.4169191,       0.9923672,       0.2248700,
 -24000.0000000,  -77923.5000000,
     -0.3986736,       1.0149917,       0.2251943,
 -24000.0000000,  -78210.0000000,
     -0.4110806,       1.0040443,       0.2245456,
 -24000.0000000,  -78394.0000000,
     -0.4030525,       0.9967461,       0.2245456,
 -24000.0000000,  -78680.0000000,
     -0.4030525,       1.0208302,       0.2248700,
 -24000.0000000,  -78915.0000000,
     -0.4161893,       1.0076934,       0.2245456,
 -24000.0000000,  -79099.0000000,
     -0.4103507,       1.0179110,       0.2242212,
 -24000.0000000,  -79385.5000000,
     -0.3986736,       1.0215601,       0.2242212,
 -24000.0000000,  -79569.5000000,
     -0.3570737,       1.0106127,       0.2238969,
 -24000.0000000,  -79804.5000000,
     -0.4059718,       1.0120724,       0.2238969,
 -24000.0000000,  -80091.0000000,
     -0.3439369,       0.9938268,       0.2232481,
 -24000.0000000,  -80326.5000000,
     -0.3687509,       0.9916374,       0.2222750,
 -24000.0000000,  -80510.0000000,
     -0.3928350,       0.9763111,       0.2219507,
 -24000.0000000,  -80769.5000000,
     -0.3512352,       0.9872584,       0.2219507,
 -24000.0000000,  -80979.0000000,
     -0.3731298,       1.0018549,       0.2209776,
 -24000.0000000,  -81214.0000000,
     -0.3651018,       0.9763111,       0.2203289,
 -24000.0000000,  -81474.0000000,
     -0.3395580,       1.0003952,       0.2203289,
 -24000.0000000,  -81658.0000000,
     -0.3526948,       1.0003952,       0.2200045,
 -24000.0000000,  -81971.0000000,
     -0.3643720,       0.9836093,       0.2200045,
 -24000.0000000,  -82128.5000000,
     -0.3468562,       0.9777707,       0.2196801,
 -24000.0000000,  -82441.5000000,
     -0.3578036,       0.9916374,       0.2193558,
 -24000.0000000,  -82625.0000000,
     -0.3300703,       1.0069636,       0.2190314,
 -24000.0000000,  -82911.0000000,
     -0.2935792,       0.9989356,       0.2183827,
 -24000.0000000,  -83095.5000000,
     -0.3023371,       0.9719322,       0.2180583,
 -24000.0000000,  -83330.5000000,
     -0.2651162,       1.0040443,       0.2174096,
 -24000.0000000,  -83616.5000000,
     -0.2366531,       0.9945567,       0.2170852,
 -24000.0000000,  -83800.5000000,
     -0.3154739,       1.0003952,       0.2161121,
 -24000.0000000,  -84009.5000000,
     -0.2381128,       0.9901777,       0.2157877,
 -24000.0000000,  -84296.0000000,
     -0.2417619,       0.9785006,       0.2154634,
 -24000.0000000,  -84479.5000000,
     -0.3089055,       0.9755813,       0.2144903,
 -24000.0000000,  -84766.0000000,
     -0.2278952,       1.0018549,       0.2141659,
 -24000.0000000,  -84975.0000000,
     -0.2468706,       0.9690129,       0.2138415,
 -24000.0000000,  -85261.5000000,
     -0.2497899,       0.9573357,       0.2135172,
 -24000.0000000,  -85419.0000000,
     -0.1636709,       0.9544164,       0.2131928,
 -24000.0000000,  -85732.0000000,
     -0.2242461,       0.9806900,       0.2128685,
 -24000.0000000,  -85889.0000000,
     -0.2008918,       0.9719322,       0.2125441,
 -24000.0000000,  -86189.5000000,
     -0.1622113,       0.9697427,       0.2118954,
 -24000.0000000,  -86424.5000000,
     -0.2264356,       0.9785006,       0.2112466,
 -24000.0000000,  -86659.5000000,
     -0.1490745,       0.9719322,       0.2115710,
 -24000.0000000,  -86856.5000000,
     -0.1432359,       0.9478480,       0.2115710,
 -24000.0000000,  -87142.5000000,
     -0.1614814,       0.9332516,       0.2109223,
 -24000.0000000,  -87326.5000000,
     -0.0892291,       0.9471182,       0.2112466,
 -24000.0000000,  -87613.0000000,
     -0.1286394,       0.9814199,       0.2112466,
 -24000.0000000,  -87770.0000000,
     -0.1906743,       0.9609848,       0.2109223,
 -24000.0000000,  -88083.5000000,
     -0.0593064,       0.9668234,       0.2105979,
 -24000.0000000,  -88241.0000000,
     -0.1089343,       0.9609848,       0.2102735,
 -24000.0000000,  -88476.0000000,
     -0.1155027,       0.9595252,       0.2105979,
 -24000.0000000,  -88788.5000000,
     -0.0571169,       0.9201148,       0.2099492,
 -24000.0000000,  -88946.0000000,
     -0.1228009,       0.9434691,       0.2099492,
 -24000.0000000,  -89258.0000000,
     -0.1016360,       0.9325218,       0.2112466,
 -24000.0000000,  -89493.0000000,
     -0.0213556,       0.9369007,       0.2118954,
 -24000.0000000,  -89650.0000000,
     -0.0819308,       0.9062482,       0.2122197,
 -24000.0000000,  -89885.5000000,
     -0.0687940,       0.9339814,       0.2125441,
 -24000.0000000,  -90198.5000000,
     -0.0629555,       0.9339814,       0.2144903,
 -24000.0000000,  -90433.5000000,
     -0.0884992,       0.9193850,       0.2138415,
 -24000.0000000,  -90591.0000000,
     -0.0593064,       0.9347112,       0.2144903,
 -24000.0000000,  -90903.5000000,
     -0.0505485,       0.9303323,       0.2157877,
 -24000.0000000,  -91061.0000000,
     -0.0636853,       0.9463884,       0.2154634,
 -24000.0000000,  -91361.0000000,
     -0.0315731,       0.9339814,       0.2164365,
 -24000.0000000,  -91595.5000000,
     -0.0454397,       0.9252236,       0.2170852,
 -24000.0000000,  -91844.5000000,
     -0.0476292,       0.9303323,       0.2177339,
 -24000.0000000,  -92001.5000000,
      0.0238934,       0.9544164,       0.2193558,
 -24000.0000000,  -92315.0000000,
     -0.0242749,       0.9317920,       0.2193558,
 -24000.0000000,  -92498.5000000,
     -0.0169767,       0.8843535,       0.2203289,
 -24000.0000000,  -92707.0000000,
      0.0443284,       0.8989500,       0.2213020,
 -24000.0000000,  -92942.0000000,
     -0.0031101,       0.9193850,       0.2209776,
 -24000.0000000,  -93254.0000000,
     -0.0213556,       0.8945710,       0.2219507,
 -24000.0000000,  -93411.0000000,
      0.0231635,       0.8974903,       0.2225994,
 -24000.0000000,  -93646.5000000,
     -0.0337626,       0.9441989,       0.2219507,
 -24000.0000000,  -93959.5000000,
     -0.0082188,       0.9215744,       0.2225994,
 -24000.0000000,  -94117.0000000,
      0.0348407,       0.8828939,       0.2229238,
 -24000.0000000,  -94430.0000000,
     -0.0483590,       0.9062482,       0.2225994,
 -24000.0000000,  -94601.0000000,
      0.0144057,       0.9142762,       0.2229238,
 -24000.0000000,  -94900.0000000,
     -0.0001908,       0.8923816,       0.2229238,
 -24000.0000000,  -95057.0000000,
     -0.0155170,       0.8770553,       0.2190314,
 -24000.0000000,  -95370.0000000,
      0.0297319,       0.8690273,       0.2232481,
 -24000.0000000,  -95527.5000000,
     -0.0315731,       0.8967605,       0.2229238,
 -24000.0000000,  -95840.5000000,
     -0.0264644,       0.8850833,       0.2222750,
 -24000.0000000,  -96011.5000000,
      0.0647634,       0.9004096,       0.2209776,
 -24000.0000000,  -96260.0000000,
      0.0457880,       0.9157359,       0.2209776,
 -24000.0000000,  -96546.0000000,
      0.0399494,       0.9004096,       0.2203289,
 -24000.0000000,  -96703.0000000,
      0.0384898,       0.8814342,       0.2196801,
 -24000.0000000,  -97015.5000000,
      0.0238934,       0.8785149,       0.2196801,
 -24000.0000000,  -97173.0000000,
      0.0311916,       0.8777851,       0.2196801,
 -24000.0000000,  -97486.0000000,
      0.0983352,       0.8391046,       0.2187070,
 -24000.0000000,  -97643.0000000,
      0.0888475,       0.8726764,       0.2180583,
 -24000.0000000,  -97956.0000000,
      0.0866580,       0.8274274,       0.2177339,
 -24000.0000000,  -98113.5000000,
      0.0917668,       0.8354554,       0.2167608,
 -24000.0000000,  -98349.0000000,
      0.0895773,       0.8485922,       0.2161121,
 -24000.0000000,  -98649.0000000,
      0.0968756,       0.8464028,       0.2151390,
 -24000.0000000,  -98870.0000000,
      0.1100124,       0.8347256,       0.2141659,
 -24000.0000000,  -99105.5000000,
      0.0976054,       0.8391046,       0.2138415,
 -24000.0000000,  -99303.0000000,
      0.0983352,       0.8318063,       0.2118954,
 -24000.0000000,  -99575.5000000,
      0.1377456,       0.8026135,       0.2125441,
 -24000.0000000,  -99773.0000000,
      0.1319070,       0.8084520,       0.2122197,
 -24000.0000000, -100046.0000000,
      0.1778858,       0.7945854,       0.2118954,
 -24000.0000000, -100256.5000000,
      0.1647490,       0.8135608,       0.2112466,
 -24000.0000000, -100543.0000000,
      0.1625595,       0.7909363,       0.2099492,
 -24000.0000000, -100713.5000000,
      0.2238646,       0.8186695,       0.2083273,
 -24000.0000000, -100947.5000000,
      0.2078085,       0.8048029,       0.2096248,
 -24000.0000000, -101247.0000000,
      0.1946717,       0.8055327,       0.2089761,
 -24000.0000000, -101418.0000000,
      0.2260541,       0.7865574,       0.2083273,
 -24000.0000000, -101639.0000000,
      0.2165664,       0.8077222,       0.2086517,
 -24000.0000000, -101901.0000000,
      0.2596259,       0.7639329,       0.2099492,
 -24000.0000000, -102161.0000000,
      0.2618153,       0.7792592,       0.2093004,
 -24000.0000000, -102384.5000000,
      0.2450294,       0.7741504,       0.2093004,
 -24000.0000000, -102645.0000000,
      0.2362716,       0.7712311,       0.2102735,
 -24000.0000000, -102815.0000000,
      0.2844398,       0.7303611,       0.2099492,
 -24000.0000000, -103128.0000000,
      0.2567066,       0.7675820,       0.2096248,
 -24000.0000000, -103299.0000000,
      0.2523276,       0.7537154,       0.2083273,
 -24000.0000000, -103611.0000000,
      0.2902784,       0.7799890,       0.2096248,
 -24000.0000000, -103782.0000000,
      0.2764118,       0.7588241,       0.2105979,
 -24000.0000000, -104067.5000000,
      0.3202011,       0.7632031,       0.2105979,
 -24000.0000000, -104239.5000000,
      0.3311484,       0.7434979,       0.2115710,
 -24000.0000000, -104475.0000000,
      0.3092538,       0.7456873,       0.2118954,
 -24000.0000000, -104710.0000000,
      0.3844254,       0.7500663,       0.2128685,
 -24000.0000000, -104931.0000000,
      0.3260397,       0.7383891,       0.2125441,
 -24000.0000000, -105256.0000000,
      0.3690992,       0.7953152,       0.2128685,
 -24000.0000000, -105400.0000000,
      0.3501238,       0.7340102,       0.2122197,
 -24000.0000000, -105739.0000000,
      0.3384466,       0.7289014,       0.2122197,
 -24000.0000000, -105922.0000000,
      0.3493940,       0.7413084,       0.2138415,
 -24000.0000000, -106119.5000000,
      0.3420958,       0.7135752,       0.2138415,
 -24000.0000000, -106355.0000000,
      0.3815061,       0.6945998,       0.2151390,
 -24000.0000000, -106627.5000000,
      0.3464747,       0.7493364,       0.2154634,
 -24000.0000000, -106825.0000000,
      0.3143625,       0.7340102,       0.2148146,
 -24000.0000000, -107097.5000000,
      0.3355274,       0.7559048,       0.2157877,
 -24000.0000000, -107279.0000000,
      0.4055903,       0.7464172,       0.2157877,
 -24000.0000000, -107559.5000000,
      0.3545027,       0.7456873,       0.2164365,
 -24000.0000000, -107751.0000000,
      0.3639904,       0.7216032,       0.2154634,
 -24000.0000000, -107976.5000000,
      0.3362572,       0.6945998,       0.2125441,
 -24000.0000000, -108186.5000000,
      0.3143625,       0.7237927,       0.2157877,
 -24000.0000000, -108455.0000000,
      0.3625308,       0.6924103,       0.2148146,
 -24000.0000000, -108672.5000000,
      0.3632606,       0.7091962,       0.2141659,
 -24000.0000000, -108852.5000000,
      0.3377168,       0.7106559,       0.2135172,
 -24000.0000000, -109065.5000000,
      0.3712886,       0.6807332,       0.2131928,
 -24000.0000000, -109264.0000000,
      0.3559624,       0.6785437,       0.2135172,
 -24000.0000000, -109529.5000000,
      0.3472045,       0.6807332,       0.2131928,
 -24000.0000000, -109690.0000000,
      0.3763974,       0.6624876,       0.2125441,
 -24000.0000000, -109892.0000000,
      0.3654501,       0.6770841,       0.2115710,
 -24000.0000000, -110092.5000000,
      0.3785869,       0.6880314,       0.2105979,
 -24000.0000000, -110333.0000000,
      0.4004815,       0.7150348,       0.2109223,
 -24000.0000000, -110485.5000000,
      0.3523133,       0.6836525,       0.2102735,
 -24000.0000000, -110719.5000000,
      0.3705588,       0.6800034,       0.2099492,
 -24000.0000000, -110857.0000000,
      0.4362428,       0.7128453,       0.2086517,
 -24000.0000000, -111085.5000000,
      0.3661799,       0.6705157,       0.2089761,
 -24000.0000000, -111281.0000000,
      0.4099692,       0.6792735,       0.2083273,
 -24000.0000000, -111423.5000000,
      0.4041306,       0.6646771,       0.2086517,
 -24000.0000000, -111593.0000000,
      0.3661799,       0.6851121,       0.2073542,
 -24000.0000000, -111809.5000000,
      0.4369726,       0.6405930,       0.2067055,
 -24000.0000000, -111975.0000000,
      0.4209165,       0.6442421,       0.2067055,
 -24000.0000000, -112128.5000000,
      0.3917237,       0.6588385,       0.2067055,
 -24000.0000000, -112299.0000000,
      0.4413516,       0.6486210,       0.2037862,
 -24000.0000000, -112466.5000000,
      0.4201867,       0.6617578,       0.2060568,
 -24000.0000000, -112658.0000000,
      0.4304042,       0.6989787,       0.2050837,
 -24000.0000000, -112794.5000000,
      0.4428112,       0.6369439,       0.2047593,
 -24000.0000000, -112955.0000000,
      0.4289446,       0.6624876,       0.2050837,
 -24000.0000000, -113112.5000000,
      0.4340533,       0.6661367,       0.2054080,
 -24000.0000000, -113301.5000000,
      0.4464603,       0.6391333,       0.2044350,
 -24000.0000000, -113420.5000000,
      0.4245656,       0.6493508,       0.2041106,
 -24000.0000000, -113570.5000000,
      0.4464603,       0.6843823,       0.2037862,
 -24000.0000000, -113718.0000000,
      0.4515691,       0.6573789,       0.2031375,
 -24000.0000000, -113863.5000000,
      0.4055903,       0.6223474,       0.2024888,
 -24000.0000000, -114006.0000000,
      0.4895198,       0.6639473,       0.2011913,
 -24000.0000000, -114176.5000000,
      0.4807619,       0.6646771,       0.2011913,
 -24000.0000000, -114284.0000000,
      0.4289446,       0.6646771,       0.2005426,
 -24000.0000000, -114419.0000000,
      0.5033864,       0.6230772,       0.2002182,
 -24000.0000000, -114572.5000000,
      0.5048461,       0.6114001,       0.1998938,
 -24000.0000000, -114709.0000000,
      0.4464603,       0.6646771,       0.1998938,
 -24000.0000000, -114808.5000000,
      0.5055759,       0.6478912,       0.2002182,
 -24000.0000000, -114933.5000000,
      0.4902496,       0.6070212,       0.2002182,
 -24000.0000000, -115056.5000000,
      0.5274706,       0.6537298,       0.1998938,
 -24000.0000000, -115195.5000000,
      0.5581231,       0.6252667,       0.1998938,
 -24000.0000000, -115319.5000000,
      0.5230916,       0.6259965,       0.2005426,
 -24000.0000000, -115409.0000000,
      0.5041162,       0.6362140,       0.2002182,
 -24000.0000000, -115522.0000000,
      0.5727195,       0.6427824,       0.1989207,
 -24000.0000000, -115649.0000000,
      0.5500950,       0.6179685,       0.1995695,
 -24000.0000000, -115756.5000000,
      0.5873160,       0.6004528,       0.1998938,
 -24000.0000000, -115844.5000000,
      0.5544740,       0.6289158,       0.1998938,
 -24000.0000000, -115969.5000000,
      0.6026422,       0.6055615,       0.2002182,
 -24000.0000000, -116069.0000000,
      0.5778283,       0.6230772,       0.2008669,
 -24000.0000000, -116145.0000000,
      0.5822072,       0.6157790,       0.2002182,
 -24000.0000000, -116240.0000000,
      0.5785581,       0.5938844,       0.1927578,
 -24000.0000000, -116333.0000000,
      0.5989931,       0.6128597,       0.1914603,
 -24000.0000000, -116423.0000000,
      0.5880458,       0.6194281,       0.1989207,
 -24000.0000000, -116510.0000000,
      0.5909651,       0.6500807,       0.2024888,
 -24000.0000000, -116595.0000000,
      0.6106703,       0.6639473,       0.2034619,
 -24000.0000000, -116677.5000000,
      0.5968036,       0.6041019,       0.2034619,
 -24000.0000000, -116770.0000000,
      0.5727195,       0.5975335,       0.2041106,
 -24000.0000000, -116851.5000000,
      0.6033720,       0.6128597,       0.2044350,
 -24000.0000000, -116910.0000000,
      0.5741792,       0.5997229,       0.2044350,
 -24000.0000000, -116982.5000000,
      0.5880458,       0.5705301,       0.2050837,
 -24000.0000000, -117068.0000000,
      0.5975335,       0.6230772,       0.2050837,
 -24000.0000000, -117120.5000000,
      0.5508249,       0.5916949,       0.2054080,
 -24000.0000000, -117199.5000000,
      0.6303755,       0.6238071,       0.2050837,
 -24000.0000000, -117248.0000000,
      0.6128597,       0.6486210,       0.2050837,
 -24000.0000000, -117308.0000000,
      0.6084808,       0.6208878,       0.2050837,
 -24000.0000000, -117378.0000000,
      0.6033720,       0.6106703,       0.2054080,
 -24000.0000000, -117426.5000000,
      0.6004528,       0.6106703,       0.2060568,
 -24000.0000000, -117473.5000000,
      0.5705301,       0.6289158,       0.2067055,
 -24000.0000000, -117534.0000000,
      0.6004528,       0.6048317,       0.2067055,
 -24000.0000000, -117571.0000000,
      0.5851265,       0.6150492,       0.2067055,
 -24000.0000000, -117625.0000000,
      0.5508249,       0.6055615,       0.2063811,
 -24000.0000000, -117667.0000000,
      0.6179685,       0.5997229,       0.2067055,
 -24000.0000000, -117698.5000000,
      0.6062913,       0.6238071,       0.2063811,
 -24000.0000000, -117744.0000000,
      0.5683406,       0.6143194,       0.2060568,
 -24000.0000000, -117771.0000000,
      0.6019124,       0.6296456,       0.2063811,
 -24000.0000000, -117803.5000000,
      0.5785581,       0.6186983,       0.2063811,
 -24000.0000000, -117840.0000000,
      0.5924247,       0.6318351,       0.2063811,
 -24000.0000000, -117861.0000000,
      0.5566634,       0.6026422,       0.2063811,
 -24000.0000000, -117891.5000000,
      0.6201579,       0.6084808,       0.2067055,
 -24000.0000000, -117909.0000000,
      0.5829370,       0.5924247,       0.2070299,
 -24000.0000000, -117932.5000000,
      0.6157790,       0.5719897,       0.2067055,
 -24000.0000000, -117946.5000000,
      0.5727195,       0.5924247,       0.2070299,
 -24000.0000000, -117962.5000000,
      0.6238071,       0.6004528,       0.2063811,
 -24000.0000000, -117974.0000000,
      0.5654213,       0.6033720,       0.2060568,
 -24000.0000000, -117984.0000000,
      0.5953440,       0.6135896,       0.2060568,
 -24000.0000000, -117993.0000000,
      0.6106703,       0.5865861,       0.2060568,
 -24000.0000000, -117997.0000000,
      0.6033720,       0.5989931,       0.2060568,
 -24000.0000000, -117999.0000000,
      0.5566634,       0.6143194,       0.2063811,
 -24000.0000000, -117999.5000000,
      0.5705301,       0.5763686,       0.2060568,
 -24000.0000000, -117999.5000000,
      0.5931545,       0.6186983,       0.2060568,
 -24000.0000000, -117999.5000000,
      0.5530143,       0.5916949,       0.2063811,
 -24000.0000000, -117999.5000000,
      0.6114001,       0.5654213,       0.2067055,
 -24000.0000000, -117999.5000000,
      0.6033720,       0.5924247,       0.2063811,
 -24000.0000000, -117999.5000000,
      0.5989931,       0.6019124,       0.2057324,
 -24000.0000000, -117999.5000000,
      0.5895054,       0.5880458,       0.2060568,
 -24000.0000000, -117999.5000000,
      0.5778283,       0.5982633,       0.2060568,
 -24000.0000000, -117999.5000000,
      0.6070212,       0.5931545,       0.2060568,
 -24000.0000000, -117999.5000000,
      0.5975335,       0.6165088,       0.2060568,
 -24000.0000000, -118000.0000000,
      0.5873160,       0.6201579,       0.2054080,
 -24000.0000000, -118000.0000000,
      0.6041019,       0.5887756,       0.2063811,
 -24000.0000000, -118000.0000000,
      0.6172387,       0.5573933,       0.2063811,
 -24000.0000000, -118000.0000000,
      0.5763686,       0.5982633,       0.2063811,
 -24000.0000000, -118000.0000000,
      0.5895054,       0.6179685,       0.2060568,
 -24000.0000000, -118000.0000000,
      0.5909651,       0.5749090,       0.2057324,
 -24000.0000000, -118000.0000000,
      0.5880458,       0.6311053,       0.2054080,
 -24000.0000000, -118000.0000000,
      0.5924247,       0.5895054,       0.2060568,
 -24000.0000000, -118000.0000000,
      0.5982633,       0.6019124,       0.2060568,
 -24000.0000000, -118000.0000000,
      0.5843967,       0.6157790,       0.2057324,
 -24000.0000000, -118000.0000000,
      0.5807476,       0.5946142,       0.2057324,
 -24000.0000000, -118000.0000000,
      0.5997229,       0.6128597,       0.2060568,
 -24000.0000000, -118000.0000000,
      0.5960738,       0.6208878,       0.2060568,
 -24000.0000000, -118000.0000000,
      0.5573933,       0.5880458,       0.2067055,
 -24000.0000000, -118000.0000000,
      0.5668809,       0.6121299,       0.2063811,
 -24000.0000000, -118000.0000000,
      0.5778283,       0.6114001,       0.2054080,
 -24000.0000000, -118000.0000000,
      0.5654213,       0.6099404,       0.2060568,
 -24000.0000000, -118000.0000000,
      0.5646915,       0.6128597,       0.2063811,
 -24000.0000000, -118000.0000000,
      0.5982633,       0.6099404,       0.2063811,
 -24000.0000000, -118000.0000000,
      0.6033720,       0.6033720,       0.2057324,
 -24000.0000000, -118000.0000000,
      0.6070212,       0.5858563,       0.2060568,
 -24000.0000000, -118000.0000000,
      0.5931545,       0.5442565,       0.2060568,
 -24000.0000000, -118000.0000000,
      0.6055615,       0.5887756,       0.2067055,
 -24000.0000000, -118000.0000000,
      0.5544740,       0.6486210,       0.2063811,
 -24000.0000000, -118000.0000000,
      0.5785581,       0.5756388,       0.2063811,
 -24000.0000000, -118000.0000000,
      0.5712599,       0.6194281,       0.2060568,
 -24000.0000000, -118000.0000000,
      0.5654213,       0.6135896,       0.2060568,
 -24000.0000000, -118000.0000000,
      0.6099404,       0.6026422,       0.2063811,
 -24000.0000000, -118000.0000000,
      0.5719897,       0.6230772,       0.2063811,
 -24000.0000000, -118000.0000000,
      0.5924247,       0.6252667,       0.2057324,
 -24000.0000000, -118000.0000000,
      0.5946142,       0.6245369,       0.2054080,
 -24000.0000000, -118000.0000000,
      0.5690704,       0.5800177,       0.2063811,
 -24000.0000000, -118000.0000000,
      0.5858563,       0.6172387,       0.2063811,
 -24000.0000000, -118000.0000000,
      0.5537441,       0.6179685,       0.2067055,
 -24000.0000000, -118000.0000000,
      0.6201579,       0.5822072,       0.2067055,
 -24000.0000000, -118000.0000000,
      0.5822072,       0.6092106,       0.2057324,
 -24000.0000000, -118000.0000000,
      0.5975335,       0.5975335,       0.2057324,
 -24000.0000000, -118000.0000000,
      0.6048317,       0.6099404,       0.2063811,
 -24000.0000000, -118000.0000000,
      0.5858563,       0.6201579,       0.2063811,
 -24000.0000000, -118000.0000000,
      0.5909651,       0.5909651,       0.2060568,
 -24000.0000000, -118000.0000000,
      0.5770984,       0.6194281,       0.2057324,
 -24000.0000000, -118000.0000000,
      0.5778283,       0.5946142,       0.2060568,
 -24000.0000000, -118000.0000000,
      0.5865861,       0.5909651,       0.2067055,
 -24000.0000000, -118000.0000000,
      0.5865861,       0.6041019,       0.2067055,
 -24000.0000000, -118000.0000000,
      0.5785581,       0.6019124,       0.2063811,
 -24000.0000000, -118000.0000000,
      0.5938844,       0.5989931,       0.2060568,
 -24000.0000000, -118000.0000000,
      0.6194281,       0.6041019,       0.2060568,
 -24000.0000000, -118000.0000000,
      0.5902352,       0.5895054,       0.2063811,
 -24000.0000000, -118000.0000000,
      0.6186983,       0.6281860,       0.2063811,
 -24000.0000000, -118000.0000000,
      0.6055615,       0.6252667,       0.2057324,
 -24000.0000000, -118000.0000000,
      0.5953440,       0.6223474,       0.2054080,
 -24000.0000000, -118000.0000000,
      0.5989931,       0.6223474,       0.2060568,
 -24000.0000000, -118000.0000000,
      0.6092106,       0.5997229,       0.2063811,
 -24000.0000000, -118000.0000000,
      0.5770984,       0.5873160,       0.2067055,
 -24000.0000000, -118000.0000000,
      0.5960738,       0.5938844,       0.2063811,
 -24000.0000000, -118000.0000000,
      0.5975335,       0.6186983,       0.2057324,
 -24000.0000000, -118000.0000000,
      0.5982633,       0.6369439,       0.2060568,
 -24000.0000000, -118000.0000000,
      0.5836668,       0.6391333,       0.2063811,
 -24000.0000000, -118000.0000000,
      0.5887756,       0.6070212,       0.2063811,
 -24000.0000000, -118000.0000000,
      0.5836668,       0.6194281,       0.2057324,
 -24000.0000000, -118000.0000000,
      0.5865861,       0.5909651,       0.2057324,
 -24000.0000000, -118000.0000000,
      0.5953440,       0.5895054,       0.2057324,
 -24000.0000000, -118000.0000000,
      0.6157790,       0.6048317,       0.2060568,
 -24000.0000000, -118000.0000000,
      0.5982633,       0.5851265,       0.2067055,
 -24000.0000000, -118000.0000000,
      0.5668809,       0.6274562,       0.2060568,
 -24000.0000000, -118000.0000000,
      0.5997229,       0.6121299,       0.2060568,
 -24000.0000000, -118000.0000000,
      0.6062913,       0.6077510,       0.2063811,
 -24000.0000000, -118000.0000000,
      0.5975335,       0.6062913,       0.2063811,
 -24000.0000000, -118000.0000000,
      0.6157790,       0.5968036,       0.2060568,
 -24000.0000000, -118000.0000000,
      0.6004528,       0.6092106,       0.2060568,
 -24000.0000000, -118000.0000000,
      0.6019124,       0.6289158,       0.2060568,
 -24000.0000000, -118000.0000000,
      0.6011826,       0.6084808,       0.2054080,
 -24000.0000000, -118000.0000000,
      0.5953440,       0.6201579,       0.2060568,
 -24000.0000000, -118000.0000000,
      0.5843967,       0.6150492,       0.2067055,
 -24000.0000000, -118000.0000000,
      0.5895054,       0.5953440,       0.2067055,
 -24000.0000000, -118000.0000000,
      0.5960738,       0.5989931,       0.2060568,
 -24000.0000000, -118000.0000000,
      0.5639617,       0.5982633,       0.2063811,
 -24000.0000000, -118000.0000000,
      0.6223474,       0.6267263,       0.2060568,
 -24000.0000000, -118000.0000000,
