     -0.7292830,       1.7433541,       0.2774172,
      0.0000000,  -12000.0000000,
     -0.7555566,       1.7608698,       0.2774172,
      0.0000000,  -12000.0000000,
     -0.7540969,       1.7214594,       0.2774172,
      0.0000000,  -12000.0000000,
     -0.7555566,       1.7397050,       0.2770928,
      0.0000000,  -12000.0000000,
     -0.7606653,       1.7382453,       0.2764441,
      0.0000000,  -12000.5000000,
     -0.7300128,       1.7550312,       0.2777415,
      0.0000000,  -12005.5000000,
     -0.7657741,       1.7710873,       0.2774172,
      0.0000000,  -12009.5000000,
     -0.7650442,       1.7477330,       0.2774172,
      0.0000000,  -12021.0000000,
     -0.7278233,       1.7747364,       0.2777415,
      0.0000000,  -12030.0000000,
     -0.7015497,       1.7783855,       0.2783903,
      0.0000000,  -12047.0000000,
     -0.7986161,       1.7703575,       0.2800121,
      0.0000000,  -12060.0000000,
     -0.7081181,       1.7754662,       0.2796877,
      0.0000000,  -12083.0000000,
     -0.7730723,       1.7630593,       0.2813095,
      0.0000000,  -12100.0000000,
     -0.7270935,       1.7827645,       0.2800121,
      0.0000000,  -12129.0000000,
     -0.7840196,       1.7864136,       0.2822826,
      0.0000000,  -12150.0000000,
     -0.7373110,       1.8316625,       0.2816339,
      0.0000000,  -12185.0000000,
     -0.7234444,       1.8053889,       0.2829314,
      0.0000000,  -12210.0000000,
     -0.7365812,       1.8302029,       0.2842288,
      0.0000000,  -12251.5000000,
     -0.7241742,       1.8170661,       0.2845532,
      0.0000000,  -12280.0000000,
     -0.7351215,       1.8024696,       0.2848776,
      0.0000000,  -12327.5000000,
     -0.7241742,       1.8046591,       0.2855263,
      0.0000000,  -12360.0000000,
     -0.7395005,       1.8170661,       0.2864994,
      0.0000000,  -12404.0000000,
     -0.6986304,       1.8229047,       0.2864994,
      0.0000000,  -12460.5000000,
     -0.7051988,       1.8192556,       0.2864994,
      0.0000000,  -12498.5000000,
     -0.6745463,       1.8141468,       0.2861750,
      0.0000000,  -12555.5000000,
     -0.6796551,       1.8338520,       0.2868237,
      0.0000000,  -12615.5000000,
     -0.6789252,       1.8411502,       0.2881212,
      0.0000000,  -12659.5000000,
     -0.6957112,       1.8221748,       0.2890943,
      0.0000000,  -12731.5000000,
     -0.6431640,       1.8185257,       0.2897430,
      0.0000000,  -12779.5000000,
     -0.6563008,       1.8250941,       0.2900674,
      0.0000000,  -12857.5000000,
     -0.6577604,       1.8148766,       0.2916892,
      0.0000000,  -12924.0000000,
     -0.6256482,       1.7864136,       0.2936354,
      0.0000000,  -12993.5000000,
     -0.6409745,       1.8024696,       0.2952572,
      0.0000000,  -13049.5000000,
     -0.6278377,       1.7849539,       0.2968791,
      0.0000000,  -13139.5000000,
     -0.6234588,       1.8097679,       0.2991496,
      0.0000000,  -13199.5000000,
     -0.6358658,       1.7995504,       0.3010958,
      0.0000000,  -13278.5000000,
     -0.6307570,       1.8104977,       0.3023933,
      0.0000000,  -13359.5000000,
     -0.6322166,       1.8623151,       0.3040151,
      0.0000000,  -13462.0000000,
     -0.6103220,       1.8039293,       0.3049882,
      0.0000000,  -13519.5000000,
     -0.6081325,       1.8601256,       0.3056369,
      0.0000000,  -13618.5000000,
     -0.6329465,       1.8550168,       0.3066100,
      0.0000000,  -13725.0000000,
     -0.6125114,       1.8535572,       0.3092050,
      0.0000000,  -13803.5000000,
     -0.6030238,       1.8623151,       0.3108268,
      0.0000000,  -13921.0000000,
     -0.6263781,       1.8550168,       0.3121242,
      0.0000000,  -13998.0000000,
     -0.6249184,       1.8849395,       0.3130973,
      0.0000000,  -14099.5000000,
     -0.5942659,       1.8893185,       0.3140704,
      0.0000000,  -14226.5000000,
     -0.6548411,       1.9134026,       0.3134217,
      0.0000000,  -14309.5000000,
     -0.5986448,       1.9104833,       0.3108268,
      0.0000000,  -14442.5000000,
     -0.5847782,       1.9148622,       0.3069344,
      0.0000000,  -14530.0000000,
     -0.5891571,       1.9221605,       0.3040151,
      0.0000000,  -14668.5000000,
     -0.5592344,       1.9323780,       0.3004471,
      0.0000000,  -14759.5000000,
     -0.5366100,       1.9513533,       0.2959060,
      0.0000000,  -14865.0000000,
     -0.5081469,       1.8958869,       0.2877968,
      0.0000000,  -14999.5000000,
     -0.4439226,       1.9214306,       0.2822826,
      0.0000000,  -15109.5000000,
     -0.4869821,       1.8966167,       0.2774172,
      0.0000000,  -15270.5000000,
     -0.4497611,       1.8783711,       0.2725517,
      0.0000000,  -15407.0000000,
     -0.4424629,       1.9053746,       0.2644425,
      0.0000000,  -15510.0000000,
     -0.4351647,       1.9046447,       0.2550359,
      0.0000000,  -15673.5000000,
     -0.4001332,       1.9039149,       0.2453050,
      0.0000000,  -15780.0000000,
     -0.3942947,       1.8725326,       0.2358984,
      0.0000000,  -15949.5000000,
     -0.3935648,       1.8849395,       0.2287624,
      0.0000000,  -16059.5000000,
     -0.3373685,       1.8119573,       0.2206532,
      0.0000000,  -16219.0000000,
     -0.3607229,       1.7864136,       0.2151390,
      0.0000000,  -16350.0000000,
     -0.3629123,       1.7433541,       0.2122197,
      0.0000000,  -16531.5000000,
     -0.3395580,       1.7338664,       0.2093004,
      0.0000000,  -16675.0000000,
     -0.3578036,       1.7345962,       0.2060568,
      0.0000000,  -16837.5000000,
     -0.3826175,       1.7732768,       0.2099492,
      0.0000000,  -16960.0000000,
     -0.4067016,       1.7725469,       0.2105979,
      0.0000000,  -17153.5000000,
     -0.4337051,       1.7404348,       0.2096248,
      0.0000000,  -17261.5000000,
     -0.4256770,       1.7535716,       0.2086517,
      0.0000000,  -17479.5000000,
     -0.4753049,       1.7601400,       0.2086517,
      0.0000000,  -17590.5000000,
     -0.4541401,       1.7652487,       0.2076786,
      0.0000000,  -17815.5000000,
     -0.4650874,       1.7805750,       0.2067055,
      0.0000000,  -17949.5000000,
     -0.4526804,       1.7484628,       0.2034619,
      0.0000000,  -18123.5000000,
     -0.4935505,       1.7813048,       0.2015157,
      0.0000000,  -18300.0000000,
     -0.4410033,       1.7922521,       0.2005426,
      0.0000000,  -18518.0000000,
     -0.3986736,       1.7535716,       0.1979476,
      0.0000000,  -18639.5000000,
     -0.4519506,       1.7251085,       0.1911360,
      0.0000000,  -18873.0000000,
     -0.4431927,       1.7404348,       0.1956771,
      0.0000000,  -19008.0000000,
     -0.4643576,       1.6944560,       0.1950284,
      0.0000000,  -19259.5000000,
     -0.4337051,       1.6915367,       0.1950284,
      0.0000000,  -19409.5000000,
     -0.4300559,       1.6988349,       0.1982720,
      0.0000000,  -19581.0000000,
     -0.3745895,       1.6718315,       0.2008669,
      0.0000000,  -19799.5000000,
     -0.3110950,       1.6623438,       0.2034619,
      0.0000000,  -20042.5000000,
     -0.3402878,       1.7010244,       0.2083273,
      0.0000000,  -20200.0000000,
     -0.3453966,       1.7119717,       0.2096248,
      0.0000000,  -20449.0000000,
     -0.3227721,       1.7039437,       0.2041106,
      0.0000000,  -20610.5000000,
     -0.3169335,       1.7893329,       0.2086517,
      0.0000000,  -20864.0000000,
     -0.3461264,       1.7805750,       0.2105979,
      0.0000000,  -21017.5000000,
     -0.3176634,       1.7871434,       0.2086517,
      0.0000000,  -21218.5000000,
     -0.3395580,       1.8426099,       0.2050837,
      0.0000000,  -21434.5000000,
     -0.2935792,       1.8250941,       0.2011913,
      0.0000000,  -21713.5000000,
     -0.2753337,       1.8827501,       0.1966502,
      0.0000000,  -21873.5000000,
     -0.3140142,       1.7637891,       0.1937309,
      0.0000000,  -22146.0000000,
     -0.3563439,       1.7929820,       0.1901629,
      0.0000000,  -22347.5000000,
     -0.3235019,       1.7440839,       0.1882167,
      0.0000000,  -22626.5000000,
     -0.2913898,       1.7915223,       0.1862705,
      0.0000000,  -22845.0000000,
     -0.2497899,       1.7557610,       0.1836756,
      0.0000000,  -23092.0000000,
     -0.2629267,       1.7075928,       0.1839999,
      0.0000000,  -23249.5000000,
     -0.3526948,       1.6842385,       0.1875680,
      0.0000000,  -23562.5000000,
     -0.3264212,       1.6813192,       0.1924334,
      0.0000000,  -23720.0000000,
     -0.4395436,       1.7017542,       0.1992451,
      0.0000000,  -23955.0000000,
     -0.4745751,       1.7134314,       0.2021644,
      0.0000000,  -24190.5000000,
     -0.4424629,       1.7243787,       0.2086517,
      0.0000000,  -24490.5000000,
     -0.4169191,       1.7937118,       0.2105979,
      0.0000000,  -24687.0000000,
     -0.4548699,       1.8280134,       0.2122197,
      0.0000000,  -24946.5000000,
     -0.4285963,       1.8272836,       0.2128685,
      0.0000000,  -25130.5000000,
     -0.4198384,       1.8104977,       0.2122197,
      0.0000000,  -25443.5000000,
     -0.4563295,       1.8345818,       0.2115710,
      0.0000000,  -25627.5000000,
     -0.4278665,       1.8433397,       0.2128685,
      0.0000000,  -25887.5000000,
     -0.4490313,       1.8097679,       0.2122197,
      0.0000000,  -26071.5000000,
     -0.4614383,       1.8455291,       0.2109223,
      0.0000000,  -26370.5000000,
     -0.4658172,       1.8382309,       0.2115710,
      0.0000000,  -26618.5000000,
     -0.5015785,       1.8542870,       0.2093004,
      0.0000000,  -26802.0000000,
     -0.5001189,       1.8812904,       0.2083273,
      0.0000000,  -27076.0000000,
     -0.4534102,       1.8331222,       0.2050837,
      0.0000000,  -27273.0000000,
     -0.4738453,       1.8331222,       0.2063811,
      0.0000000,  -27532.5000000,
     -0.4446524,       1.8331222,       0.2073542,
      0.0000000,  -27781.5000000,
     -0.4607085,       1.8331222,       0.2086517,
      0.0000000,  -27978.5000000,
     -0.4388138,       1.8309327,       0.2105979,
      0.0000000,  -28265.0000000,
     -0.4818733,       1.8418800,       0.2115710,
      0.0000000,  -28449.0000000,
     -0.4767646,       1.8929676,       0.2118954,
      0.0000000,  -28722.0000000,
     -0.4424629,       1.9082938,       0.2115710,
      0.0000000,  -28919.0000000,
     -0.4461120,       1.8929676,       0.2099492,
      0.0000000,  -29205.0000000,
     -0.5066873,       1.8827501,       0.2089761,
      0.0000000,  -29427.5000000,
     -0.4767646,       1.8718027,       0.2080030,
      0.0000000,  -29649.0000000,
     -0.4395436,       1.8382309,       0.2050837,
      0.0000000,  -29846.5000000,
     -0.4716558,       1.8477186,       0.2083273,
      0.0000000,  -30119.5000000,
     -0.4774944,       1.8747220,       0.2093004,
      0.0000000,  -30367.0000000,
     -0.4402735,       1.8652343,       0.2089761,
      0.0000000,  -30588.5000000,
     -0.5081469,       1.8783711,       0.2096248,
      0.0000000,  -30799.0000000,
     -0.4585190,       1.9192412,       0.2099492,
      0.0000000,  -31072.0000000,
     -0.4826031,       1.9112131,       0.2102735,
      0.0000000,  -31269.0000000,
     -0.5052276,       1.8834799,       0.2099492,
      0.0000000,  -31529.0000000,
     -0.4256770,       1.8674238,       0.2105979,
      0.0000000,  -31713.0000000,
     -0.4738453,       1.8593958,       0.2109223,
      0.0000000,  -31948.0000000,
     -0.5132557,       1.8732624,       0.2128685,
      0.0000000,  -32248.0000000,
     -0.5001189,       1.8761817,       0.2154634,
      0.0000000,  -32469.5000000,
     -0.5468275,       1.8929676,       0.2167608,
      0.0000000,  -32653.5000000,
     -0.5103364,       1.9258096,       0.2161121,
      0.0000000,  -32939.5000000,
     -0.5125258,       1.9455148,       0.2180583,
      0.0000000,  -33150.0000000,
     -0.5285819,       1.9279990,       0.2180583,
      0.0000000,  -33410.0000000,
     -0.5278521,       1.9579217,       0.2170852,
      0.0000000,  -33594.0000000,
     -0.5125258,       1.9279990,       0.2167608,
      0.0000000,  -33880.0000000,
     -0.5249328,       1.9294587,       0.2154634,
      0.0000000,  -34091.0000000,
     -0.5059574,       1.9323780,       0.2154634,
      0.0000000,  -34376.5000000,
     -0.5409889,       1.9053746,       0.2151390,
      0.0000000,  -34560.0000000,
     -0.5176346,       1.9367569,       0.2141659,
      0.0000000,  -34819.5000000,
     -0.5315012,       1.9374867,       0.2131928,
      0.0000000,  -35030.0000000,
     -0.5242030,       1.9455148,       0.2115710,
      0.0000000,  -35290.0000000,
     -0.5336907,       1.9338376,       0.2105979,
      0.0000000,  -35500.5000000,
     -0.4687365,       1.9396762,       0.2093004,
      0.0000000,  -35774.0000000,
     -0.5132557,       1.9615709,       0.2070299,
      0.0000000,  -36009.5000000,
     -0.5059574,       1.9046447,       0.2044350,
      0.0000000,  -36231.5000000,
     -0.4869821,       1.9207008,       0.2060568,
      0.0000000,  -36442.0000000,
     -0.5417187,       1.8506379,       0.2050837,
      0.0000000,  -36677.0000000,
     -0.5205539,       1.8732624,       0.2076786,
      0.0000000,  -36936.5000000,
     -0.5490169,       1.9024553,       0.2093004,
      0.0000000,  -37147.0000000,
     -0.5548555,       1.8922378,       0.2096248,
      0.0000000,  -37406.5000000,
     -0.5417187,       1.8842097,       0.2093004,
      0.0000000,  -37655.5000000,
     -0.5460976,       1.9623007,       0.2099492,
      0.0000000,  -37826.0000000,
     -0.5380696,       1.9455148,       0.2096248,
      0.0000000,  -38112.5000000,
     -0.5088767,       1.9557323,       0.2089761,
      0.0000000,  -38360.0000000,
     -0.5577748,       1.9513533,       0.2086517,
      0.0000000,  -38530.5000000,
     -0.5468275,       1.9301885,       0.2093004,
      0.0000000,  -38843.0000000,
     -0.5548555,       1.9258096,       0.2086517,
      0.0000000,  -39000.0000000,
     -0.5096065,       1.9557323,       0.2073542,
      0.0000000,  -39286.5000000,
     -0.5402591,       1.9440551,       0.2073542,
      0.0000000,  -39498.0000000,
     -0.5555853,       1.9301885,       0.2086517,
      0.0000000,  -39771.0000000,
     -0.5541257,       1.9148622,       0.2086517,
      0.0000000,  -39941.5000000,
     -0.6088623,       1.9374867,       0.2099492,
      0.0000000,  -40255.5000000,
     -0.5840484,       1.9761673,       0.2105979,
      0.0000000,  -40439.0000000,
     -0.6198097,       1.9644901,       0.2112466,
      0.0000000,  -40712.5000000,
     -0.5665327,       1.9849252,       0.2115710,
      0.0000000,  -40910.0000000,
     -0.6117816,       1.9980620,       0.2109223,
      0.0000000,  -41183.0000000,
     -0.5796695,       1.9732480,       0.2109223,
      0.0000000,  -41353.5000000,
     -0.5825887,       1.9615709,       0.2118954,
      0.0000000,  -41639.5000000,
     -0.5833186,       1.9747076,       0.2102735,
      0.0000000,  -41888.5000000,
     -0.5723712,       1.9754375,       0.2109223,
      0.0000000,  -42059.0000000,
     -0.5504766,       1.9951427,       0.2105979,
      0.0000000,  -42358.0000000,
     -0.5731011,       1.9812760,       0.2099492,
      0.0000000,  -42528.0000000,
     -0.5920764,       1.9966023,       0.2093004,
      0.0000000,  -42828.0000000,
     -0.5898870,       1.9987918,       0.2093004,
      0.0000000,  -43063.0000000,
     -0.6074027,       1.9798164,       0.2083273,
      0.0000000,  -43247.0000000,
     -0.5767502,       1.9659498,       0.2086517,
      0.0000000,  -43533.5000000,
     -0.5862379,       1.9871146,       0.2028131,
      0.0000000,  -43703.5000000,
     -0.6052132,       2.0184970,       0.2067055,
      0.0000000,  -44004.0000000,
     -0.5964554,       1.9885743,       0.2070299,
      0.0000000,  -44174.0000000,
     -0.5964554,       2.0082795,       0.2041106,
      0.0000000,  -44460.5000000,
     -0.6307570,       1.9644901,       0.2070299,
      0.0000000,  -44709.0000000,
     -0.6044834,       1.9776269,       0.2073542,
      0.0000000,  -44879.0000000,
     -0.6256482,       2.0228759,       0.2060568,
      0.0000000,  -45179.5000000,
     -0.6212693,       1.9980620,       0.2067055,
      0.0000000,  -45349.5000000,
     -0.6205395,       2.0082795,       0.2067055,
      0.0000000,  -45663.0000000,
     -0.5920764,       1.9739778,       0.2067055,
      0.0000000,  -45820.5000000,
     -0.6431640,       2.0279847,       0.2063811,
      0.0000000,  -46120.5000000,
     -0.6271079,       1.9783568,       0.2063811,
      0.0000000,  -46303.5000000,
     -0.6030238,       1.9798164,       0.2067055,
      0.0000000,  -46576.0000000,
     -0.6161606,       2.0155777,       0.2063811,
      0.0000000,  -46787.0000000,
     -0.5920764,       1.9856550,       0.2067055,
      0.0000000,  -47060.5000000,
     -0.6103220,       1.9885743,       0.2060568,
      0.0000000,  -47230.5000000,
     -0.6314868,       2.0345531,       0.2050837,
      0.0000000,  -47465.5000000,
     -0.6132413,       1.9849252,       0.2041106,
      0.0000000,  -47766.0000000,
     -0.5818589,       2.0265250,       0.2031375,
      0.0000000,  -47963.5000000,
     -0.5964554,       1.9893041,       0.2018400,
      0.0000000,  -48237.0000000,
     -0.5803993,       1.9980620,       0.2011913,
      0.0000000,  -48421.0000000,
     -0.5789396,       2.0104689,       0.2002182,
      0.0000000,  -48707.0000000,
     -0.5752905,       1.9805462,       0.2002182,
      0.0000000,  -48891.0000000,
     -0.5636134,       1.9535428,       0.2005426,
      0.0000000,  -49126.0000000,
     -0.5898870,       1.9586516,       0.2011913,
      0.0000000,  -49425.5000000,
     -0.5519362,       1.9316481,       0.2011913,
      0.0000000,  -49647.5000000,
     -0.5862379,       1.9644901,       0.2021644,
      0.0000000,  -49818.0000000,
     -0.6139711,       1.9725182,       0.2021644,
      0.0000000,  -50067.0000000,
     -0.6139711,       1.9623007,       0.2031375,
      0.0000000,  -50352.0000000,
     -0.5628835,       1.9477042,       0.2034619,
      0.0000000,  -50536.0000000,
     -0.6095922,       1.9440551,       0.2034619,
      0.0000000,  -50822.0000000,
     -0.5906168,       1.9885743,       0.2041106,
      0.0000000,  -51057.0000000,
     -0.6117816,       1.9462446,       0.2044350,
      0.0000000,  -51227.5000000,
     -0.6059430,       1.9571919,       0.2047593,
      0.0000000,  -51527.5000000,
     -0.6234588,       1.9082938,       0.2060568,
      0.0000000,  -51711.5000000,
     -0.6628692,       1.9710585,       0.2057324,
      0.0000000,  -51998.0000000,
     -0.6278377,       1.9768971,       0.2060568,
      0.0000000,  -52233.0000000,
     -0.6599499,       1.9601112,       0.2070299,
      0.0000000,  -52417.5000000,
     -0.6577604,       1.9710585,       0.2060568,
      0.0000000,  -52704.0000000,
     -0.6723569,       1.9630305,       0.2060568,
      0.0000000,  -52888.0000000,
     -0.6322166,       1.9440551,       0.2057324,
      0.0000000,  -53174.0000000,
     -0.6227290,       1.9710585,       0.2044350,
      0.0000000,  -53358.0000000,
     -0.6190798,       1.9535428,       0.2041106,
      0.0000000,  -53644.5000000,
     -0.6314868,       1.9447849,       0.2041106,
      0.0000000,  -53801.5000000,
     -0.6358658,       1.9571919,       0.2028131,
      0.0000000,  -54140.5000000,
     -0.5876975,       1.9309183,       0.2021644,
      0.0000000,  -54297.5000000,
     -0.5731011,       1.9024553,       0.2015157,
      0.0000000,  -54557.5000000,
     -0.5716414,       1.8958869,       0.1998938,
      0.0000000,  -54754.0000000,
     -0.5825887,       1.8958869,       0.2015157,
      0.0000000,  -54989.0000000,
     -0.6190798,       1.8805606,       0.2024888,
      0.0000000,  -55276.5000000,
     -0.6241886,       1.8885886,       0.2050837,
      0.0000000,  -55524.5000000,
     -0.5979150,       1.9134026,       0.2076786,
      0.0000000,  -55694.5000000,
     -0.6468131,       1.9287289,       0.2076786,
      0.0000000,  -55994.5000000,
     -0.6409745,       1.9185114,       0.2093004,
      0.0000000,  -56178.5000000,
     -0.6869533,       1.9017254,       0.2093004,
      0.0000000,  -56465.0000000,
     -0.6854936,       1.9250798,       0.2089761,
      0.0000000,  -56649.0000000,
     -0.6584902,       1.9090237,       0.2093004,
      0.0000000,  -56986.5000000,
     -0.6708972,       1.9119430,       0.2093004,
      0.0000000,  -57170.5000000,
     -0.7088480,       1.9126728,       0.2083273,
      0.0000000,  -57354.0000000,
     -0.6665183,       1.9265394,       0.2086517,
      0.0000000,  -57614.0000000,
     -0.7424198,       1.8966167,       0.2080030,
      0.0000000,  -57824.5000000,
     -0.6760060,       1.9170517,       0.2070299,
      0.0000000,  -58111.0000000,
     -0.7037392,       1.8849395,       0.2083273,
      0.0000000,  -58294.0000000,
     -0.7073883,       1.8820202,       0.2080030,
      0.0000000,  -58580.0000000,
     -0.6701674,       1.8747220,       0.2067055,
      0.0000000,  -58764.0000000,
     -0.6869533,       1.8798308,       0.2083273,
      0.0000000,  -59050.0000000,
     -0.7161462,       1.8630449,       0.2076786,
      0.0000000,  -59220.5000000,
     -0.6876831,       1.8951570,       0.2073542,
      0.0000000,  -59507.0000000,
     -0.6979006,       1.8718027,       0.2067055,
      0.0000000,  -59665.0000000,
     -0.6854936,       1.8754519,       0.2067055,
      0.0000000,  -59939.5000000,
     -0.7117672,       1.8601256,       0.2073542,
      0.0000000,  -60162.0000000,
     -0.6833042,       1.8739922,       0.2060568,
      0.0000000,  -60410.0000000,
     -0.7081181,       1.8542870,       0.2057324,
      0.0000000,  -60670.0000000,
     -0.6789252,       1.8615852,       0.2060568,
      0.0000000,  -60880.0000000,
     -0.7219847,       1.8491783,       0.2060568,
      0.0000000,  -61166.5000000,
     -0.6898726,       1.8652343,       0.2054080,
      0.0000000,  -61401.5000000,
     -0.7022796,       1.8323924,       0.2057324,
      0.0000000,  -61559.0000000,
     -0.6942515,       1.8542870,       0.2057324,
      0.0000000,  -61859.0000000,
     -0.7037392,       1.8447993,       0.2047593,
      0.0000000,  -62107.0000000,
     -0.6862235,       1.8499081,       0.2057324,
      0.0000000,  -62290.0000000,
     -0.6708972,       1.8469888,       0.2057324,
      0.0000000,  -62576.5000000,
     -0.7073883,       1.8353116,       0.2044350,
      0.0000000,  -62760.0000000,
     -0.6957112,       1.8491783,       0.2047593,
      0.0000000,  -63046.5000000,
     -0.7059287,       1.8148766,       0.2057324,
      0.0000000,  -63230.5000000,
     -0.7103076,       1.8031995,       0.2054080,
      0.0000000,  -63516.5000000,
     -0.6986304,       1.8156064,       0.2044350,
      0.0000000,  -63700.5000000,
     -0.6811147,       1.7893329,       0.2041106,
      0.0000000,  -63936.0000000,
     -0.7176058,       1.7718171,       0.2037862,
      0.0000000,  -64222.5000000,
     -0.6884129,       1.7966311,       0.2031375,
      0.0000000,  -64406.5000000,
     -0.6672481,       1.7886030,       0.2044350,
      0.0000000,  -64680.0000000,
     -0.7161462,       1.8134170,       0.2044350,
      0.0000000,  -64915.0000000,
     -0.7365812,       1.8083082,       0.2054080,
      0.0000000,  -65150.0000000,
     -0.7373110,       1.8345818,       0.2060568,
      0.0000000,  -65398.0000000,
     -0.7752618,       1.7944416,       0.2060568,
      0.0000000,  -65581.5000000,
     -0.7314724,       1.7893329,       0.2057324,
      0.0000000,  -65868.0000000,
     -0.7672337,       1.7988205,       0.1992451,
      0.0000000,  -66052.0000000,
     -0.7657741,       1.7594101,       0.2050837,
      0.0000000,  -66337.5000000,
     -0.7059287,       1.7827645,       0.2057324,
      0.0000000,  -66495.0000000,
     -0.7234444,       1.7652487,       0.2050837,
      0.0000000,  -66807.5000000,
     -0.7672337,       1.7667084,       0.2044350,
      0.0000000,  -66991.5000000,
     -0.7073883,       1.7652487,       0.2057324,
      0.0000000,  -67278.0000000,
     -0.7504478,       1.7645189,       0.2047593,
      0.0000000,  -67461.5000000,
     -0.7767214,       1.7389751,       0.2047593,
      0.0000000,  -67748.0000000,
     -0.7453391,       1.7586803,       0.2047593,
      0.0000000,  -67932.0000000,
     -0.7811003,       1.7761961,       0.2041106,
      0.0000000,  -68218.5000000,
     -0.7365812,       1.7491926,       0.2041106,
      0.0000000,  -68402.5000000,
     -0.7759916,       1.7491926,       0.2034619,
      0.0000000,  -68637.5000000,
     -0.8051845,       1.7360558,       0.2031375,
      0.0000000,  -68924.0000000,
     -0.7752618,       1.7579505,       0.2034619,
      0.0000000,  -69132.5000000,
     -0.7665039,       1.7579505,       0.2037862,
      0.0000000,  -69342.5000000,
     -0.7635846,       1.7513821,       0.2031375,
      0.0000000,  -69629.0000000,
     -0.7409601,       1.7331366,       0.2008669,
      0.0000000,  -69813.0000000,
     -0.7548267,       1.7455435,       0.2018400,
      0.0000000,  -70048.5000000,
     -0.7942371,       1.7455435,       0.2008669,
      0.0000000,  -70308.5000000,
     -0.7672337,       1.7594101,       0.2018400,
      0.0000000,  -70569.0000000,
     -0.8095634,       1.7265682,       0.2008669,
      0.0000000,  -70752.5000000,
     -0.7672337,       1.7404348,       0.2008669,
      0.0000000,  -70987.5000000,
     -0.7650442,       1.7404348,       0.2024888,
      0.0000000,  -71274.0000000,
     -0.8081037,       1.7046735,       0.2018400,
      0.0000000,  -71458.0000000,
     -0.7774512,       1.7491926,       0.2028131,
      0.0000000,  -71731.5000000,
     -0.8088336,       1.7229190,       0.2031375,
      0.0000000,  -71953.0000000,
     -0.7759916,       1.7243787,       0.2021644,
      0.0000000,  -72163.5000000,
     -0.7759916,       1.6900771,       0.2021644,
      0.0000000,  -72423.5000000,
     -0.7672337,       1.7754662,       0.2021644,
      0.0000000,  -72633.5000000,
     -0.7891284,       1.7054033,       0.2015157,
      0.0000000,  -72893.5000000,
     -0.7701530,       1.6856981,       0.2011913,
      0.0000000,  -73155.0000000,
     -0.7789109,       1.6966455,       0.2008669,
      0.0000000,  -73339.0000000,
     -0.7672337,       1.6864279,       0.2002182,
      0.0000000,  -73625.5000000,
     -0.7467987,       1.6842385,       0.2005426,
      0.0000000,  -73809.0000000,
     -0.7847494,       1.7061331,       0.1992451,
      0.0000000,  -74083.0000000,
     -0.8008055,       1.6856981,       0.2005426,
      0.0000000,  -74304.5000000,
     -0.8081037,       1.6762104,       0.2002182,
      0.0000000,  -74513.5000000,
     -0.7993459,       1.6951858,       0.2002182,
      0.0000000,  -74800.0000000,
     -0.7825600,       1.6754806,       0.1998938,
      0.0000000,  -75008.5000000,
     -0.8307282,       1.6404492,       0.1998938,
      0.0000000,  -75219.0000000,
     -0.7869389,       1.6630736,       0.1985964,
      0.0000000,  -75479.0000000,
     -0.8059143,       1.6594245,       0.1998938,
      0.0000000,  -75676.5000000,
     -0.8059143,       1.6616140,       0.2002182,
      0.0000000,  -75924.5000000,
     -0.8438650,       1.6849683,       0.1982720,
      0.0000000,  -76184.5000000,
     -0.7840196,       1.6915367,       0.1992451,
      0.0000000,  -76395.0000000,
     -0.7774512,       1.6805894,       0.1979476,
      0.0000000,  -76681.0000000,
     -0.8168616,       1.6389895,       0.1963258,
      0.0000000,  -76864.5000000,
     -0.8416756,       1.6448281,       0.1956771,
      0.0000000,  -77138.5000000,
     -0.8270791,       1.6331509,       0.1992451,
      0.0000000,  -77360.0000000,
     -0.8110230,       1.6083370,       0.1963258,
      0.0000000,  -77570.0000000,
     -0.8205107,       1.6521263,       0.1989207,
      0.0000000,  -77830.0000000,
     -0.8197809,       1.6346106,       0.1995695,
      0.0000000,  -78065.5000000,
     -0.8540825,       1.6550456,       0.1995695,
      0.0000000,  -78300.5000000,
     -0.8044546,       1.6740210,       0.2005426,
      0.0000000,  -78510.0000000,
     -0.8146721,       1.6302316,       0.1995695,
      0.0000000,  -78783.5000000,
     -0.8613808,       1.6024984,       0.1995695,
      0.0000000,  -78979.5000000,
     -0.8146721,       1.6068773,       0.2015157,
      0.0000000,  -79239.5000000,
     -0.8489738,       1.6368000,       0.2005426,
      0.0000000,  -79450.0000000,
     -0.8263493,       1.6375299,       0.2008669,
      0.0000000,  -79710.0000000,
     -0.7883986,       1.6265825,       0.2011913,
      0.0000000,  -79920.5000000,
     -0.8161318,       1.6477474,       0.2008669,
      0.0000000,  -80180.5000000,
     -0.8438650,       1.6389895,       0.2002182,
      0.0000000,  -80415.5000000,
     -0.8044546,       1.6623438,       0.2015157,
      0.0000000,  -80626.0000000,
     -0.8664895,       1.6236632,       0.1992451,
      0.0000000,  -80885.5000000,
     -0.8256195,       1.6149054,       0.2005426,
      0.0000000,  -81096.0000000,
     -0.8205107,       1.6127159,       0.2008669,
      0.0000000,  -81356.0000000,
     -0.8394861,       1.6076072,       0.1992451,
      0.0000000,  -81566.0000000,
     -0.8227002,       1.6017686,       0.1998938,
      0.0000000,  -81826.0000000,
     -0.8197809,       1.6068773,       0.2002182,
      0.0000000,  -82049.5000000,
     -0.8380264,       1.6251229,       0.1976233,
      0.0000000,  -82322.0000000,
     -0.8205107,       1.6017686,       0.1992451,
      0.0000000,  -82506.0000000,
     -0.8197809,       1.6214738,       0.1985964,
      0.0000000,  -82779.5000000,
     -0.8489738,       1.6010388,       0.1985964,
      0.0000000,  -82976.0000000,
     -0.8292686,       1.5944704,       0.1995695,
      0.0000000,  -83236.0000000,
     -0.8643000,       1.5492214,       0.1995695,
      0.0000000,  -83446.0000000,
     -0.8445948,       1.5857125,       0.1989207,
      0.0000000,  -83706.0000000,
     -0.8278089,       1.6054177,       0.1998938,
      0.0000000,  -83955.0000000,
     -0.8475141,       1.5733055,       0.1992451,
      0.0000000,  -84152.0000000,
     -0.8869245,       1.6039581,       0.1985964,
      0.0000000,  -84451.0000000,
     -0.8212405,       1.5484916,       0.1995695,
      0.0000000,  -84622.0000000,
     -0.8840052,       1.6134457,       0.1989207,
      0.0000000,  -84921.0000000,
     -0.8570018,       1.5806037,       0.1992451,
      0.0000000,  -85065.5000000,
     -0.8336475,       1.5806037,       0.2005426,
      0.0000000,  -85352.0000000,
     -0.8913035,       1.5565196,       0.1989207,
      0.0000000,  -85562.5000000,
     -0.8438650,       1.5645477,       0.1998938,
      0.0000000,  -85822.5000000,
     -0.8146721,       1.5681968,       0.2008669,
      0.0000000,  -86058.5000000,
     -0.8314580,       1.5711161,       0.1998938,
      0.0000000,  -86254.0000000,
     -0.8241598,       1.6054177,       0.2011913,
      0.0000000,  -86527.0000000,
     -0.8599211,       1.5521407,       0.2005426,
      0.0000000,  -86749.0000000,
     -0.8759772,       1.5572494,       0.2002182,
      0.0000000,  -86972.0000000,
     -0.8278089,       1.5915511,       0.2015157,
      0.0000000,  -87232.0000000,
     -0.8365668,       1.5565196,       0.2015157,
      0.0000000,  -87481.0000000,
     -0.8577316,       1.5725757,       0.2011913,
      0.0000000,  -87677.5000000,
     -0.8628404,       1.5740353,       0.2015157,
      0.0000000,  -87937.5000000,
     -0.8628404,       1.5426530,       0.2011913,
      0.0000000,  -88148.0000000,
     -0.8606509,       1.5521407,       0.2005426,
      0.0000000,  -88447.5000000,
     -0.8504334,       1.5711161,       0.2005426,
      0.0000000,  -88592.0000000,
     -0.8329177,       1.5638178,       0.1998938,
      0.0000000,  -88878.0000000,
     -0.8540825,       1.5477618,       0.2002182,
      0.0000000,  -89088.5000000,
     -0.8161318,       1.5711161,       0.2002182,
      0.0000000,  -89348.0000000,
     -0.8818158,       1.5652775,       0.2002182,
      0.0000000,  -89571.5000000,
     -0.8438650,       1.5309758,       0.2008669,
      0.0000000,  -89818.5000000,
     -0.8453247,       1.5484916,       0.1998938,
      0.0000000,  -90093.0000000,
     -0.8759772,       1.5105408,       0.2005426,
      0.0000000,  -90263.0000000,
     -0.8504334,       1.5470319,       0.2011913,
      0.0000000,  -90562.5000000,
     -0.8489738,       1.5820634,       0.2021644,
      0.0000000,  -90758.0000000,
     -0.8818158,       1.5163794,       0.2002182,
      0.0000000,  -90968.5000000,
     -0.8796263,       1.5630880,       0.2024888,
      0.0000000,  -91255.0000000,
     -0.8555422,       1.5711161,       0.2028131,
      0.0000000,  -91412.0000000,
     -0.8606509,       1.5565196,       0.2018400,
      0.0000000,  -91738.0000000,
     -0.8562720,       1.5747652,       0.2034619,
      0.0000000,  -91882.5000000,
     -0.8650299,       1.5879020,       0.2021644,
      0.0000000,  -92195.5000000,
     -0.8570018,       1.5718459,       0.2024888,
      0.0000000,  -92404.0000000,
     -0.8840052,       1.5565196,       0.2028131,
      0.0000000,  -92653.0000000,
     -0.9146578,       1.5718459,       0.2024888,
      0.0000000,  -92888.0000000,
     -0.8095634,       1.5740353,       0.2024888,
      0.0000000,  -93058.0000000,
     -0.8497036,       1.5536003,       0.2015157,
      0.0000000,  -93384.0000000,
     -0.8570018,       1.5995791,       0.2008669,
      0.0000000,  -93528.5000000,
     -0.8555422,       1.6039581,       0.2005426,
      0.0000000,  -93828.5000000,
     -0.8715983,       1.5441126,       0.2005426,
      0.0000000,  -93998.5000000,
     -0.8613808,       1.5886318,       0.2008669,
      0.0000000,  -94298.0000000,
     -0.8781667,       1.6032282,       0.2005426,
      0.0000000,  -94493.5000000,
     -0.8672193,       1.5879020,       0.1992451,
      0.0000000,  -94754.0000000,
     -0.8205107,       1.5820634,       0.1985964,
      0.0000000,  -94976.5000000,
     -0.8292686,       1.5893616,       0.1985964,
      0.0000000,  -95199.5000000,
     -0.8219704,       1.5601687,       0.1992451,
      0.0000000,  -95473.5000000,
     -0.8701386,       1.5857125,       0.1969746,
      0.0000000,  -95643.5000000,
     -0.8416756,       1.5587091,       0.2005426,
      0.0000000,  -95930.0000000,
     -0.8387563,       1.5506810,       0.2011913,
      0.0000000,  -96153.0000000,
     -0.8095634,       1.5886318,       0.2011913,
      0.0000000,  -96414.0000000,
     -0.8460545,       1.6061475,       0.2024888,
      0.0000000,  -96584.0000000,
     -0.8227002,       1.6061475,       0.2031375,
      0.0000000,  -96857.5000000,
     -0.8781667,       1.5952002,       0.2041106,
      0.0000000,  -97054.0000000,
     -0.8314580,       1.6214738,       0.2057324,
      0.0000000,  -97354.5000000,
     -0.8752474,       1.6214738,       0.2060568,
      0.0000000,  -97524.5000000,
     -0.8526229,       1.6316913,       0.2063811,
      0.0000000,  -97824.5000000,
     -0.8686790,       1.6477474,       0.2073542,
      0.0000000,  -98034.0000000,
     -0.8467843,       1.6397193,       0.2076786,
      0.0000000,  -98294.0000000,
     -0.8913035,       1.6222036,       0.2070299,
      0.0000000,  -98503.5000000,
     -0.8591913,       1.6338808,       0.2073542,
      0.0000000,  -98764.0000000,
     -0.8788965,       1.6295018,       0.2073542,
      0.0000000,  -98934.0000000,
     -0.8803561,       1.6207440,       0.2076786,
      0.0000000,  -99234.5000000,
     -0.8993315,       1.6338808,       0.2083273,
      0.0000000,  -99431.0000000,
     -0.8869245,       1.6324211,       0.2070299,
      0.0000000,  -99730.0000000,
     -0.9022508,       1.6426386,       0.2080030,
      0.0000000,  -99875.0000000,
     -0.8686790,       1.6338808,       0.2083273,
      0.0000000, -100175.0000000,
     -0.8796263,       1.5857125,       0.2073542,
      0.0000000, -100345.5000000,
     -0.8781667,       1.6368000,       0.2083273,
      0.0000000, -100594.0000000,
     -0.9190367,       1.6419088,       0.2080030,
      0.0000000, -100880.0000000,
     -0.8701386,       1.6258527,       0.2070299,
      0.0000000, -101064.0000000,
     -0.8883842,       1.6769403,       0.2080030,
      0.0000000, -101350.5000000,
     -0.8518931,       1.6280422,       0.2080030,
      0.0000000, -101520.5000000,
     -0.8723281,       1.6528561,       0.2080030,
      0.0000000, -101821.0000000,
     -0.8825456,       1.6236632,       0.2086517,
      0.0000000, -102030.5000000,
     -0.8424054,       1.6338808,       0.2083273,
      0.0000000, -102290.0000000,
     -0.8810859,       1.6127159,       0.2067055,
      0.0000000, -102460.5000000,
     -0.8424054,       1.6470176,       0.2083273,
      0.0000000, -102760.0000000,
     -0.8650299,       1.6389895,       0.2067055,
      0.0000000, -102930.5000000,
     -0.8861947,       1.6287720,       0.2063811,
      0.0000000, -103230.5000000,
     -0.8942227,       1.6229334,       0.2070299,
      0.0000000, -103465.5000000,
     -0.8657597,       1.6243931,       0.2067055,
      0.0000000, -103635.5000000,
     -0.8818158,       1.6097966,       0.2063811,
      0.0000000, -103897.5000000,
     -0.8643000,       1.6513965,       0.2067055,
      0.0000000, -104106.0000000,
     -0.8774368,       1.5915511,       0.2054080,
      0.0000000, -104341.5000000,
     -0.8723281,       1.6149054,       0.2060568,
      0.0000000, -104590.0000000,
     -0.8650299,       1.6433684,       0.2063811,
      0.0000000, -104876.0000000,
     -0.8810859,       1.6251229,       0.2050837,
      0.0000000, -105046.5000000,
     -0.8774368,       1.6214738,       0.2041106,
      0.0000000, -105281.5000000,
     -0.8227002,       1.6024984,       0.2028131,
      0.0000000, -105581.5000000,
     -0.8380264,       1.5769546,       0.2018400,
      0.0000000, -105752.0000000,
     -0.8387563,       1.5725757,       0.1998938,
      0.0000000, -106052.0000000,
     -0.8336475,       1.5557898,       0.2031375,
      0.0000000, -106248.0000000,
     -0.8438650,       1.6112563,       0.2028131,
      0.0000000, -106521.5000000,
     -0.8767070,       1.5565196,       0.2031375,
      0.0000000, -106691.5000000,
     -0.8810859,       1.5784143,       0.2034619,
      0.0000000, -106926.5000000,
     -0.8927631,       1.5784143,       0.2024888,
      0.0000000, -107161.0000000,
     -0.8570018,       1.5390039,       0.2037862,
      0.0000000, -107406.0000000,
     -0.8431352,       1.5185689,       0.2031375,
      0.0000000, -107659.0000000,
     -0.8788965,       1.5674669,       0.2037862,
      0.0000000, -107862.0000000,
     -0.8621106,       1.5842529,       0.2041106,
      0.0000000, -108135.0000000,
     -0.8570018,       1.5528705,       0.2024888,
      0.0000000, -108308.0000000,
     -0.8555422,       1.5835230,       0.2031375,
      0.0000000, -108575.0000000,
     -0.8351072,       1.5572494,       0.2047593,
      0.0000000, -108744.0000000,
     -0.9117385,       1.5353548,       0.2037862,
      0.0000000, -109004.5000000,
     -0.8431352,       1.6017686,       0.2044350,
      0.0000000, -109204.5000000,
     -0.8526229,       1.5492214,       0.2063811,
      0.0000000, -109424.5000000,
     -0.8511632,       1.5484916,       0.2047593,
      0.0000000, -109586.5000000,
     -0.8577316,       1.5244074,       0.2060568,
      0.0000000, -109834.0000000,
     -0.8438650,       1.5703862,       0.2050837,
      0.0000000, -109991.0000000,
     -0.8752474,       1.5579793,       0.2060568,
      0.0000000, -110233.0000000,
     -0.8511632,       1.5579793,       0.2050837,
      0.0000000, -110386.5000000,
     -0.8628404,       1.5798739,       0.2057324,
      0.0000000, -110622.0000000,
     -0.8723281,       1.5295162,       0.2044350,
      0.0000000, -110760.5000000,
     -0.8664895,       1.5915511,       0.2034619,
      0.0000000, -110949.0000000,
     -0.8818158,       1.5849827,       0.2047593,
      0.0000000, -111146.5000000,
     -0.9073595,       1.5579793,       0.2041106,
      0.0000000, -111370.5000000,
     -0.8767070,       1.5455723,       0.2031375,
      0.0000000, -111501.5000000,
     -0.8467843,       1.5630880,       0.2024888,
      0.0000000, -111680.5000000,
     -0.8869245,       1.5616284,       0.2024888,
      0.0000000, -111867.5000000,
     -0.8949526,       1.5703862,       0.2015157,
      0.0000000, -112041.5000000,
     -0.8708684,       1.5463021,       0.2021644,
      0.0000000, -112250.0000000,
     -0.8978719,       1.5652775,       0.2002182,
      0.0000000, -112382.0000000,
     -0.8759772,       1.5623582,       0.1992451,
      0.0000000, -112584.5000000,
     -0.8489738,       1.5733055,       0.1992451,
      0.0000000, -112712.5000000,
     -0.8584615,       1.5608986,       0.1989207,
      0.0000000, -112900.0000000,
     -0.8883842,       1.5784143,       0.2002182,
      0.0000000, -113067.0000000,
     -0.8650299,       1.5922809,       0.1989207,
      0.0000000, -113180.0000000,
     -0.8708684,       1.5543302,       0.1979476,
      0.0000000, -113343.0000000,
     -0.8365668,       1.5411934,       0.1992451,
      0.0000000, -113527.0000000,
     -0.8445948,       1.5353548,       0.1989207,
      0.0000000, -113643.0000000,
     -0.8278089,       1.5784143,       0.1982720,
      0.0000000, -113821.0000000,
     -0.8321879,       1.5849827,       0.1989207,
      0.0000000, -113933.5000000,
     -0.8533527,       1.5470319,       0.1976233,
      0.0000000, -114075.0000000,
     -0.8599211,       1.5499512,       0.1969746,
      0.0000000, -114244.0000000,
     -0.8497036,       1.5915511,       0.1966502,
      0.0000000, -114350.5000000,
     -0.8832754,       1.5681968,       0.1963258,
      0.0000000, -114513.0000000,
     -0.8562720,       1.5703862,       0.1963258,
      0.0000000, -114616.0000000,
     -0.8621106,       1.5543302,       0.1947040,
      0.0000000, -114744.5000000,
     -0.8467843,       1.5265969,       0.1950284,
      0.0000000, -114898.0000000,
     -0.8504334,       1.5346250,       0.1956771,
      0.0000000, -114994.5000000,
     -0.8657597,       1.5244074,       0.1947040,
      0.0000000, -115142.0000000,
     -0.8321879,       1.5156496,       0.1943796,
      0.0000000, -115235.0000000,
     -0.8292686,       1.5390039,       0.1947040,
      0.0000000, -115376.0000000,
     -0.8730579,       1.5419232,       0.1943796,
      0.0000000, -115464.5000000,
     -0.8263493,       1.5463021,       0.1950284,
      0.0000000, -115594.0000000,
     -0.8504334,       1.5900914,       0.1950284,
      0.0000000, -115702.5000000,
     -0.8584615,       1.5287864,       0.1940553,
      0.0000000, -115814.0000000,
     -0.8329177,       1.5127303,       0.1953527,
      0.0000000, -115895.0000000,
     -0.8489738,       1.4952146,       0.1966502,
      0.0000000, -116018.5000000,
     -0.8891140,       1.5214882,       0.1956771,
      0.0000000, -116095.5000000,
     -0.8621106,       1.5353548,       0.1969746,
      0.0000000, -116212.5000000,
     -0.8701386,       1.5244074,       0.1972989,
      0.0000000, -116286.0000000,
     -0.8694088,       1.5309758,       0.1943796,
      0.0000000, -116377.0000000,
     -0.8599211,       1.5273267,       0.1875680,
      0.0000000, -116485.0000000,
     -0.8788965,       1.5645477,       0.1911360,
      0.0000000, -116552.5000000,
     -0.8774368,       1.5470319,       0.1976233,
      0.0000000, -116654.0000000,
     -0.9175770,       1.5499512,       0.1985964,
      0.0000000, -116717.5000000,
     -0.9066297,       1.5645477,       0.1985964,
      0.0000000, -116813.0000000,
     -0.8854649,       1.5484916,       0.1989207,
      0.0000000, -116872.5000000,
     -0.8621106,       1.5324355,       0.1995695,
      0.0000000, -116962.0000000,
     -0.8913035,       1.5141899,       0.1985964,
      0.0000000, -117017.5000000,
     -0.8599211,       1.5587091,       0.1989207,
      0.0000000, -117101.0000000,
     -0.8803561,       1.5565196,       0.1995695,
      0.0000000, -117167.0000000,
     -0.8672193,       1.5660073,       0.1985964,
      0.0000000, -117230.0000000,
     -0.8504334,       1.5587091,       0.1985964,
      0.0000000, -117278.0000000,
     -0.8759772,       1.5645477,       0.1998938,
      0.0000000, -117349.0000000,
     -0.8416756,       1.5419232,       0.1989207,
      0.0000000, -117393.0000000,
     -0.8380264,       1.5317057,       0.1995695,
      0.0000000, -117458.0000000,
     -0.8562720,       1.5331653,       0.1989207,
      0.0000000, -117498.0000000,
     -0.8723281,       1.5368144,       0.1992451,
      0.0000000, -117557.5000000,
     -0.8759772,       1.5287864,       0.1995695,
      0.0000000, -117603.0000000,
     -0.8628404,       1.5630880,       0.1992451,
      0.0000000, -117637.0000000,
     -0.8832754,       1.5309758,       0.1989207,
      0.0000000, -117687.0000000,
     -0.8730579,       1.5192987,       0.1992451,
      0.0000000, -117717.5000000,
     -0.8657597,       1.5404635,       0.1989207,
      0.0000000, -117759.5000000,
     -0.8599211,       1.5441126,       0.1989207,
      0.0000000, -117787.5000000,
     -0.8752474,       1.5375442,       0.1992451,
      0.0000000, -117825.0000000,
     -0.8942227,       1.5587091,       0.1982720,
      0.0000000, -117853.5000000,
     -0.8489738,       1.5608986,       0.1989207,
      0.0000000, -117874.0000000,
     -0.8788965,       1.5360846,       0.2002182,
      0.0000000, -117902.5000000,
     -0.8621106,       1.5338951,       0.1985964,
      0.0000000, -117919.0000000,
     -0.8292686,       1.5331653,       0.1995695,
      0.0000000, -117941.5000000,
     -0.8416756,       1.5163794,       0.1995695,
      0.0000000, -117954.0000000,
     -0.8774368,       1.5536003,       0.1979476,
      0.0000000, -117968.0000000,
     -0.8372966,       1.5660073,       0.1989207,
      0.0000000, -117979.5000000,
     -0.8540825,       1.5594389,       0.1979476,
      0.0000000, -117989.0000000,
     -0.8540825,       1.5200285,       0.1979476,
      0.0000000, -117994.5000000,
     -0.8599211,       1.5331653,       0.1989207,
      0.0000000, -117998.0000000,
     -0.8949526,       1.5192987,       0.1972989,
      0.0000000, -117999.5000000,
     -0.8409457,       1.5273267,       0.1989207,
      0.0000000, -117999.5000000,
     -0.8460545,       1.5317057,       0.1985964,
      0.0000000, -117999.5000000,
     -0.8934929,       1.5331653,       0.1976233,
      0.0000000, -117999.5000000,
     -0.8621106,       1.5068917,       0.1985964,
      0.0000000, -117999.5000000,
     -0.8445948,       1.5390039,       0.1979476,
      0.0000000, -117999.5000000,
     -0.8650299,       1.4995935,       0.1976233,
      0.0000000, -117999.5000000,
     -0.8599211,       1.5652775,       0.1979476,
      0.0000000, -117999.5000000,
     -0.8460545,       1.5608986,       0.1976233,
      0.0000000, -117999.5000000,
     -0.8358370,       1.5397337,       0.1982720,
      0.0000000, -117999.5000000,
     -0.8336475,       1.5382741,       0.1985964,
      0.0000000, -118000.0000000,
     -0.8927631,       1.5587091,       0.1979476,
      0.0000000, -118000.0000000,
     -0.8737877,       1.5229478,       0.1976233,
      0.0000000, -118000.0000000,
     -0.8810859,       1.5557898,       0.1979476,
      0.0000000, -118000.0000000,
     -0.8686790,       1.5499512,       0.1979476,
      0.0000000, -118000.0000000,
     -0.8635702,       1.5550600,       0.1982720,
      0.0000000, -118000.0000000,
     -0.8781667,       1.5192987,       0.1982720,
      0.0000000, -118000.0000000,
     -0.8898438,       1.5463021,       0.1976233,
      0.0000000, -118000.0000000,
     -0.8759772,       1.5543302,       0.1972989,
      0.0000000, -118000.0000000,
     -0.8526229,       1.5608986,       0.1982720,
      0.0000000, -118000.0000000,
     -0.8650299,       1.5149198,       0.1985964,
      0.0000000, -118000.0000000,
     -0.8562720,       1.5185689,       0.1979476,
      0.0000000, -118000.0000000,
     -0.8599211,       1.5236776,       0.1976233,
      0.0000000, -118000.0000000,
     -0.8591913,       1.5200285,       0.1979476,
      0.0000000, -118000.0000000,
     -0.8387563,       1.5375442,       0.1979476,
      0.0000000, -118000.0000000,
     -0.8810859,       1.5499512,       0.1982720,
      0.0000000, -118000.0000000,
     -0.8445948,       1.5419232,       0.1979476,
      0.0000000, -118000.0000000,
     -0.8511632,       1.5579793,       0.1979476,
      0.0000000, -118000.0000000,
     -0.8664895,       1.5579793,       0.1976233,
      0.0000000, -118000.0000000,
     -0.8431352,       1.5681968,       0.1979476,
      0.0000000, -118000.0000000,
     -0.8555422,       1.5265969,       0.1982720,
      0.0000000, -118000.0000000,
     -0.8445948,       1.5514109,       0.1982720,
      0.0000000, -118000.0000000,
     -0.8540825,       1.5098110,       0.1979476,
      0.0000000, -118000.0000000,
     -0.8336475,       1.5229478,       0.1979476,
      0.0000000, -118000.0000000,
     -0.8679492,       1.5514109,       0.1976233,
      0.0000000, -118000.0000000,
     -0.8876543,       1.5331653,       0.1982720,
      0.0000000, -118000.0000000,
     -0.8883842,       1.5492214,       0.1982720,
      0.0000000, -118000.0000000,
     -0.8299984,       1.5630880,       0.1976233,
      0.0000000, -118000.0000000,
     -0.8504334,       1.5134601,       0.1976233,
      0.0000000, -118000.0000000,
     -0.8949526,       1.5536003,       0.1979476,
      0.0000000, -118000.0000000,
     -0.8358370,       1.5521407,       0.1982720,
      0.0000000, -118000.0000000,
     -0.8956824,       1.5338951,       0.1982720,
      0.0000000, -118000.0000000,
     -0.8854649,       1.5455723,       0.1976233,
      0.0000000, -118000.0000000,
     -0.8562720,       1.5032426,       0.1979476,
      0.0000000, -118000.0000000,
     -0.8621106,       1.5222180,       0.1985964,
      0.0000000, -118000.0000000,
     -0.8694088,       1.5382741,       0.1982720,
      0.0000000, -118000.0000000,
     -0.8956824,       1.5302460,       0.1982720,
      0.0000000, -118000.0000000,
     -0.8453247,       1.5601687,       0.1979476,
      0.0000000, -118000.0000000,
     -0.8730579,       1.5718459,       0.1976233,
      0.0000000, -118000.0000000,
     -0.8460545,       1.5207583,       0.1979476,
      0.0000000, -118000.0000000,
     -0.8540825,       1.5448425,       0.1982720,
      0.0000000, -118000.0000000,
     -0.8424054,       1.5404635,       0.1979476,
      0.0000000, -118000.0000000,
     -0.8256195,       1.5353548,       0.1976233,
      0.0000000, -118000.0000000,
     -0.8570018,       1.5236776,       0.1979476,
      0.0000000, -118000.0000000,
     -0.8686790,       1.5455723,       0.1985964,
      0.0000000, -118000.0000000,
     -0.8475141,       1.5178391,       0.1982720,
      0.0000000, -118000.0000000,
     -0.8628404,       1.5338951,       0.1985964,
      0.0000000, -118000.0000000,
     -0.8599211,       1.5192987,       0.1976233,
      0.0000000, -118000.0000000,
     -0.8591913,       1.5441126,       0.1972989,
      0.0000000, -118000.0000000,
     -0.8599211,       1.5652775,       0.1976233,
      0.0000000, -118000.0000000,
     -0.8526229,       1.5645477,       0.1982720,
      0.0000000, -118000.0000000,
     -0.8810859,       1.5295162,       0.1982720,
      0.0000000, -118000.0000000,
     -0.8956824,       1.4966742,       0.1976233,
      0.0000000, -118000.0000000,
     -0.8124827,       1.5163794,       0.1979476,
      0.0000000, -118000.0000000,
     -0.8475141,       1.5338951,       0.1985964,
      0.0000000, -118000.0000000,
     -0.8599211,       1.5302460,       0.1982720,
      0.0000000, -118000.0000000,
     -0.8913035,       1.5192987,       0.1982720,
      0.0000000, -118000.0000000,
     -0.8810859,       1.5273267,       0.1982720,
      0.0000000, -118000.0000000,
     -0.8657597,       1.5579793,       0.1976233,
      0.0000000, -118000.0000000,
     -0.8737877,       1.5433828,       0.1979476,
      0.0000000, -118000.0000000,
     -0.8861947,       1.5441126,       0.1976233,
      0.0000000, -118000.0000000,
     -0.8482440,       1.5521407,       0.1979476,
      0.0000000, -118000.0000000,
     -0.8453247,       1.5397337,       0.1979476,
      0.0000000, -118000.0000000,
     -0.8518931,       1.5441126,       0.1979476,
      0.0000000, -118000.0000000,
     -0.8380264,       1.5105408,       0.1982720,
      0.0000000, -118000.0000000,
     -0.8643000,       1.5419232,       0.1979476,
      0.0000000, -118000.0000000,
     -0.8686790,       1.4974040,       0.1982720,
      0.0000000, -118000.0000000,
     -0.8840052,       1.5506810,       0.1982720,
      0.0000000, -118000.0000000,
     -0.8723281,       1.5338951,       0.1979476,
      0.0000000, -118000.0000000,
     -0.8898438,       1.5506810,       0.1972989,
      0.0000000, -118000.0000000,
     -0.8548124,       1.5638178,       0.1982720,
      0.0000000, -118000.0000000,
     -0.8599211,       1.5499512,       0.1979476,
      0.0000000, -118000.0000000,
     -0.8643000,       1.5229478,       0.1976233,
      0.0000000, -118000.0000000,
     -0.8613808,       1.5375442,       0.1979476,
      0.0000000, -118000.0000000,
     -0.8752474,       1.5419232,       0.1982720,
      0.0000000, -118000.0000000,
     -0.8591913,       1.5470319,       0.1979476,
      0.0000000, -118000.0000000,
     -0.8774368,       1.5229478,       0.1979476,
      0.0000000, -118000.0000000,
     -0.8752474,       1.5521407,       0.1982720,
      0.0000000, -118000.0000000,
     -0.8511632,       1.5192987,       0.1979476,
      0.0000000, -118000.0000000,
     -0.8584615,       1.5528705,       0.1979476,
      0.0000000, -118000.0000000,
     -0.8635702,       1.5696564,       0.1979476,
      0.0000000, -118000.0000000,
     -0.8599211,       1.5492214,       0.1979476,
      0.0000000, -118000.0000000,
     -0.8643000,       1.5703862,       0.1979476,
      0.0000000, -118000.0000000,
