     -0.3081757,       0.0217039,       0.2105979,
 -11000.0000000, -118000.0000000,
     -0.3074458,      -0.0118679,       0.2109223,
 -11000.0000000, -118000.0000000,
     -0.3293405,       0.0158653,       0.2109223,
 -11000.0000000, -118000.0000000,
     -0.3147441,       0.0151355,       0.2105979,
 -11000.0000000, -118000.0000000,
     -0.3293405,      -0.0089486,       0.2102735,
 -11000.0000000, -118000.0000000,
     -0.3439369,       0.0114864,       0.2105979,
 -11000.0000000, -117999.5000000,
     -0.3497755,       0.0100267,       0.2105979,
 -11000.0000000, -117995.5000000,
     -0.3118248,       0.0151355,       0.2112466,
 -11000.0000000, -117991.0000000,
     -0.3271510,       0.0195144,       0.2105979,
 -11000.0000000, -117980.5000000,
     -0.3249616,      -0.0016504,       0.2109223,
 -11000.0000000, -117971.5000000,
     -0.2636565,       0.0019987,       0.2118954,
 -11000.0000000, -117955.0000000,
     -0.3417475,      -0.0198960,       0.2112466,
 -11000.0000000, -117942.0000000,
     -0.3366387,       0.0231635,       0.2115710,
 -11000.0000000, -117924.0000000,
     -0.3308001,       0.0304618,       0.2115710,
 -11000.0000000, -117899.5000000,
     -0.3169335,       0.0319214,       0.2099492,
 -11000.0000000, -117875.5000000,
     -0.3402878,       0.0195144,       0.2112466,
 -11000.0000000, -117855.0000000,
     -0.3271510,       0.0100267,       0.2109223,
 -11000.0000000, -117825.0000000,
     -0.3497755,       0.0019987,       0.2102735,
 -11000.0000000, -117787.0000000,
     -0.2964985,       0.0224337,       0.2102735,
 -11000.0000000, -117760.5000000,
     -0.2972283,       0.0049180,       0.2109223,
 -11000.0000000, -117724.5000000,
     -0.3410177,       0.0063776,       0.2109223,
 -11000.0000000, -117677.5000000,
     -0.3110950,      -0.0169767,       0.2122197,
 -11000.0000000, -117645.0000000,
     -0.3074458,       0.0319214,       0.2112466,
 -11000.0000000, -117592.0000000,
     -0.3322598,      -0.0074890,       0.2109223,
 -11000.0000000, -117555.5000000,
     -0.3016073,       0.0465178,       0.2099492,
 -11000.0000000, -117496.0000000,
     -0.3147441,       0.0034583,       0.2096248,
 -11000.0000000, -117456.0000000,
     -0.2972283,       0.0005390,       0.2102735,
 -11000.0000000, -117390.5000000,
     -0.3001476,       0.0377600,       0.2109223,
 -11000.0000000, -117347.0000000,
     -0.2964985,       0.0370301,       0.2099492,
 -11000.0000000, -117288.5000000,
     -0.3110950,       0.0136758,       0.2102735,
 -11000.0000000, -117217.5000000,
     -0.2921196,      -0.0206258,       0.2102735,
 -11000.0000000, -117149.5000000,
     -0.3023371,       0.0209741,       0.2105979,
 -11000.0000000, -117094.0000000,
     -0.3198528,      -0.0104083,       0.2109223,
 -11000.0000000, -117018.0000000,
     -0.3249616,       0.0165951,       0.2102735,
 -11000.0000000, -116954.5000000,
     -0.2862810,       0.0114864,       0.2099492,
 -11000.0000000, -116881.0000000,
     -0.2957687,       0.0071074,       0.2102735,
 -11000.0000000, -116783.5000000,
     -0.2746039,       0.0596546,       0.2099492,
 -11000.0000000, -116726.5000000,
     -0.3169335,      -0.0009206,       0.2093004,
 -11000.0000000, -116632.0000000,
     -0.2746039,       0.0508968,       0.2015157,
 -11000.0000000, -116562.0000000,
     -0.3030669,       0.0479775,       0.1976233,
 -11000.0000000, -116451.5000000,
     -0.3162037,       0.0151355,       0.2054080,
 -11000.0000000, -116372.0000000,
     -0.2892003,       0.0158653,       0.2093004,
 -11000.0000000, -116270.5000000,
     -0.2636565,      -0.0082188,       0.2086517,
 -11000.0000000, -116202.5000000,
     -0.3030669,      -0.0082188,       0.2080030,
 -11000.0000000, -116079.0000000,
     -0.2877406,       0.0355705,       0.2073542,
 -11000.0000000, -116002.0000000,
     -0.2826319,       0.0268126,       0.2063811,
 -11000.0000000, -115878.5000000,
     -0.2811723,      -0.0082188,       0.2063811,
 -11000.0000000, -115803.0000000,
     -0.2782530,       0.0195144,       0.2073542,
 -11000.0000000, -115667.0000000,
     -0.3096353,       0.0384898,       0.2067055,
 -11000.0000000, -115564.0000000,
     -0.2665758,       0.0224337,       0.2067055,
 -11000.0000000, -115446.0000000,
     -0.2899301,      -0.0016504,       0.2060568,
 -11000.0000000, -115344.0000000,
     -0.2811723,       0.0341109,       0.2057324,
 -11000.0000000, -115214.5000000,
     -0.2709547,      -0.0023802,       0.2063811,
 -11000.0000000, -115128.5000000,
     -0.3176634,       0.0114864,       0.2057324,
 -11000.0000000, -114973.5000000,
     -0.3030669,      -0.0031101,       0.2037862,
 -11000.0000000, -114876.5000000,
     -0.3023371,       0.0092969,       0.2031375,
 -11000.0000000, -114722.5000000,
     -0.2738740,       0.0195144,       0.2041106,
 -11000.0000000, -114629.0000000,
     -0.2767933,       0.0355705,       0.2037862,
 -11000.0000000, -114461.5000000,
     -0.3271510,       0.0253530,       0.2037862,
 -11000.0000000, -114342.5000000,
     -0.3030669,       0.0713318,       0.2044350,
 -11000.0000000, -114220.0000000,
     -0.2928494,       0.0457880,       0.2050837,
 -11000.0000000, -114051.0000000,
     -0.2643863,       0.0538161,       0.2067055,
 -11000.0000000, -113956.0000000,
     -0.3030669,       0.0056478,       0.2070299,
 -11000.0000000, -113749.0000000,
     -0.2665758,       0.0297319,       0.2073542,
 -11000.0000000, -113659.0000000,
     -0.2570881,       0.0224337,       0.2089761,
 -11000.0000000, -113477.0000000,
     -0.3110950,       0.0377600,       0.2080030,
 -11000.0000000, -113359.0000000,
     -0.2877406,       0.0253530,       0.2083273,
 -11000.0000000, -113205.5000000,
     -0.2789828,       0.0363003,       0.2089761,
 -11000.0000000, -113006.0000000,
     -0.2797126,       0.0414091,       0.2086517,
 -11000.0000000, -112891.0000000,
     -0.2724144,       0.0516266,       0.2083273,
 -11000.0000000, -112667.5000000,
     -0.2680355,       0.0479775,       0.2086517,
 -11000.0000000, -112557.0000000,
     -0.3300703,       0.0290021,       0.2086517,
 -11000.0000000, -112335.5000000,
     -0.2694951,      -0.0228153,       0.2096248,
 -11000.0000000, -112221.5000000,
     -0.3037967,      -0.0045697,       0.2086517,
 -11000.0000000, -112013.5000000,
     -0.3242318,       0.0129460,       0.2089761,
 -11000.0000000, -111876.5000000,
     -0.3213125,      -0.0082188,       0.2086517,
 -11000.0000000, -111661.5000000,
     -0.2403022,       0.0297319,       0.2093004,
 -11000.0000000, -111521.0000000,
     -0.3067160,       0.0012689,       0.2080030,
 -11000.0000000, -111261.0000000,
     -0.2548987,       0.0144057,       0.2073542,
 -11000.0000000, -111086.0000000,
     -0.3008774,       0.0319214,       0.2073542,
 -11000.0000000, -111001.0000000,
     -0.3067160,       0.0041882,       0.2076786,
 -11000.0000000, -110792.5000000,
     -0.2621969,       0.0034583,       0.2076786,
 -11000.0000000, -110559.0000000,
     -0.2906599,       0.0253530,       0.2070299,
 -11000.0000000, -110354.0000000,
     -0.3030669,      -0.0001908,       0.2080030,
 -11000.0000000, -110200.0000000,
     -0.2738740,       0.0180548,       0.2076786,
 -11000.0000000, -109957.5000000,
     -0.2957687,       0.0100267,       0.2080030,
 -11000.0000000, -109799.5000000,
     -0.2775231,       0.0370301,       0.2070299,
 -11000.0000000, -109551.0000000,
     -0.2337338,       0.0107566,       0.2076786,
 -11000.0000000, -109389.5000000,
     -0.2709547,       0.0370301,       0.2063811,
 -11000.0000000, -109204.5000000,
     -0.2548987,       0.0209741,       0.2060568,
 -11000.0000000, -108924.0000000,
     -0.2381128,       0.0384898,       0.2070299,
 -11000.0000000, -108756.5000000,
     -0.2811723,       0.0165951,       0.2054080,
 -11000.0000000, -108600.5000000,
     -0.2235163,       0.0253530,       0.2047593,
 -11000.0000000, -108347.0000000,
     -0.2702249,       0.0311916,       0.2063811,
 -11000.0000000, -108052.5000000,
     -0.2819021,       0.0136758,       0.2060568,
 -11000.0000000, -107877.5000000,
     -0.2227865,       0.0355705,       0.2054080,
 -11000.0000000, -107602.5000000,
     -0.2220567,       0.0355705,       0.2063811,
 -11000.0000000, -107423.5000000,
     -0.2811723,       0.0217039,       0.2063811,
 -11000.0000000, -107141.5000000,
     -0.2417619,       0.0231635,       0.2060568,
 -11000.0000000, -106971.5000000,
     -0.2979582,       0.0450582,       0.2057324,
 -11000.0000000, -106672.5000000,
     -0.2731442,       0.0494371,       0.2054080,
 -11000.0000000, -106488.5000000,
     -0.2461408,       0.0786300,       0.2057324,
 -11000.0000000, -106202.0000000,
     -0.2548987,       0.0231635,       0.2034619,
 -11000.0000000, -106044.5000000,
     -0.2585478,       0.0545459,       0.2060568,
 -11000.0000000, -105848.0000000,
     -0.2300847,       0.0698721,       0.2057324,
 -11000.0000000, -105547.5000000,
     -0.2271654,       0.0209741,       0.2050837,
 -11000.0000000, -105261.5000000,
     -0.2227865,       0.0348407,       0.2050837,
 -11000.0000000, -105077.5000000,
     -0.2417619,       0.0260828,       0.2047593,
 -11000.0000000, -104842.5000000,
     -0.2395724,       0.0246232,       0.2044350,
 -11000.0000000, -104556.0000000,
     -0.1950533,       0.0990650,       0.2050837,
 -11000.0000000, -104321.0000000,
     -0.2271654,       0.0888475,       0.2041106,
 -11000.0000000, -104137.0000000,
     -0.2432215,       0.0895773,       0.2041106,
 -11000.0000000, -103902.0000000,
     -0.1899445,       0.0676827,       0.2050837,
 -11000.0000000, -103616.5000000,
     -0.2264356,       0.0815493,       0.2047593,
 -11000.0000000, -103432.5000000,
     -0.2308145,       0.0844686,       0.2050837,
 -11000.0000000, -103172.5000000,
     -0.2257058,       0.0494371,       0.2054080,
 -11000.0000000, -102962.5000000,
     -0.2373829,       0.0268126,       0.2057324,
 -11000.0000000, -102676.0000000,
     -0.2534390,       0.0523564,       0.2057324,
 -11000.0000000, -102492.0000000,
     -0.2249760,       0.0676827,       0.2054080,
 -11000.0000000, -102206.0000000,
     -0.2454110,       0.0808195,       0.2050837,
 -11000.0000000, -102022.0000000,
     -0.2264356,       0.0888475,       0.2050837,
 -11000.0000000, -101786.5000000,
     -0.1892147,       0.0866580,       0.2054080,
 -11000.0000000, -101526.5000000,
     -0.2300847,       0.0727914,       0.2050837,
 -11000.0000000, -101316.5000000,
     -0.2315444,       0.0676827,       0.2047593,
 -11000.0000000, -101056.5000000,
     -0.2483303,       0.0866580,       0.2063811,
 -11000.0000000, -100846.0000000,
     -0.2395724,       0.0706020,       0.2067055,
 -11000.0000000, -100560.0000000,
     -0.2081900,       0.0560055,       0.2070299,
 -11000.0000000, -100351.5000000,
     -0.2300847,       0.0903072,       0.2070299,
 -11000.0000000, -100141.0000000,
     -0.2439513,       0.1122018,       0.2063811,
 -11000.0000000,  -99854.5000000,
     -0.2176777,       0.0771704,       0.2070299,
 -11000.0000000,  -99671.5000000,
     -0.2008918,       0.0808195,       0.2076786,
 -11000.0000000,  -99385.0000000,
     -0.2432215,       0.0720616,       0.2070299,
 -11000.0000000,  -99201.0000000,
     -0.2081900,       0.0764405,       0.2073542,
 -11000.0000000,  -98941.5000000,
     -0.2432215,       0.0414091,       0.2070299,
 -11000.0000000,  -98744.0000000,
     -0.2220567,       0.0859282,       0.2076786,
 -11000.0000000,  -98484.0000000,
     -0.1979725,       0.0443284,       0.2073542,
 -11000.0000000,  -98249.0000000,
     -0.2205970,       0.0749809,       0.2070299,
 -11000.0000000,  -98038.5000000,
     -0.2132988,       0.0786300,       0.2080030,
 -11000.0000000,  -97803.0000000,
     -0.2330040,       0.0757107,       0.2073542,
 -11000.0000000,  -97543.5000000,
     -0.2016217,       0.0735213,       0.2076786,
 -11000.0000000,  -97333.0000000,
     -0.1935936,       0.0727914,       0.2080030,
 -11000.0000000,  -97098.0000000,
     -0.1709691,       0.0633037,       0.2070299,
 -11000.0000000,  -96824.0000000,
     -0.2570881,       0.0384898,       0.2067055,
 -11000.0000000,  -96627.5000000,
     -0.2081900,       0.0494371,       0.2063811,
 -11000.0000000,  -96354.0000000,
     -0.1979725,       0.0399494,       0.2067055,
 -11000.0000000,  -96132.5000000,
     -0.2096497,       0.0567353,       0.2050837,
 -11000.0000000,  -95922.0000000,
     -0.1775375,       0.0392196,       0.2024888,
 -11000.0000000,  -95662.0000000,
     -0.1914041,       0.0465178,       0.2018400,
 -11000.0000000,  -95453.0000000,
     -0.1855656,       0.0246232,       0.2018400,
 -11000.0000000,  -95193.0000000,
     -0.1184219,       0.0165951,       0.2011913,
 -11000.0000000,  -94982.5000000,
     -0.1724288,      -0.0060293,       0.1992451,
 -11000.0000000,  -94723.0000000,
     -0.2629267,       0.0290021,       0.1979476,
 -11000.0000000,  -94474.0000000,
     -0.1658604,       0.0435985,       0.1969746,
 -11000.0000000,  -94277.5000000,
     -0.1950533,       0.0290021,       0.1953527,
 -11000.0000000,  -94017.5000000,
     -0.1848357,       0.0202442,       0.1950284,
 -11000.0000000,  -93768.5000000,
     -0.1585622,       0.0209741,       0.1947040,
 -11000.0000000,  -93584.5000000,
     -0.1819165,       0.0450582,       0.1950284,
 -11000.0000000,  -93337.0000000,
     -0.1490745,       0.0487073,       0.1966502,
 -11000.0000000,  -93063.0000000,
     -0.1768077,       0.0567353,       0.1989207,
 -11000.0000000,  -92866.5000000,
     -0.1695095,       0.0764405,       0.2015157,
 -11000.0000000,  -92593.0000000,
     -0.1687797,       0.0706020,       0.2044350,
 -11000.0000000,  -92396.5000000,
     -0.1789972,       0.0625739,       0.2057324,
 -11000.0000000,  -92122.5000000,
     -0.1687797,       0.0494371,       0.2073542,
 -11000.0000000,  -91926.0000000,
     -0.1534534,       0.0217039,       0.2073542,
 -11000.0000000,  -91653.5000000,
     -0.1563727,       0.0136758,       0.2067055,
 -11000.0000000,  -91432.0000000,
     -0.1651306,       0.0217039,       0.2050837,
 -11000.0000000,  -91221.5000000,
     -0.0884992,       0.0268126,       0.2024888,
 -11000.0000000,  -90961.5000000,
     -0.1585622,       0.0370301,       0.2024888,
 -11000.0000000,  -90778.0000000,
     -0.1359377,       0.0450582,       0.2024888,
 -11000.0000000,  -90478.0000000,
     -0.1001764,       0.0939563,       0.2037862,
 -11000.0000000,  -90243.0000000,
     -0.1490745,       0.0596546,       0.2031375,
 -11000.0000000,  -90034.0000000,
     -0.1425061,       0.0479775,       0.2047593,
 -11000.0000000,  -89772.5000000,
     -0.1184219,       0.0465178,       0.2057324,
 -11000.0000000,  -89575.5000000,
     -0.1680498,       0.0238934,       0.2057324,
 -11000.0000000,  -89302.0000000,
     -0.1490745,       0.0654932,       0.2070299,
 -11000.0000000,  -89132.0000000,
     -0.1315587,       0.0457880,       0.2083273,
 -11000.0000000,  -88896.5000000,
     -0.1811866,       0.0428687,       0.2089761,
 -11000.0000000,  -88610.5000000,
     -0.1184219,       0.0414091,       0.2102735,
 -11000.0000000,  -88361.5000000,
     -0.1468850,       0.0107566,       0.2109223,
 -11000.0000000,  -88191.5000000,
     -0.1622113,       0.0282723,       0.2118954,
 -11000.0000000,  -87891.0000000,
     -0.1279096,       0.0260828,       0.2125441,
 -11000.0000000,  -87708.5000000,
     -0.1344780,       0.0202442,       0.2135172,
 -11000.0000000,  -87421.5000000,
     -0.2016217,      -0.0082188,       0.2128685,
 -11000.0000000,  -87251.5000000,
     -0.1476148,      -0.0045697,       0.2118954,
 -11000.0000000,  -86951.0000000,
     -0.1928638,       0.0457880,       0.2099492,
 -11000.0000000,  -86781.0000000,
     -0.1935936,       0.0304618,       0.2093004,
 -11000.0000000,  -86532.5000000,
     -0.1914041,      -0.0133276,       0.2086517,
 -11000.0000000,  -86246.0000000,
     -0.2570881,       0.0428687,       0.2102735,
 -11000.0000000,  -86076.0000000,
     -0.2359233,       0.0290021,       0.2112466,
 -11000.0000000,  -85775.5000000,
     -0.2205970,       0.0092969,       0.2122197,
 -11000.0000000,  -85591.5000000,
     -0.2337338,       0.0173250,       0.2128685,
 -11000.0000000,  -85319.0000000,
     -0.2118392,       0.0027285,       0.2138415,
 -11000.0000000,  -85097.0000000,
     -0.2103795,       0.0311916,       0.2144903,
 -11000.0000000,  -84886.5000000,
     -0.2315444,       0.0238934,       0.2144903,
 -11000.0000000,  -84600.0000000,
     -0.1658604,       0.0435985,       0.2141659,
 -11000.0000000,  -84430.0000000,
     -0.1935936,       0.0297319,       0.2151390,
 -11000.0000000,  -84195.0000000,
     -0.2439513,       0.0034583,       0.2167608,
 -11000.0000000,  -83894.5000000,
     -0.1833761,       0.0100267,       0.2180583,
 -11000.0000000,  -83724.5000000,
     -0.2038111,       0.0144057,       0.2190314,
 -11000.0000000,  -83464.0000000,
     -0.1899445,       0.0012689,       0.2190314,
 -11000.0000000,  -83255.0000000,
     -0.1446955,      -0.0169767,       0.2196801,
 -11000.0000000,  -83006.5000000,
     -0.1943234,       0.0092969,       0.2196801,
 -11000.0000000,  -82746.5000000,
     -0.1841059,       0.0041882,       0.2200045,
 -11000.0000000,  -82485.0000000,
     -0.1855656,       0.0049180,       0.2200045,
 -11000.0000000,  -82315.0000000,
     -0.1906743,       0.0041882,       0.2200045,
 -11000.0000000,  -82079.5000000,
     -0.2038111,      -0.0038399,       0.2200045,
 -11000.0000000,  -81779.5000000,
     -0.1848357,      -0.0045697,       0.2206532,
 -11000.0000000,  -81609.0000000,
     -0.2198672,      -0.0184363,       0.2213020,
 -11000.0000000,  -81309.0000000,
     -0.1884849,      -0.0250047,       0.2209776,
 -11000.0000000,  -81125.0000000,
     -0.1994322,      -0.0432503,       0.2206532,
 -11000.0000000,  -80838.5000000,
     -0.1789972,      -0.0330328,       0.2203289,
 -11000.0000000,  -80655.0000000,
     -0.1914041,      -0.0425205,       0.2196801,
 -11000.0000000,  -80434.0000000,
     -0.2242461,      -0.0505485,       0.2190314,
 -11000.0000000,  -80198.5000000,
     -0.2008918,      -0.0169767,       0.2183827,
 -11000.0000000,  -79898.0000000,
     -0.1848357,      -0.0461696,       0.2177339,
 -11000.0000000,  -79728.0000000,
     -0.2235163,      -0.0337626,       0.2161121,
 -11000.0000000,  -79494.0000000,
     -0.2322742,      -0.0060293,       0.2161121,
 -11000.0000000,  -79194.0000000,
     -0.1855656,      -0.0250047,       0.2157877,
 -11000.0000000,  -79024.0000000,
     -0.2008918,      -0.0337626,       0.2154634,
 -11000.0000000,  -78762.5000000,
     -0.1797270,      -0.0447099,       0.2154634,
 -11000.0000000,  -78554.0000000,
     -0.1724288,      -0.0571169,       0.2157877,
 -11000.0000000,  -78318.5000000,
     -0.1709691,      -0.0673344,       0.2144903,
 -11000.0000000,  -78083.5000000,
     -0.1658604,      -0.0760923,       0.2148146,
 -11000.0000000,  -77834.5000000,
     -0.2147584,      -0.0417906,       0.2122197,
 -11000.0000000,  -77574.5000000,
     -0.2001620,      -0.0155170,       0.2131928,
 -11000.0000000,  -77364.0000000,
     -0.1468850,      -0.0286538,       0.2115710,
 -11000.0000000,  -77129.0000000,
     -0.1644007,      -0.0432503,       0.2112466,
 -11000.0000000,  -76842.5000000,
     -0.1257202,      -0.0366819,       0.2102735,
 -11000.0000000,  -76659.0000000,
     -0.1308289,      -0.0352222,       0.2105979,
 -11000.0000000,  -76372.5000000,
     -0.1505341,      -0.0541976,       0.2102735,
 -11000.0000000,  -76202.5000000,
     -0.1483446,      -0.0520081,       0.2105979,
 -11000.0000000,  -75953.5000000,
     -0.1519938,      -0.0490888,       0.2109223,
 -11000.0000000,  -75719.5000000,
     -0.1074746,      -0.0746326,       0.2096248,
 -11000.0000000,  -75484.0000000,
     -0.1425061,      -0.0578467,       0.2109223,
 -11000.0000000,  -75198.0000000,
     -0.1176921,      -0.0658748,       0.2112466,
 -11000.0000000,  -75014.0000000,
     -0.1206114,      -0.0505485,       0.2109223,
 -11000.0000000,  -74779.0000000,
     -0.0928782,      -0.0512783,       0.2118954,
 -11000.0000000,  -74492.5000000,
     -0.0914185,      -0.0527380,       0.2118954,
 -11000.0000000,  -74284.0000000,
     -0.0899589,      -0.0206258,       0.2105979,
 -11000.0000000,  -74087.0000000,
     -0.0884992,      -0.0520081,       0.2128685,
 -11000.0000000,  -73852.0000000,
     -0.0417906,      -0.0498187,       0.2131928,
 -11000.0000000,  -73603.0000000,
     -0.1103939,      -0.0607660,       0.2131928,
 -11000.0000000,  -73329.5000000,
     -0.0366819,      -0.0520081,       0.2138415,
 -11000.0000000,  -73081.5000000,
     -0.0264644,      -0.0505485,       0.2135172,
 -11000.0000000,  -72897.5000000,
     -0.0717133,      -0.0775519,       0.2128685,
 -11000.0000000,  -72611.5000000,
     -0.0352222,      -0.0534678,       0.2135172,
 -11000.0000000,  -72427.5000000,
     -0.0680642,      -0.0563871,       0.2144903,
 -11000.0000000,  -72141.0000000,
     -0.0651449,      -0.0622256,       0.2157877,
 -11000.0000000,  -71906.0000000,
     -0.0534678,      -0.0352222,       0.2167608,
 -11000.0000000,  -71748.5000000,
     -0.0965273,      -0.0556572,       0.2183827,
 -11000.0000000,  -71436.5000000,
     -0.0987167,      -0.0731730,       0.2193558,
 -11000.0000000,  -71266.5000000,
     -0.0841203,      -0.0724432,       0.2200045,
 -11000.0000000,  -71017.5000000,
     -0.0943378,      -0.1067448,       0.2209776,
 -11000.0000000,  -70796.5000000,
     -0.0768221,      -0.1249903,       0.2213020,
 -11000.0000000,  -70547.5000000,
     -0.0790116,      -0.0921483,       0.2213020,
 -11000.0000000,  -70288.0000000,
     -0.1052851,      -0.0739028,       0.2209776,
 -11000.0000000,  -70077.0000000,
     -0.1191518,      -0.0760923,       0.2190314,
 -11000.0000000,  -69790.5000000,
     -0.0892291,      -0.0666046,       0.2216263,
 -11000.0000000,  -69555.5000000,
     -0.1176921,      -0.0936080,       0.2219507,
 -11000.0000000,  -69385.5000000,
     -0.1228009,      -0.0731730,       0.2219507,
 -11000.0000000,  -69136.5000000,
     -0.0899589,      -0.1235307,       0.2222750,
 -11000.0000000,  -68850.0000000,
     -0.1030957,      -0.1249903,       0.2213020,
 -11000.0000000,  -68666.5000000,
     -0.1352078,      -0.1213412,       0.2216263,
 -11000.0000000,  -68431.5000000,
     -0.1439657,      -0.1111237,       0.2219507,
 -11000.0000000,  -68171.5000000,
     -0.1425061,      -0.1228009,       0.2209776,
 -11000.0000000,  -67961.0000000,
     -0.1461552,      -0.1198816,       0.2203289,
 -11000.0000000,  -67726.5000000,
     -0.1096641,      -0.1498043,       0.2196801,
 -11000.0000000,  -67440.5000000,
     -0.1454254,      -0.1293693,       0.2187070,
 -11000.0000000,  -67256.5000000,
     -0.1505341,      -0.1155027,       0.2180583,
 -11000.0000000,  -67035.0000000,
     -0.1191518,      -0.1162325,       0.2174096,
 -11000.0000000,  -66786.5000000,
     -0.1111237,      -0.1030957,       0.2170852,
 -11000.0000000,  -66551.5000000,
     -0.1220711,      -0.1417762,       0.2170852,
 -11000.0000000,  -66278.0000000,
     -0.1228009,      -0.1373973,       0.2093004,
 -11000.0000000,  -66029.5000000,
     -0.0768221,      -0.1498043,       0.2148146,
 -11000.0000000,  -65845.5000000,
     -0.0658748,      -0.1702393,       0.2118954,
 -11000.0000000,  -65559.5000000,
     -0.0155170,      -0.1731586,       0.2076786,
 -11000.0000000,  -65375.5000000,
      0.0764405,      -0.1571025,       0.2021644,
 -11000.0000000,  -65089.0000000,
      0.1304474,      -0.1352078,       0.1963258,
 -11000.0000000,  -64905.0000000,
      0.1224193,      -0.1410464,       0.1885411,
 -11000.0000000,  -64619.0000000,
      0.1078229,      -0.1395868,       0.1852974,
 -11000.0000000,  -64435.0000000,
      0.0727914,      -0.0527380,       0.1791345,
 -11000.0000000,  -64148.5000000,
     -0.0001908,      -0.0388713,       0.1736202,
 -11000.0000000,  -63964.5000000,
     -0.0512783,      -0.0191661,       0.1732959,
 -11000.0000000,  -63730.5000000,
     -0.0147872,       0.0297319,       0.1765395,
 -11000.0000000,  -63471.0000000,
      0.0742511,      -0.0162469,       0.1810806,
 -11000.0000000,  -63287.0000000,
      0.0501669,       0.0268126,       0.1849730,
 -11000.0000000,  -63025.0000000,
      0.1479631,       0.0217039,       0.1930822,
 -11000.0000000,  -62765.5000000,
      0.1275281,       0.0049180,       0.2015157,
 -11000.0000000,  -62555.0000000,
      0.0494371,      -0.0082188,       0.2093004,
 -11000.0000000,  -62269.0000000,
      0.0165951,      -0.0468994,       0.2144903,
 -11000.0000000,  -62033.5000000,
     -0.0111381,      -0.0753624,       0.2180583,
 -11000.0000000,  -61849.5000000,
     -0.0009206,      -0.0936080,       0.2200045,
 -11000.0000000,  -61614.5000000,
     -0.0009206,      -0.1009062,       0.2213020,
 -11000.0000000,  -61379.0000000,
     -0.0191661,      -0.1417762,       0.2225994,
 -11000.0000000,  -61093.0000000,
     -0.0366819,      -0.1468850,       0.2229238,
 -11000.0000000,  -60909.0000000,
     -0.0826607,      -0.1556429,       0.2235725,
 -11000.0000000,  -60674.0000000,
     -0.0629555,      -0.1038255,       0.2232481,
 -11000.0000000,  -60387.5000000,
     -0.0629555,      -0.1512639,       0.2242212,
 -11000.0000000,  -60152.5000000,
     -0.0797414,      -0.1585622,       0.2238969,
 -11000.0000000,  -59968.5000000,
     -0.0666046,      -0.1505341,       0.2238969,
 -11000.0000000,  -59734.5000000,
     -0.0797414,      -0.1665902,       0.2242212,
 -11000.0000000,  -59448.0000000,
     -0.1133132,      -0.1695095,       0.2235725,
 -11000.0000000,  -59264.0000000,
     -0.1337482,      -0.1760779,       0.2235725,
 -11000.0000000,  -58978.0000000,
     -0.1264500,      -0.1607516,       0.2206532,
 -11000.0000000,  -58794.0000000,
     -0.1067448,      -0.1695095,       0.2213020,
 -11000.0000000,  -58508.0000000,
     -0.1213412,      -0.2030813,       0.2209776,
 -11000.0000000,  -58324.0000000,
     -0.0812010,      -0.1563727,       0.2196801,
 -11000.0000000,  -58037.5000000,
     -0.0979869,      -0.1571025,       0.2200045,
 -11000.0000000,  -57853.5000000,
     -0.1337482,      -0.1768077,       0.2187070,
 -11000.0000000,  -57567.0000000,
     -0.0884992,      -0.1607516,       0.2174096,
 -11000.0000000,  -57383.0000000,
     -0.0884992,      -0.1673200,       0.2177339,
 -11000.0000000,  -57097.0000000,
     -0.1300991,      -0.1607516,       0.2161121,
 -11000.0000000,  -56913.0000000,
     -0.0731730,      -0.1746182,       0.2151390,
 -11000.0000000,  -56690.5000000,
     -0.0914185,      -0.2081900,       0.2118954,
 -11000.0000000,  -56404.5000000,
     -0.1330184,      -0.2205970,       0.2076786,
 -11000.0000000,  -56207.5000000,
     -0.1359377,      -0.2227865,       0.2037862,
 -11000.0000000,  -55934.0000000,
     -0.1811866,      -0.1965129,       0.2005426,
 -11000.0000000,  -55687.0000000,
     -0.0979869,      -0.1403166,       0.1960015,
 -11000.0000000,  -55503.0000000,
      0.0100267,      -0.0957975,       0.1924334,
 -11000.0000000,  -55217.0000000,
     -0.0147872,      -0.0782817,       0.1921091,
 -11000.0000000,  -55033.0000000,
      0.0173250,      -0.0374117,       0.1924334,
 -11000.0000000,  -54746.5000000,
     -0.0198960,      -0.0213556,       0.1947040,
 -11000.0000000,  -54563.0000000,
     -0.0206258,      -0.0067592,       0.1966502,
 -11000.0000000,  -54276.5000000,
      0.0297319,      -0.0432503,       0.1976233,
 -11000.0000000,  -54092.5000000,
      0.0282723,      -0.0687940,       0.1976233,
 -11000.0000000,  -53806.0000000,
     -0.0074890,      -0.1052851,       0.1963258,
 -11000.0000000,  -53622.0000000,
      0.0195144,      -0.1060150,       0.1960015,
 -11000.0000000,  -53362.0000000,
     -0.0155170,      -0.0782817,       0.1960015,
 -11000.0000000,  -53152.0000000,
     -0.0147872,      -0.0563871,       0.1956771,
 -11000.0000000,  -52865.5000000,
     -0.0250047,      -0.0366819,       0.1976233,
 -11000.0000000,  -52681.5000000,
     -0.0666046,      -0.0476292,       0.2002182,
 -11000.0000000,  -52395.5000000,
     -0.0388713,      -0.0359521,       0.2024888,
 -11000.0000000,  -52211.5000000,
     -0.0344924,      -0.0439801,       0.2037862,
 -11000.0000000,  -51951.5000000,
     -0.0556572,      -0.1162325,       0.2047593,
 -11000.0000000,  -51742.0000000,
     -0.0432503,      -0.1308289,       0.2024888,
 -11000.0000000,  -51507.0000000,
     -0.0140574,      -0.1147728,       0.2024888,
 -11000.0000000,  -51220.5000000,
     -0.0359521,      -0.1468850,       0.2018400,
 -11000.0000000,  -51049.5000000,
     -0.0658748,      -0.1505341,       0.2018400,
 -11000.0000000,  -50801.5000000,
     -0.0739028,      -0.1271798,       0.2015157,
 -11000.0000000,  -50515.5000000,
     -0.1125834,      -0.1373973,       0.2015157,
 -11000.0000000,  -50331.5000000,
     -0.0892291,      -0.1388570,       0.2008669,
 -11000.0000000,  -50071.5000000,
     -0.1235307,      -0.1118535,       0.2015157,
 -11000.0000000,  -49861.0000000,
     -0.1001764,      -0.0899589,       0.2011913,
 -11000.0000000,  -49625.5000000,
     -0.1016360,      -0.1191518,       0.2011913,
 -11000.0000000,  -49352.5000000,
     -0.0760923,      -0.1118535,       0.1998938,
 -11000.0000000,  -49104.5000000,
     -0.1271798,      -0.1534534,       0.2002182,
 -11000.0000000,  -48920.5000000,
     -0.0695239,      -0.1322886,       0.1992451,
 -11000.0000000,  -48660.5000000,
     -0.0629555,      -0.1600218,       0.1982720,
 -11000.0000000,  -48450.5000000,
     -0.0921483,      -0.1388570,       0.1972989,
 -11000.0000000,  -48164.0000000,
     -0.0220854,      -0.1264500,       0.1989207,
 -11000.0000000,  -47980.0000000,
     -0.0578467,      -0.1045553,       0.1979476,
 -11000.0000000,  -47720.0000000,
     -0.0541976,      -0.1279096,       0.1979476,
 -11000.0000000,  -47510.5000000,
     -0.0636853,      -0.1133132,       0.1989207,
 -11000.0000000,  -47251.0000000,
     -0.0797414,      -0.1490745,       0.1998938,
 -11000.0000000,  -47040.5000000,
     -0.0454397,      -0.1622113,       0.1998938,
 -11000.0000000,  -46780.5000000,
     -0.0957975,      -0.1826463,       0.2005426,
 -11000.0000000,  -46597.0000000,
     -0.0578467,      -0.1862954,       0.2005426,
 -11000.0000000,  -46310.5000000,
     -0.0308433,      -0.2060006,       0.2005426,
 -11000.0000000,  -46100.0000000,
     -0.0213556,      -0.1943234,       0.1992451,
 -11000.0000000,  -45840.0000000,
     -0.0147872,      -0.1490745,       0.1989207,
 -11000.0000000,  -45629.5000000,
      0.0041882,      -0.1505341,       0.1995695,
 -11000.0000000,  -45343.5000000,
     -0.0454397,      -0.1534534,       0.2005426,
 -11000.0000000,  -45159.5000000,
     -0.0323029,      -0.1206114,       0.2024888,
 -11000.0000000,  -44924.0000000,
     -0.0045697,      -0.1257202,       0.2031375,
 -11000.0000000,  -44651.0000000,
     -0.0184363,      -0.1979725,       0.2008669,
 -11000.0000000,  -44481.0000000,
     -0.0490888,      -0.1600218,       0.2063811,
 -11000.0000000,  -44180.5000000,
     -0.0330328,      -0.1644007,       0.2076786,
 -11000.0000000,  -44010.5000000,
     -0.0534678,      -0.1811866,       0.2047593,
 -11000.0000000,  -43724.0000000,
     -0.0410608,      -0.1768077,       0.2105979,
 -11000.0000000,  -43541.0000000,
     -0.0461696,      -0.1592920,       0.2118954,
 -11000.0000000,  -43254.5000000,
     -0.0308433,      -0.2118392,       0.2144903,
 -11000.0000000,  -43044.0000000,
     -0.0994466,      -0.2235163,       0.2148146,
 -11000.0000000,  -42745.0000000,
     -0.0739028,      -0.1833761,       0.2151390,
 -11000.0000000,  -42574.0000000,
     -0.0921483,      -0.1826463,       0.2157877,
 -11000.0000000,  -42300.5000000,
     -0.1220711,      -0.2278952,       0.2164365,
 -11000.0000000,  -42104.0000000,
     -0.1176921,      -0.2388426,       0.2151390,
 -11000.0000000,  -41830.0000000,
     -0.1614814,      -0.2395724,       0.2154634,
 -11000.0000000,  -41646.5000000,
     -0.1366675,      -0.2111093,       0.2141659,
 -11000.0000000,  -41425.0000000,
     -0.1446955,      -0.2322742,       0.2118954,
 -11000.0000000,  -41125.0000000,
     -0.2001620,      -0.1797270,       0.2125441,
 -11000.0000000,  -40928.0000000,
     -0.1804568,      -0.1789972,       0.2128685,
 -11000.0000000,  -40668.5000000,
     -0.2140286,      -0.1935936,       0.2131928,
 -11000.0000000,  -40471.0000000,
     -0.2381128,      -0.1833761,       0.2154634,
 -11000.0000000,  -40223.0000000,
     -0.2592776,      -0.2008918,       0.2164365,
 -11000.0000000,  -39949.0000000,
     -0.2439513,      -0.1943234,       0.2170852,
 -11000.0000000,  -39766.5000000,
     -0.2271654,      -0.2534390,       0.2161121,
 -11000.0000000,  -39518.5000000,
     -0.2337338,      -0.2534390,       0.2151390,
 -11000.0000000,  -39258.5000000,
     -0.2286251,      -0.2468706,       0.2135172,
 -11000.0000000,  -39048.0000000,
     -0.2461408,      -0.2563583,       0.2112466,
 -11000.0000000,  -38788.5000000,
     -0.2169479,      -0.2651162,       0.2099492,
 -11000.0000000,  -38578.0000000,
     -0.1921340,      -0.2373829,       0.2086517,
 -11000.0000000,  -38318.0000000,
     -0.2322742,      -0.2424917,       0.2089761,
 -11000.0000000,  -38134.5000000,
     -0.2395724,      -0.1965129,       0.2083273,
 -11000.0000000,  -37834.0000000,
     -0.1950533,      -0.2220567,       0.2060568,
 -11000.0000000,  -37637.0000000,
     -0.1125834,      -0.2330040,       0.2024888,
 -11000.0000000,  -37377.5000000,
     -0.0833905,      -0.2767933,       0.1989207,
 -11000.0000000,  -37193.5000000,
      0.0129460,      -0.2563583,       0.1966502,
 -11000.0000000,  -36893.5000000,
     -0.0111381,      -0.2198672,       0.1940553,
 -11000.0000000,  -36723.5000000,
     -0.0016504,      -0.1716989,       0.1950284,
 -11000.0000000,  -36488.5000000,
     -0.0366819,      -0.1760779,       0.1956771,
 -11000.0000000,  -36188.0000000,
     -0.0286538,      -0.2016217,       0.1972989,
 -11000.0000000,  -36018.0000000,
      0.0092969,      -0.2184076,       0.1985964,
 -11000.0000000,  -35719.0000000,
     -0.0067592,      -0.1928638,       0.1992451,
 -11000.0000000,  -35548.5000000,
     -0.0454397,      -0.2257058,       0.1998938,
 -11000.0000000,  -35262.5000000,
     -0.0563871,      -0.2424917,       0.1989207,
 -11000.0000000,  -35027.0000000,
     -0.0578467,      -0.2541688,       0.1982720,
 -11000.0000000,  -34829.5000000,
     -0.0169767,      -0.2169479,       0.1979476,
 -11000.0000000,  -34530.0000000,
     -0.0271942,      -0.1935936,       0.1976233,
 -11000.0000000,  -34359.0000000,
     -0.0184363,      -0.2220567,       0.1969746,
 -11000.0000000,  -34072.5000000,
      0.0056478,      -0.1892147,       0.1979476,
 -11000.0000000,  -33888.5000000,
     -0.0213556,      -0.1950533,       0.1979476,
 -11000.0000000,  -33615.5000000,
      0.0049180,      -0.1724288,       0.1979476,
 -11000.0000000,  -33341.5000000,
      0.0049180,      -0.2038111,       0.1992451,
 -11000.0000000,  -33183.0000000,
     -0.0096785,      -0.2103795,       0.1985964,
 -11000.0000000,  -32910.5000000,
      0.0056478,      -0.1724288,       0.2011913,
 -11000.0000000,  -32727.0000000,
      0.0019987,      -0.1943234,       0.2011913,
 -11000.0000000,  -32440.5000000,
     -0.0257345,      -0.1549130,       0.2024888,
 -11000.0000000,  -32204.5000000,
     -0.0045697,      -0.1629411,       0.2034619,
 -11000.0000000,  -31955.5000000,
      0.0129460,      -0.1833761,       0.2044350,
 -11000.0000000,  -31785.5000000,
     -0.0001908,      -0.1578323,       0.2063811,
 -11000.0000000,  -31500.0000000,
     -0.0359521,      -0.1753481,       0.2083273,
 -11000.0000000,  -31265.0000000,
     -0.0439801,      -0.1585622,       0.2096248,
 -11000.0000000,  -30849.0000000,
     -0.0673344,      -0.1819165,       0.2109223,
 -11000.0000000,  -30651.5000000,
     -0.0461696,      -0.1541832,       0.2093004,
 -11000.0000000,  -30417.5000000,
     -0.0439801,      -0.1760779,       0.2089761,
 -11000.0000000,  -30309.5000000,
     -0.0957975,      -0.1848357,       0.2070299,
 -11000.0000000,  -30125.5000000,
     -0.0593064,      -0.1826463,       0.2034619,
 -11000.0000000,  -29839.0000000,
     -0.1016360,      -0.1220711,       0.2063811,
 -11000.0000000,  -29668.5000000,
     -0.0644151,      -0.1337482,       0.2080030,
 -11000.0000000,  -29368.5000000,
     -0.0753624,      -0.1519938,       0.2096248,
 -11000.0000000,  -29185.0000000,
     -0.1155027,      -0.1585622,       0.2102735,
 -11000.0000000,  -28898.5000000,
     -0.1330184,      -0.1293693,       0.2099492,
 -11000.0000000,  -28676.0000000,
     -0.0899589,      -0.1147728,       0.2096248,
 -11000.0000000,  -28479.5000000,
     -0.0899589,      -0.1505341,       0.2102735,
 -11000.0000000,  -28193.0000000,
     -0.1089343,      -0.1519938,       0.2099492,
 -11000.0000000,  -28009.5000000,
     -0.0965273,      -0.1490745,       0.2089761,
 -11000.0000000,  -27724.0000000,
     -0.0775519,      -0.1359377,       0.2063811,
 -11000.0000000,  -27540.0000000,
     -0.0432503,      -0.1629411,       0.2021644,
 -11000.0000000,  -27280.0000000,
     -0.0417906,      -0.1432359,       0.2011913,
 -11000.0000000,  -27069.5000000,
     -0.0709835,      -0.0746326,       0.1995695,
 -11000.0000000,  -26783.5000000,
     -0.0476292,      -0.0680642,       0.1982720,
 -11000.0000000,  -26599.5000000,
     -0.0731730,      -0.0476292,       0.1966502,
 -11000.0000000,  -26364.5000000,
     -0.1001764,      -0.0680642,       0.1989207,
 -11000.0000000,  -26129.5000000,
     -0.0585765,      -0.0614958,       0.1985964,
 -11000.0000000,  -25842.5000000,
     -0.0826607,      -0.0622256,       0.1982720,
 -11000.0000000,  -25659.0000000,
     -0.0556572,      -0.0979869,       0.1989207,
 -11000.0000000,  -25372.5000000,
     -0.0498187,      -0.0702537,       0.1995695,
 -11000.0000000,  -25188.5000000,
     -0.0994466,      -0.0746326,       0.1998938,
 -11000.0000000,  -24902.0000000,
     -0.0622256,      -0.0658748,       0.2002182,
 -11000.0000000,  -24718.5000000,
     -0.0483590,      -0.0505485,       0.2011913,
 -11000.0000000,  -24432.5000000,
     -0.0695239,      -0.0731730,       0.1998938,
 -11000.0000000,  -24248.5000000,
     -0.0476292,      -0.0921483,       0.2021644,
 -11000.0000000,  -24027.0000000,
     -0.0622256,      -0.0826607,       0.2037862,
 -11000.0000000,  -23727.5000000,
     -0.0717133,      -0.1213412,       0.2034619,
 -11000.0000000,  -23544.0000000,
     -0.1023659,      -0.0709835,       0.2031375,
 -11000.0000000,  -23257.5000000,
     -0.0841203,      -0.0709835,       0.2024888,
 -11000.0000000,  -23035.0000000,
     -0.0520081,      -0.0695239,       0.2028131,
 -11000.0000000,  -22788.5000000,
     -0.0228153,      -0.0593064,       0.2024888,
 -11000.0000000,  -22607.5000000,
     -0.0432503,      -0.0607660,       0.1995695,
 -11000.0000000,  -22378.5000000,
     -0.0432503,      -0.0622256,       0.2005426,
 -11000.0000000,  -22102.0000000,
      0.0027285,      -0.0242749,       0.2005426,
 -11000.0000000,  -21927.0000000,
     -0.0498187,      -0.0242749,       0.2008669,
 -11000.0000000,  -21657.0000000,
     -0.0074890,      -0.0498187,       0.2021644,
 -11000.0000000,  -21510.0000000,
     -0.0461696,      -0.0658748,       0.2018400,
 -11000.0000000,  -21221.5000000,
     -0.0038399,      -0.0651449,       0.2015157,
 -11000.0000000,  -21054.5000000,
     -0.0585765,      -0.0031101,       0.1995695,
 -11000.0000000,  -20808.0000000,
     -0.0578467,      -0.0965273,       0.1966502,
 -11000.0000000,  -20587.5000000,
     -0.0687940,      -0.0374117,       0.2028131,
 -11000.0000000,  -20426.0000000,
     -0.0658748,      -0.0636853,       0.2024888,
 -11000.0000000,  -20221.5000000,
     -0.1228009,      -0.0315731,       0.2024888,
 -11000.0000000,  -20042.5000000,
     -0.0432503,      -0.0461696,       0.2015157,
 -11000.0000000,  -19779.0000000,
     -0.0527380,      -0.0447099,       0.2018400,
 -11000.0000000,  -19582.0000000,
     -0.0301135,      -0.0651449,       0.2008669,
 -11000.0000000,  -19431.0000000,
      0.0224337,      -0.0812010,       0.2005426,
 -11000.0000000,  -19198.0000000,
     -0.0323029,      -0.0198960,       0.1982720,
 -11000.0000000,  -19071.5000000,
      0.0122162,      -0.0527380,       0.1930822,
 -11000.0000000,  -18823.5000000,
      0.0406793,      -0.0235451,       0.1998938,
 -11000.0000000,  -18679.5000000,
      0.0063776,      -0.0403310,       0.2015157,
 -11000.0000000,  -18459.0000000,
     -0.0337626,      -0.0476292,       0.1998938,
 -11000.0000000,  -18319.0000000,
      0.0107566,      -0.0709835,       0.1998938,
 -11000.0000000,  -18142.5000000,
     -0.0082188,      -0.0899589,       0.1989207,
 -11000.0000000,  -17950.0000000,
      0.0224337,      -0.0323029,       0.1982720,
 -11000.0000000,  -17796.5000000,
     -0.0023802,      -0.0520081,       0.1969746,
 -11000.0000000,  -17590.5000000,
     -0.0220854,      -0.0301135,       0.1960015,
 -11000.0000000,  -17461.0000000,
      0.0034583,      -0.0104083,       0.1969746,
 -11000.0000000,  -17296.5000000,
      0.0114864,      -0.0396012,       0.1979476,
 -11000.0000000,  -17108.5000000,
      0.0224337,      -0.0089486,       0.1992451,
 -11000.0000000,  -16942.0000000,
      0.0319214,      -0.0016504,       0.1982720,
 -11000.0000000,  -16786.0000000,
     -0.0009206,      -0.0315731,       0.2028131,
 -11000.0000000,  -16683.0000000,
      0.0071074,      -0.0425205,       0.2047593,
 -11000.0000000,  -16481.5000000,
      0.0012689,      -0.0687940,       0.2047593,
 -11000.0000000,  -16382.0000000,
     -0.0593064,      -0.0651449,       0.2034619,
 -11000.0000000,  -16187.0000000,
     -0.0432503,      -0.0600362,       0.2031375,
 -11000.0000000,  -16074.5000000,
     -0.0680642,      -0.0768221,       0.2005426,
 -11000.0000000,  -15902.5000000,
     -0.0753624,      -0.1016360,       0.1982720,
 -11000.0000000,  -15794.0000000,
     -0.1249903,      -0.0483590,       0.1956771,
 -11000.0000000,  -15657.0000000,
     -0.1870252,      -0.0585765,       0.1943796,
 -11000.0000000,  -15494.5000000,
     -0.1337482,      -0.0892291,       0.1927578,
 -11000.0000000,  -15391.5000000,
     -0.2111093,      -0.0644151,       0.1911360,
 -11000.0000000,  -15276.5000000,
     -0.2235163,      -0.0585765,       0.1888654,
 -11000.0000000,  -15143.0000000,
     -0.2322742,      -0.0330328,       0.1875680,
 -11000.0000000,  -15012.0000000,
     -0.2227865,      -0.0337626,       0.1865949,
 -11000.0000000,  -14878.0000000,
     -0.1979725,       0.0122162,       0.1859461,
 -11000.0000000,  -14771.5000000,
     -0.1753481,      -0.0330328,       0.1843243,
 -11000.0000000,  -14630.5000000,
     -0.1724288,      -0.0476292,       0.1839999,
 -11000.0000000,  -14554.5000000,
     -0.1753481,      -0.0483590,       0.1836756,
 -11000.0000000,  -14406.5000000,
     -0.1870252,      -0.0206258,       0.1833512,
 -11000.0000000,  -14321.5000000,
     -0.1578323,      -0.0096785,       0.1823781,
 -11000.0000000,  -14197.5000000,
     -0.1768077,      -0.0198960,       0.1820537,
 -11000.0000000,  -14116.5000000,
     -0.1899445,      -0.0344924,       0.1817294,
 -11000.0000000,  -14009.0000000,
     -0.1162325,      -0.0001908,       0.1827025,
 -11000.0000000,  -13894.0000000,
     -0.1622113,      -0.0344924,       0.1820537,
 -11000.0000000,  -13798.0000000,
     -0.2067304,      -0.0301135,       0.1820537,
 -11000.0000000,  -13699.5000000,
     -0.1490745,      -0.0374117,       0.1817294,
 -11000.0000000,  -13608.5000000,
     -0.2001620,      -0.0242749,       0.1820537,
 -11000.0000000,  -13539.0000000,
     -0.1592920,      -0.0213556,       0.1820537,
 -11000.0000000,  -13438.5000000,
     -0.1585622,      -0.0206258,       0.1810806,
 -11000.0000000,  -13350.5000000,
     -0.1607516,      -0.0228153,       0.1814050,
 -11000.0000000,  -13287.0000000,
     -0.1519938,      -0.0520081,       0.1814050,
 -11000.0000000,  -13191.0000000,
     -0.1622113,      -0.0439801,       0.1814050,
 -11000.0000000,  -13140.0000000,
     -0.1950533,      -0.0206258,       0.1820537,
 -11000.0000000,  -13042.0000000,
     -0.2001620,      -0.0104083,       0.1823781,
 -11000.0000000,  -12986.5000000,
     -0.2366531,       0.0122162,       0.1820537,
 -11000.0000000,  -12917.5000000,
     -0.2541688,       0.0165951,       0.1820537,
 -11000.0000000,  -12840.5000000,
     -0.2512495,      -0.0052995,       0.1817294,
 -11000.0000000,  -12773.5000000,
     -0.2417619,      -0.0228153,       0.1820537,
 -11000.0000000,  -12725.5000000,
     -0.2563583,      -0.0359521,       0.1820537,
 -11000.0000000,  -12660.5000000,
     -0.2337338,      -0.0089486,       0.1820537,
 -11000.0000000,  -12613.5000000,
     -0.2760635,      -0.0702537,       0.1830268,
 -11000.0000000,  -12559.0000000,
     -0.2512495,      -0.0235451,       0.1836756,
 -11000.0000000,  -12505.0000000,
     -0.2614671,      -0.0250047,       0.1846487,
 -11000.0000000,  -12445.5000000,
     -0.2775231,      -0.0060293,       0.1846487,
 -11000.0000000,  -12409.5000000,
     -0.2680355,      -0.0140574,       0.1849730,
 -11000.0000000,  -12361.0000000,
     -0.2957687,      -0.0169767,       0.1852974,
 -11000.0000000,  -12324.0000000,
     -0.2592776,       0.0151355,       0.1856218,
 -11000.0000000,  -12281.0000000,
     -0.2848214,       0.0209741,       0.1859461,
 -11000.0000000,  -12248.5000000,
     -0.2760635,       0.0019987,       0.1859461,
 -11000.0000000,  -12211.0000000,
     -0.2483303,       0.0041882,       0.1862705,
 -11000.0000000,  -12183.0000000,
     -0.2709547,      -0.0031101,       0.1859461,
 -11000.0000000,  -12151.5000000,
     -0.2935792,      -0.0118679,       0.1865949,
 -11000.0000000,  -12129.0000000,
     -0.2709547,       0.0049180,       0.1869192,
 -11000.0000000,  -12100.0000000,
     -0.3118248,      -0.0038399,       0.1875680,
 -11000.0000000,  -12084.5000000,
     -0.2906599,      -0.0016504,       0.1869192,
 -11000.0000000,  -12064.5000000,
     -0.3045266,      -0.0279240,       0.1875680,
 -11000.0000000,  -12045.0000000,
     -0.2724144,      -0.0206258,       0.1878923,
 -11000.0000000,  -12033.5000000,
     -0.3103651,      -0.0016504,       0.1878923,
 -11000.0000000,  -12021.5000000,
     -0.3052564,      -0.0177065,       0.1875680,
 -11000.0000000,  -12011.0000000,
     -0.2950389,      -0.0257345,       0.1875680,
 -11000.0000000,  -12005.5000000,
     -0.3023371,      -0.0104083,       0.1872436,
 -11000.0000000,  -12002.5000000,
     -0.3016073,      -0.0374117,       0.1878923,
 -11000.0000000,  -12000.5000000,
     -0.3315300,       0.0019987,       0.1875680,
 -11000.0000000,  -12000.5000000,
     -0.2775231,      -0.0162469,       0.1872436,
 -11000.0000000,  -12000.5000000,
     -0.3067160,      -0.0118679,       0.1878923,
 -11000.0000000,  -12000.5000000,
     -0.3235019,      -0.0031101,       0.1878923,
 -11000.0000000,  -12000.5000000,
     -0.3016073,      -0.0184363,       0.1878923,
 -11000.0000000,  -12000.5000000,
     -0.2797126,      -0.0242749,       0.1875680,
 -11000.0000000,  -12000.5000000,
     -0.2928494,      -0.0250047,       0.1875680,
 -11000.0000000,  -12000.5000000,
     -0.2957687,       0.0092969,       0.1878923,
 -11000.0000000,  -12000.5000000,
     -0.2862810,       0.0282723,       0.1875680,
 -11000.0000000,  -12000.5000000,
     -0.3096353,      -0.0198960,       0.1878923,
 -11000.0000000,  -12000.0000000,
     -0.2716846,       0.0165951,       0.1875680,
 -11000.0000000,  -12000.0000000,
     -0.2826319,      -0.0177065,       0.1872436,
 -11000.0000000,  -12000.0000000,
     -0.2899301,      -0.0337626,       0.1882167,
 -11000.0000000,  -12000.0000000,
     -0.3235019,      -0.0213556,       0.1875680,
 -11000.0000000,  -12000.0000000,
     -0.2753337,      -0.0425205,       0.1875680,
 -11000.0000000,  -12000.0000000,
     -0.2870108,      -0.0016504,       0.1878923,
 -11000.0000000,  -12000.0000000,
     -0.3016073,      -0.0505485,       0.1875680,
 -11000.0000000,  -12000.0000000,
     -0.2986880,      -0.0140574,       0.1872436,
 -11000.0000000,  -12000.0000000,
     -0.3125546,      -0.0417906,       0.1882167,
 -11000.0000000,  -12000.0000000,
     -0.2862810,       0.0056478,       0.1878923,
 -11000.0000000,  -12000.0000000,
     -0.2884705,      -0.0162469,       0.1872436,
 -11000.0000000,  -12000.0000000,
     -0.3118248,      -0.0147872,       0.1878923,
 -11000.0000000,  -12000.0000000,
     -0.2884705,       0.0019987,       0.1878923,
 -11000.0000000,  -12000.0000000,
     -0.3286107,      -0.0147872,       0.1875680,
 -11000.0000000,  -12000.0000000,
     -0.2636565,       0.0056478,       0.1875680,
 -11000.0000000,  -12000.0000000,
     -0.2454110,      -0.0016504,       0.1875680,
 -11000.0000000,  -12000.0000000,
     -0.2870108,      -0.0242749,       0.1878923,
 -11000.0000000,  -12000.0000000,
     -0.3286107,       0.0005390,       0.1875680,
 -11000.0000000,  -12000.0000000,
     -0.2935792,      -0.0337626,       0.1872436,
 -11000.0000000,  -12000.0000000,
     -0.3191230,      -0.0067592,       0.1878923,
 -11000.0000000,  -12000.0000000,
     -0.3089055,       0.0012689,       0.1875680,
 -11000.0000000,  -12000.0000000,
     -0.2935792,       0.0107566,       0.1875680,
 -11000.0000000,  -12000.0000000,
     -0.2979582,      -0.0206258,       0.1878923,
 -11000.0000000,  -12000.0000000,
     -0.2862810,      -0.0206258,       0.1878923,
 -11000.0000000,  -12000.0000000,
     -0.2877406,      -0.0198960,       0.1872436,
 -11000.0000000,  -12000.0000000,
     -0.2986880,      -0.0352222,       0.1875680,
 -11000.0000000,  -12000.0000000,
     -0.2760635,      -0.0133276,       0.1875680,
 -11000.0000000,  -12000.0000000,
     -0.3118248,      -0.0257345,       0.1878923,
 -11000.0000000,  -12000.0000000,
     -0.3147441,      -0.0074890,       0.1878923,
 -11000.0000000,  -12000.0000000,
     -0.2680355,       0.0092969,       0.1875680,
 -11000.0000000,  -12000.0000000,
     -0.2862810,      -0.0330328,       0.1875680,
 -11000.0000000,  -12000.0000000,
     -0.2775231,       0.0297319,       0.1875680,
 -11000.0000000,  -12000.0000000,
     -0.3380984,      -0.0155170,       0.1878923,
 -11000.0000000,  -12000.0000000,
     -0.2899301,       0.0071074,       0.1878923,
 -11000.0000000,  -12000.0000000,
     -0.2746039,      -0.0125977,       0.1875680,
 -11000.0000000,  -12000.0000000,
     -0.2972283,      -0.0206258,       0.1875680,
 -11000.0000000,  -12000.0000000,
     -0.3249616,      -0.0323029,       0.1875680,
 -11000.0000000,  -12000.0000000,
     -0.2972283,      -0.0125977,       0.1875680,
 -11000.0000000,  -12000.0000000,
     -0.3001476,      -0.0052995,       0.1878923,
 -11000.0000000,  -12000.0000000,
     -0.3096353,      -0.0184363,       0.1882167,
 -11000.0000000,  -12000.0000000,
     -0.2913898,       0.0195144,       0.1872436,
 -11000.0000000,  -12000.0000000,
     -0.2979582,       0.0224337,       0.1872436,
 -11000.0000000,  -12000.0000000,
     -0.2870108,       0.0100267,       0.1878923,
 -11000.0000000,  -12000.0000000,
     -0.3030669,      -0.0147872,       0.1875680,
 -11000.0000000,  -12000.0000000,
     -0.3483159,       0.0209741,       0.1878923,
 -11000.0000000,  -12000.0000000,
     -0.3001476,      -0.0359521,       0.1875680,
 -11000.0000000,  -12000.0000000,
     -0.2731442,      -0.0250047,       0.1875680,
 -11000.0000000,  -12000.0000000,
     -0.2819021,      -0.0359521,       0.1875680,
 -11000.0000000,  -12000.0000000,
     -0.2840915,      -0.0271942,       0.1878923,
 -11000.0000000,  -12000.0000000,
     -0.3256914,      -0.0052995,       0.1875680,
 -11000.0000000,  -12000.0000000,
     -0.3140142,      -0.0461696,       0.1878923,
 -11000.0000000,  -12000.0000000,
     -0.2913898,      -0.0242749,       0.1875680,
 -11000.0000000,  -12000.0000000,
     -0.2789828,      -0.0177065,       0.1872436,
 -11000.0000000,  -12000.0000000,
     -0.3103651,      -0.0257345,       0.1875680,
 -11000.0000000,  -12000.0000000,
     -0.2906599,      -0.0257345,       0.1878923,
 -11000.0000000,  -12000.0000000,
     -0.2775231,      -0.0235451,       0.1872436,
 -11000.0000000,  -12000.0000000,
     -0.2702249,      -0.0381415,       0.1878923,
 -11000.0000000,  -12000.0000000,
     -0.2906599,       0.0012689,       0.1875680,
 -11000.0000000,  -12000.0000000,
     -0.2892003,      -0.0206258,       0.1878923,
 -11000.0000000,  -12000.0000000,
     -0.2731442,      -0.0045697,       0.1875680,
 -11000.0000000,  -12000.0000000,
     -0.3103651,      -0.0549274,       0.1875680,
 -11000.0000000,  -12000.0000000,
     -0.3030669,      -0.0235451,       0.1875680,
 -11000.0000000,  -12000.0000000,
     -0.3096353,      -0.0191661,       0.1875680,
 -11000.0000000,  -12000.0000000,
     -0.3132844,      -0.0242749,       0.1878923,
 -11000.0000000,  -12000.0000000,
     -0.3059862,      -0.0147872,       0.1875680,
 -11000.0000000,  -12000.0000000,
     -0.2906599,      -0.0242749,       0.1875680,
 -11000.0000000,  -12000.0000000,
     -0.3096353,      -0.0439801,       0.1875680,
 -11000.0000000,  -12000.0000000,
     -0.3023371,      -0.0147872,       0.1875680,
 -11000.0000000,  -12000.0000000,
     -0.2724144,      -0.0052995,       0.1875680,
 -11000.0000000,  -12000.0000000,
     -0.2840915,      -0.0184363,       0.1875680,
 -11000.0000000,  -12000.0000000,
     -0.3264212,      -0.0198960,       0.1875680,
 -11000.0000000,  -12000.0000000,
     -0.3344493,      -0.0330328,       0.1872436,
 -11000.0000000,  -12000.0000000,
     -0.2913898,      -0.0344924,       0.1875680,
 -11000.0000000,  -12000.0000000,
     -0.2877406,      -0.0155170,       0.1878923,
 -11000.0000000,  -12000.0000000,
     -0.3096353,      -0.0074890,       0.1872436,
 -11000.0000000,  -12000.0000000,
     -0.3037967,      -0.0198960,       0.1875680,
 -11000.0000000,  -12000.0000000,
     -0.2899301,      -0.0264644,       0.1875680,
 -11000.0000000,  -12000.0000000,
     -0.3147441,      -0.0016504,       0.1872436,
 -11000.0000000,  -12000.0000000,
     -0.3067160,      -0.0206258,       0.1875680,
 -11000.0000000,  -12000.0000000,
     -0.2819021,      -0.0118679,       0.1878923,
 -11000.0000000,  -12000.0000000,
