      0.0290021,       0.0976054,       0.2209776,
 -10000.0000000,  -12000.0000000,
      0.0421389,       0.1267983,       0.2213020,
 -10000.0000000,  -12000.0000000,
      0.0633037,       0.1114720,       0.2209776,
 -10000.0000000,  -12000.0000000,
      0.0822791,       0.1158509,       0.2206532,
 -10000.0000000,  -12000.0000000,
      0.0742511,       0.1202299,       0.2213020,
 -10000.0000000,  -12000.0000000,
      0.0275425,       0.1238790,       0.2209776,
 -10000.0000000,  -12000.5000000,
      0.0662230,       0.1092825,       0.2206532,
 -10000.0000000,  -12002.0000000,
      0.0837388,       0.1399351,       0.2206532,
 -10000.0000000,  -12008.5000000,
      0.0392196,       0.1085527,       0.2206532,
 -10000.0000000,  -12015.5000000,
      0.0684125,       0.1070931,       0.2206532,
 -10000.0000000,  -12028.0000000,
      0.0056478,       0.1056334,       0.2216263,
 -10000.0000000,  -12038.5000000,
      0.0034583,       0.1136615,       0.2209776,
 -10000.0000000,  -12053.0000000,
      0.0866580,       0.1472333,       0.2206532,
 -10000.0000000,  -12071.5000000,
      0.0151355,       0.1253386,       0.2216263,
 -10000.0000000,  -12094.5000000,
      0.0866580,       0.0968756,       0.2222750,
 -10000.0000000,  -12118.0000000,
      0.0603845,       0.0866580,       0.2229238,
 -10000.0000000,  -12145.5000000,
      0.0757107,       0.1173106,       0.2232481,
 -10000.0000000,  -12167.0000000,
      0.0282723,       0.0523564,       0.2248700,
 -10000.0000000,  -12204.5000000,
      0.0633037,       0.1100124,       0.2242212,
 -10000.0000000,  -12230.0000000,
      0.0508968,       0.0720616,       0.2258431,
 -10000.0000000,  -12269.5000000,
      0.0355705,       0.0961457,       0.2268162,
 -10000.0000000,  -12303.0000000,
      0.0224337,       0.0888475,       0.2284380,
 -10000.0000000,  -12343.5000000,
     -0.0432503,       0.0465178,       0.2297354,
 -10000.0000000,  -12396.0000000,
      0.0202442,       0.1070931,       0.2310329,
 -10000.0000000,  -12431.5000000,
     -0.0198960,       0.0275425,       0.2358984,
 -10000.0000000,  -12479.5000000,
     -0.0541976,       0.0589248,       0.2384933,
 -10000.0000000,  -12529.5000000,
     -0.0709835,       0.0085671,       0.2436832,
 -10000.0000000,  -12588.0000000,
     -0.0753624,       0.0494371,       0.2482243,
 -10000.0000000,  -12637.5000000,
     -0.1308289,       0.0370301,       0.2543872,
 -10000.0000000,  -12708.0000000,
     -0.1395868,       0.0114864,       0.2611989,
 -10000.0000000,  -12755.5000000,
     -0.1614814,       0.0202442,       0.2676862,
 -10000.0000000,  -12832.0000000,
     -0.1505341,       0.0377600,       0.2754710,
 -10000.0000000,  -12883.0000000,
     -0.1541832,       0.0275425,       0.2822826,
 -10000.0000000,  -12962.0000000,
     -0.1483446,       0.0363003,       0.2903918,
 -10000.0000000,  -13037.0000000,
     -0.1213412,       0.0523564,       0.2978522,
 -10000.0000000,  -13110.5000000,
     -0.1111237,       0.0523564,       0.3023933,
 -10000.0000000,  -13169.5000000,
     -0.1140430,       0.0560055,       0.3088806,
 -10000.0000000,  -13247.0000000,
     -0.0972571,       0.0735213,       0.3127730,
 -10000.0000000,  -13345.5000000,
     -0.0563871,       0.0640336,       0.3182872,
 -10000.0000000,  -13410.5000000,
     -0.0571169,       0.0983352,       0.3221796,
 -10000.0000000,  -13514.5000000,
     -0.0147872,       0.0735213,       0.3260720,
 -10000.0000000,  -13583.5000000,
     -0.0162469,       0.0808195,       0.3296400,
 -10000.0000000,  -13693.5000000,
     -0.0155170,       0.1392052,       0.3322349,
 -10000.0000000,  -13766.5000000,
      0.0457880,       0.1231491,       0.3361273,
 -10000.0000000,  -13883.0000000,
      0.0253530,       0.1399351,       0.3377491,
 -10000.0000000,  -13960.0000000,
      0.0603845,       0.1640192,       0.3380735,
 -10000.0000000,  -14060.0000000,
      0.0684125,       0.1501526,       0.3364516,
 -10000.0000000,  -14162.5000000,
      0.0611143,       0.1910226,       0.3345055,
 -10000.0000000,  -14291.0000000,
      0.0384898,       0.1669385,       0.3306131,
 -10000.0000000,  -14375.5000000,
      0.0297319,       0.2114576,       0.3270451,
 -10000.0000000,  -14510.5000000,
      0.0487073,       0.1844542,       0.3218552,
 -10000.0000000,  -14599.0000000,
      0.0078373,       0.1895630,       0.3166654,
 -10000.0000000,  -14739.5000000,
      0.0012689,       0.2041594,       0.3121242,
 -10000.0000000,  -14831.5000000,
     -0.0089486,       0.1997805,       0.3069344,
 -10000.0000000,  -14952.0000000,
     -0.0213556,       0.2224049,       0.2997984,
 -10000.0000000,  -15102.0000000,
     -0.0308433,       0.2121874,       0.2920136,
 -10000.0000000,  -15200.0000000,
     -0.0760923,       0.2070787,       0.2845532,
 -10000.0000000,  -15328.0000000,
     -0.1089343,       0.2151067,       0.2770928,
 -10000.0000000,  -15487.0000000,
     -0.0906887,       0.2026997,       0.2702811,
 -10000.0000000,  -15591.0000000,
     -0.1030957,       0.2070787,       0.2624963,
 -10000.0000000,  -15756.5000000,
     -0.1271798,       0.2165664,       0.2537385,
 -10000.0000000,  -15895.0000000,
     -0.1111237,       0.2384610,       0.2466024,
 -10000.0000000,  -16005.0000000,
     -0.1038255,       0.2165664,       0.2391420,
 -10000.0000000,  -16179.0000000,
      0.0071074,       0.1713174,       0.2320060,
 -10000.0000000,  -16292.5000000,
     -0.0490888,       0.1727770,       0.2261674,
 -10000.0000000,  -16464.0000000,
     -0.0096785,       0.1348263,       0.2216263,
 -10000.0000000,  -16623.5000000,
      0.0333810,       0.1559911,       0.2151390,
 -10000.0000000,  -16777.0000000,
     -0.0060293,       0.1530719,       0.2164365,
 -10000.0000000,  -16898.5000000,
      0.0341109,       0.1968612,       0.2170852,
 -10000.0000000,  -17091.0000000,
      0.0487073,       0.1494227,       0.2151390,
 -10000.0000000,  -17216.5000000,
      0.0049180,       0.1406649,       0.2128685,
 -10000.0000000,  -17379.0000000,
      0.0363003,       0.1494227,       0.2112466,
 -10000.0000000,  -17580.5000000,
      0.0815493,       0.1705876,       0.2099492,
 -10000.0000000,  -17712.0000000,
      0.0268126,       0.1092825,       0.2096248,
 -10000.0000000,  -17882.5000000,
      0.0757107,       0.1158509,       0.2089761,
 -10000.0000000,  -18093.5000000,
      0.0107566,       0.0866580,       0.2083273,
 -10000.0000000,  -18231.0000000,
      0.0085671,       0.1355561,       0.2099492,
 -10000.0000000,  -18448.0000000,
      0.0019987,       0.1187702,       0.2102735,
 -10000.0000000,  -18589.5000000,
      0.0414091,       0.1297175,       0.2076786,
 -10000.0000000,  -18812.0000000,
     -0.0155170,       0.1049036,       0.2096248,
 -10000.0000000,  -18957.5000000,
      0.0727914,       0.0976054,       0.2115710,
 -10000.0000000,  -19165.0000000,
      0.0538161,       0.0910370,       0.2109223,
 -10000.0000000,  -19335.0000000,
      0.0063776,       0.0917668,       0.2118954,
 -10000.0000000,  -19580.5000000,
      0.0538161,       0.1180404,       0.2115710,
 -10000.0000000,  -19766.0000000,
      0.0136758,       0.0735213,       0.2109223,
 -10000.0000000,  -19964.5000000,
      0.0071074,       0.1158509,       0.2093004,
 -10000.0000000,  -20121.5000000,
      0.0392196,       0.1012545,       0.2093004,
 -10000.0000000,  -20369.0000000,
     -0.0104083,       0.0494371,       0.2070299,
 -10000.0000000,  -20506.5000000,
      0.0290021,       0.1311772,       0.2028131,
 -10000.0000000,  -20782.5000000,
      0.0472477,       0.0764405,       0.2080030,
 -10000.0000000,  -20947.0000000,
     -0.0023802,       0.0669529,       0.2086517,
 -10000.0000000,  -21194.5000000,
     -0.0074890,       0.1085527,       0.2083273,
 -10000.0000000,  -21422.0000000,
      0.0428687,       0.0779002,       0.2089761,
 -10000.0000000,  -21640.0000000,
      0.0041882,       0.0341109,       0.2086517,
 -10000.0000000,  -21812.5000000,
      0.0735213,       0.0749809,       0.2086517,
 -10000.0000000,  -22084.0000000,
      0.0618441,       0.0581950,       0.2073542,
 -10000.0000000,  -22260.5000000,
      0.0180548,       0.0596546,       0.2073542,
 -10000.0000000,  -22462.5000000,
      0.0706020,       0.0501669,       0.2073542,
 -10000.0000000,  -22767.5000000,
      0.0217039,       0.0560055,       0.2050837,
 -10000.0000000,  -22923.0000000,
     -0.0125977,       0.0523564,       0.2037862,
 -10000.0000000,  -23236.0000000,
      0.0530862,       0.0341109,       0.2047593,
 -10000.0000000,  -23420.0000000,
     -0.0023802,       0.0333810,       0.2050837,
 -10000.0000000,  -23706.0000000,
      0.0246232,       0.0384898,       0.2050837,
 -10000.0000000,  -23863.5000000,
      0.0326512,       0.0406793,       0.2044350,
 -10000.0000000,  -24176.5000000,
     -0.0038399,       0.0472477,       0.2037862,
 -10000.0000000,  -24334.0000000,
      0.0209741,       0.0019987,       0.2031375,
 -10000.0000000,  -24647.0000000,
     -0.0118679,       0.0165951,       0.2021644,
 -10000.0000000,  -24804.0000000,
      0.0290021,       0.0071074,       0.2034619,
 -10000.0000000,  -25117.0000000,
      0.0122162,      -0.0629555,       0.2037862,
 -10000.0000000,  -25274.5000000,
     -0.0877694,      -0.0439801,       0.2063811,
 -10000.0000000,  -25587.5000000,
     -0.1096641,      -0.0271942,       0.2076786,
 -10000.0000000,  -25744.5000000,
     -0.1592920,      -0.0067592,       0.2083273,
 -10000.0000000,  -26057.5000000,
     -0.1965129,       0.0165951,       0.2083273,
 -10000.0000000,  -26215.0000000,
     -0.1811866,      -0.0045697,       0.2060568,
 -10000.0000000,  -26450.0000000,
     -0.1965129,       0.0041882,       0.2067055,
 -10000.0000000,  -26762.0000000,
     -0.1811866,      -0.0104083,       0.2057324,
 -10000.0000000,  -26945.5000000,
     -0.1855656,      -0.0651449,       0.2050837,
 -10000.0000000,  -27232.0000000,
     -0.1724288,      -0.0279240,       0.2067055,
 -10000.0000000,  -27416.0000000,
     -0.1644007,      -0.0607660,       0.2089761,
 -10000.0000000,  -27676.0000000,
     -0.1498043,      -0.0673344,       0.2083273,
 -10000.0000000,  -27859.5000000,
     -0.1819165,      -0.0739028,       0.2089761,
 -10000.0000000,  -28173.0000000,
     -0.1373973,      -0.0746326,       0.2083273,
 -10000.0000000,  -28330.0000000,
     -0.1417762,      -0.0782817,       0.2086517,
 -10000.0000000,  -28643.0000000,
     -0.1155027,      -0.0629555,       0.2073542,
 -10000.0000000,  -28800.0000000,
     -0.1315587,      -0.0826607,       0.2073542,
 -10000.0000000,  -29113.0000000,
     -0.1074746,      -0.0396012,       0.2067055,
 -10000.0000000,  -29297.0000000,
     -0.1549130,      -0.0651449,       0.2060568,
 -10000.0000000,  -29583.5000000,
     -0.1191518,      -0.1009062,       0.2021644,
 -10000.0000000,  -29741.0000000,
     -0.1556429,      -0.1228009,       0.2057324,
 -10000.0000000,  -30054.0000000,
     -0.1249903,      -0.1220711,       0.2047593,
 -10000.0000000,  -30211.5000000,
     -0.1162325,      -0.1206114,       0.2057324,
 -10000.0000000,  -30524.5000000,
     -0.0812010,      -0.1315587,       0.2067055,
 -10000.0000000,  -30681.5000000,
     -0.1235307,      -0.1242605,       0.2067055,
 -10000.0000000,  -30993.0000000,
     -0.1432359,      -0.1461552,       0.2076786,
 -10000.0000000,  -31150.5000000,
     -0.1373973,      -0.1804568,       0.2080030,
 -10000.0000000,  -31463.5000000,
     -0.1709691,      -0.1607516,       0.2073542,
 -10000.0000000,  -31647.5000000,
     -0.1614814,      -0.1658604,       0.2080030,
 -10000.0000000,  -31934.0000000,
     -0.1702393,      -0.1775375,       0.2080030,
 -10000.0000000,  -32091.0000000,
     -0.1833761,      -0.2008918,       0.2080030,
 -10000.0000000,  -32378.0000000,
     -0.1541832,      -0.1833761,       0.2089761,
 -10000.0000000,  -32561.5000000,
     -0.1855656,      -0.1775375,       0.2080030,
 -10000.0000000,  -32874.0000000,
     -0.1680498,      -0.1921340,       0.2089761,
 -10000.0000000,  -33031.5000000,
     -0.1819165,      -0.1987024,       0.2089761,
 -10000.0000000,  -33344.5000000,
     -0.1644007,      -0.2067304,       0.2089761,
 -10000.0000000,  -33501.5000000,
     -0.1023659,      -0.2023515,       0.2093004,
 -10000.0000000,  -33815.0000000,
     -0.0950676,      -0.1994322,       0.2086517,
 -10000.0000000,  -33972.0000000,
     -0.1249903,      -0.2403022,       0.2076786,
 -10000.0000000,  -34285.5000000,
     -0.0563871,      -0.1811866,       0.2093004,
 -10000.0000000,  -34456.5000000,
     -0.0892291,      -0.1775375,       0.2083273,
 -10000.0000000,  -34690.0000000,
     -0.0877694,      -0.2030813,       0.2070299,
 -10000.0000000,  -34989.0000000,
     -0.0804712,      -0.2176777,       0.2083273,
 -10000.0000000,  -35146.5000000,
     -0.0848501,      -0.1943234,       0.2076786,
 -10000.0000000,  -35459.5000000,
     -0.1060150,      -0.2023515,       0.2067055,
 -10000.0000000,  -35617.0000000,
     -0.0534678,      -0.1454254,       0.2067055,
 -10000.0000000,  -35930.0000000,
     -0.0979869,      -0.1892147,       0.2067055,
 -10000.0000000,  -36087.5000000,
     -0.0819308,      -0.1498043,       0.2050837,
 -10000.0000000,  -36400.5000000,
     -0.0359521,      -0.1527236,       0.2031375,
 -10000.0000000,  -36571.5000000,
     -0.0571169,      -0.1585622,       0.2011913,
 -10000.0000000,  -36792.5000000,
     -0.0593064,      -0.1629411,       0.2028131,
 -10000.0000000,  -37092.5000000,
      0.0085671,      -0.1892147,       0.2021644,
 -10000.0000000,  -37340.5000000,
     -0.0052995,      -0.1892147,       0.2031375,
 -10000.0000000,  -37511.5000000,
      0.0939563,      -0.1819165,       0.2057324,
 -10000.0000000,  -37811.0000000,
      0.0749809,      -0.1549130,       0.2054080,
 -10000.0000000,  -37982.0000000,
      0.0684125,      -0.1395868,       0.2028131,
 -10000.0000000,  -38217.5000000,
      0.1421245,      -0.1147728,       0.2008669,
 -10000.0000000,  -38516.5000000,
      0.0983352,      -0.0870396,       0.1969746,
 -10000.0000000,  -38699.5000000,
      0.1516122,      -0.1213412,       0.1960015,
 -10000.0000000,  -38986.0000000,
      0.1180404,      -0.1600218,       0.1960015,
 -10000.0000000,  -39157.0000000,
      0.0173250,      -0.1709691,       0.1989207,
 -10000.0000000,  -39392.0000000,
      0.0939563,      -0.1461552,       0.2002182,
 -10000.0000000,  -39678.5000000,
      0.0508968,      -0.1191518,       0.1995695,
 -10000.0000000,  -39862.5000000,
      0.0085671,      -0.1001764,       0.1963258,
 -10000.0000000,  -40110.5000000,
     -0.0016504,      -0.1446955,       0.1960015,
 -10000.0000000,  -40397.0000000,
     -0.0155170,      -0.1498043,       0.1972989,
 -10000.0000000,  -40645.0000000,
     -0.0804712,      -0.1884849,       0.1982720,
 -10000.0000000,  -40829.0000000,
     -0.0746326,      -0.1665902,       0.1998938,
 -10000.0000000,  -41115.0000000,
     -0.0870396,      -0.1651306,       0.1998938,
 -10000.0000000,  -41337.5000000,
     -0.1476148,      -0.1862954,       0.2047593,
 -10000.0000000,  -41585.5000000,
     -0.1483446,      -0.1914041,       0.2070299,
 -10000.0000000,  -41769.5000000,
     -0.1592920,      -0.1979725,       0.2096248,
 -10000.0000000,  -42004.5000000,
     -0.1884849,      -0.1914041,       0.2122197,
 -10000.0000000,  -42213.0000000,
     -0.1498043,      -0.1841059,       0.2141659,
 -10000.0000000,  -42526.0000000,
     -0.1994322,      -0.1804568,       0.2148146,
 -10000.0000000,  -42709.0000000,
     -0.1709691,      -0.1534534,       0.2144903,
 -10000.0000000,  -42995.0000000,
     -0.1731586,      -0.1585622,       0.2131928,
 -10000.0000000,  -43165.0000000,
     -0.1833761,      -0.1366675,       0.2105979,
 -10000.0000000,  -43465.0000000,
     -0.1403166,      -0.1388570,       0.2037862,
 -10000.0000000,  -43649.5000000,
     -0.1286394,      -0.1476148,       0.2086517,
 -10000.0000000,  -43922.0000000,
     -0.1373973,      -0.1505341,       0.2083273,
 -10000.0000000,  -44158.0000000,
     -0.1483446,      -0.1366675,       0.2041106,
 -10000.0000000,  -44406.0000000,
     -0.1067448,      -0.1629411,       0.2083273,
 -10000.0000000,  -44590.0000000,
     -0.1388570,      -0.1855656,       0.2096248,
 -10000.0000000,  -44825.0000000,
     -0.1220711,      -0.1695095,       0.2109223,
 -10000.0000000,  -45084.5000000,
     -0.0928782,      -0.1972427,       0.2115710,
 -10000.0000000,  -45295.0000000,
     -0.1016360,      -0.1578323,       0.2118954,
 -10000.0000000,  -45581.5000000,
     -0.0731730,      -0.1906743,       0.2115710,
 -10000.0000000,  -45765.5000000,
     -0.0563871,      -0.1556429,       0.2096248,
 -10000.0000000,  -46000.5000000,
     -0.0644151,      -0.1519938,       0.2080030,
 -10000.0000000,  -46274.5000000,
     -0.0505485,      -0.1352078,       0.2060568,
 -10000.0000000,  -46471.0000000,
     -0.0140574,      -0.1191518,       0.2060568,
 -10000.0000000,  -46756.0000000,
     -0.0235451,      -0.1476148,       0.2047593,
 -10000.0000000,  -46926.0000000,
     -0.0359521,      -0.1381271,       0.2037862,
 -10000.0000000,  -47226.5000000,
     -0.0461696,      -0.1344780,       0.2024888,
 -10000.0000000,  -47461.5000000,
     -0.0768221,      -0.1111237,       0.2018400,
 -10000.0000000,  -47645.5000000,
     -0.0147872,      -0.1133132,       0.2011913,
 -10000.0000000,  -47932.0000000,
     -0.0461696,      -0.0972571,       0.1976233,
 -10000.0000000,  -48089.0000000,
     -0.0505485,      -0.1176921,       0.1972989,
 -10000.0000000,  -48402.0000000,
     -0.0753624,      -0.1359377,       0.1979476,
 -10000.0000000,  -48586.0000000,
     -0.0447099,      -0.1038255,       0.1972989,
 -10000.0000000,  -48859.5000000,
     -0.0388713,      -0.1162325,       0.1969746,
 -10000.0000000,  -49107.5000000,
     -0.0680642,      -0.1381271,       0.1979476,
 -10000.0000000,  -49291.5000000,
     -0.0746326,      -0.1045553,       0.1989207,
 -10000.0000000,  -49577.5000000,
     -0.0600362,      -0.1009062,       0.1989207,
 -10000.0000000,  -49761.5000000,
     -0.1045553,      -0.1198816,       0.1998938,
 -10000.0000000,  -50048.0000000,
     -0.1220711,      -0.1045553,       0.2008669,
 -10000.0000000,  -50232.0000000,
     -0.1235307,      -0.1388570,       0.1998938,
 -10000.0000000,  -50518.5000000,
     -0.1461552,      -0.1038255,       0.1982720,
 -10000.0000000,  -50675.5000000,
     -0.1352078,      -0.0957975,       0.1982720,
 -10000.0000000,  -50936.0000000,
     -0.1125834,      -0.1264500,       0.1982720,
 -10000.0000000,  -51171.5000000,
     -0.2089199,      -0.1023659,       0.1976233,
 -10000.0000000,  -51457.5000000,
     -0.2103795,      -0.1176921,       0.2008669,
 -10000.0000000,  -51641.5000000,
     -0.1957831,      -0.1184219,       0.2021644,
 -10000.0000000,  -51928.0000000,
     -0.1512639,      -0.1279096,       0.2028131,
 -10000.0000000,  -52112.0000000,
     -0.1789972,      -0.1425061,       0.2047593,
 -10000.0000000,  -52398.5000000,
     -0.1892147,      -0.1074746,       0.2057324,
 -10000.0000000,  -52582.5000000,
     -0.1768077,      -0.1330184,       0.2067055,
 -10000.0000000,  -52868.5000000,
     -0.1702393,      -0.1622113,       0.2070299,
 -10000.0000000,  -53052.5000000,
     -0.1957831,      -0.1016360,       0.2060568,
 -10000.0000000,  -53338.5000000,
     -0.1716989,      -0.0979869,       0.2080030,
 -10000.0000000,  -53522.5000000,
     -0.1892147,      -0.1381271,       0.2112466,
 -10000.0000000,  -53745.0000000,
     -0.1527236,      -0.1425061,       0.2135172,
 -10000.0000000,  -53993.0000000,
     -0.1994322,      -0.1271798,       0.2157877,
 -10000.0000000,  -54279.5000000,
     -0.1862954,      -0.1549130,       0.2183827,
 -10000.0000000,  -54463.5000000,
     -0.1381271,      -0.1257202,       0.2183827,
 -10000.0000000,  -54697.5000000,
     -0.1476148,      -0.1016360,       0.2193558,
 -10000.0000000,  -54983.5000000,
     -0.1293693,      -0.1133132,       0.2190314,
 -10000.0000000,  -55218.5000000,
     -0.0870396,      -0.1089343,       0.2190314,
 -10000.0000000,  -55402.5000000,
     -0.0863098,      -0.1198816,       0.2183827,
 -10000.0000000,  -55676.0000000,
     -0.0425205,      -0.0950676,       0.2180583,
 -10000.0000000,  -55911.5000000,
     -0.0556572,      -0.0848501,       0.2177339,
 -10000.0000000,  -56159.5000000,
     -0.0906887,      -0.0797414,       0.2170852,
 -10000.0000000,  -56343.5000000,
     -0.0549274,      -0.0870396,       0.2170852,
 -10000.0000000,  -56629.5000000,
     -0.0804712,      -0.0833905,       0.2174096,
 -10000.0000000,  -56813.5000000,
     -0.1016360,      -0.0848501,       0.2164365,
 -10000.0000000,  -57099.5000000,
     -0.1169623,      -0.0826607,       0.2164365,
 -10000.0000000,  -57283.5000000,
     -0.1111237,      -0.0833905,       0.2151390,
 -10000.0000000,  -57557.5000000,
     -0.1264500,      -0.0899589,       0.2157877,
 -10000.0000000,  -57805.0000000,
     -0.1096641,      -0.0775519,       0.2141659,
 -10000.0000000,  -57989.0000000,
     -0.1315587,      -0.0702537,       0.2148146,
 -10000.0000000,  -58263.0000000,
     -0.2154883,      -0.0717133,       0.2141659,
 -10000.0000000,  -58498.0000000,
     -0.1622113,      -0.1030957,       0.2141659,
 -10000.0000000,  -58693.5000000,
     -0.1753481,      -0.0417906,       0.2148146,
 -10000.0000000,  -58979.5000000,
     -0.1826463,      -0.0899589,       0.2157877,
 -10000.0000000,  -59163.5000000,
     -0.1884849,      -0.1016360,       0.2154634,
 -10000.0000000,  -59450.0000000,
     -0.2461408,      -0.0644151,       0.2161121,
 -10000.0000000,  -59634.0000000,
     -0.2111093,      -0.0695239,       0.2157877,
 -10000.0000000,  -59907.5000000,
     -0.1709691,      -0.0658748,       0.2161121,
 -10000.0000000,  -60143.0000000,
     -0.2125690,      -0.0461696,       0.2154634,
 -10000.0000000,  -60391.0000000,
     -0.1352078,      -0.0950676,       0.2157877,
 -10000.0000000,  -60574.5000000,
     -0.1768077,      -0.0330328,       0.2144903,
 -10000.0000000,  -60809.5000000,
     -0.1629411,      -0.0323029,       0.2144903,
 -10000.0000000,  -61032.0000000,
     -0.2038111,      -0.0315731,       0.2135172,
 -10000.0000000,  -61280.0000000,
     -0.2476004,      -0.0045697,       0.2128685,
 -10000.0000000,  -61540.0000000,
     -0.2592776,      -0.0133276,       0.2115710,
 -10000.0000000,  -61750.0000000,
     -0.3096353,       0.0253530,       0.2089761,
 -10000.0000000,  -62036.5000000,
     -0.2994178,      -0.0074890,       0.2060568,
 -10000.0000000,  -62194.0000000,
     -0.2811723,       0.0253530,       0.2034619,
 -10000.0000000,  -62480.5000000,
     -0.2548987,       0.0545459,       0.2018400,
 -10000.0000000,  -62677.0000000,
     -0.3147441,       0.0669529,       0.1982720,
 -10000.0000000,  -62963.0000000,
     -0.2600074,       0.0698721,       0.1979476,
 -10000.0000000,  -63184.5000000,
     -0.2220567,       0.0757107,       0.1950284,
 -10000.0000000,  -63420.0000000,
     -0.1446955,       0.0917668,       0.1901629,
 -10000.0000000,  -63655.0000000,
     -0.0410608,       0.0706020,       0.1882167,
 -10000.0000000,  -63852.5000000,
     -0.0359521,       0.0808195,       0.1878923,
 -10000.0000000,  -64100.5000000,
     -0.0468994,       0.0479775,       0.1885411,
 -10000.0000000,  -64336.0000000,
     -0.0286538,       0.0742511,       0.1882167,
 -10000.0000000,  -64544.5000000,
     -0.0563871,       0.1413947,       0.1856218,
 -10000.0000000,  -64844.0000000,
     -0.0505485,       0.1618297,       0.1833512,
 -10000.0000000,  -65028.0000000,
     -0.1468850,       0.0779002,       0.1849730,
 -10000.0000000,  -65276.0000000,
     -0.1673200,      -0.0396012,       0.1911360,
 -10000.0000000,  -65536.0000000,
     -0.1563727,      -0.0644151,       0.1998938,
 -10000.0000000,  -65733.5000000,
     -0.1731586,      -0.0520081,       0.2021644,
 -10000.0000000,  -65981.5000000,
     -0.2147584,      -0.0782817,       0.2086517,
 -10000.0000000,  -66217.0000000,
     -0.1658604,      -0.0622256,       0.2131928,
 -10000.0000000,  -66477.0000000,
     -0.1592920,      -0.0082188,       0.2135172,
 -10000.0000000,  -66712.0000000,
     -0.1935936,      -0.0082188,       0.2131928,
 -10000.0000000,  -66959.5000000,
     -0.1578323,      -0.0191661,       0.2125441,
 -10000.0000000,  -67156.0000000,
     -0.2103795,      -0.0155170,       0.2125441,
 -10000.0000000,  -67416.0000000,
     -0.2300847,      -0.0235451,       0.2118954,
 -10000.0000000,  -67626.5000000,
     -0.1877550,       0.0114864,       0.2115710,
 -10000.0000000,  -67861.5000000,
     -0.1841059,      -0.0052995,       0.2115710,
 -10000.0000000,  -68097.0000000,
     -0.1870252,       0.0027285,       0.2109223,
 -10000.0000000,  -68370.5000000,
     -0.2038111,       0.0063776,       0.2109223,
 -10000.0000000,  -68567.0000000,
     -0.2089199,       0.0377600,       0.2112466,
 -10000.0000000,  -68789.0000000,
     -0.2096497,       0.0282723,       0.2115710,
 -10000.0000000,  -69062.0000000,
     -0.2293549,       0.0158653,       0.2118954,
 -10000.0000000,  -69272.5000000,
     -0.2454110,       0.0041882,       0.2118954,
 -10000.0000000,  -69546.0000000,
     -0.2746039,       0.0049180,       0.2122197,
 -10000.0000000,  -69742.5000000,
     -0.2658460,       0.0129460,       0.2093004,
 -10000.0000000,  -70016.5000000,
     -0.2687653,      -0.0089486,       0.2135172,
 -10000.0000000,  -70186.5000000,
     -0.2519794,       0.0421389,       0.2141659,
 -10000.0000000,  -70473.0000000,
     -0.3286107,       0.0136758,       0.2141659,
 -10000.0000000,  -70708.0000000,
     -0.2950389,      -0.0009206,       0.2148146,
 -10000.0000000,  -70917.0000000,
     -0.2468706,       0.0297319,       0.2154634,
 -10000.0000000,  -71152.0000000,
     -0.2972283,       0.0209741,       0.2154634,
 -10000.0000000,  -71426.0000000,
     -0.2950389,       0.0158653,       0.2157877,
 -10000.0000000,  -71622.5000000,
     -0.2468706,       0.0253530,       0.2157877,
 -10000.0000000,  -71857.5000000,
     -0.2892003,       0.0560055,       0.2161121,
 -10000.0000000,  -72118.0000000,
     -0.2490601,       0.0370301,       0.2157877,
 -10000.0000000,  -72366.5000000,
     -0.2826319,       0.0377600,       0.2154634,
 -10000.0000000,  -72588.0000000,
     -0.2848214,       0.0457880,       0.2170852,
 -10000.0000000,  -72798.0000000,
     -0.2775231,       0.0523564,       0.2177339,
 -10000.0000000,  -73058.0000000,
     -0.2760635,       0.0290021,       0.2183827,
 -10000.0000000,  -73268.5000000,
     -0.2694951,       0.0282723,       0.2190314,
 -10000.0000000,  -73503.5000000,
     -0.2585478,       0.0421389,       0.2196801,
 -10000.0000000,  -73738.5000000,
     -0.2950389,       0.0253530,       0.2167608,
 -10000.0000000,  -74012.5000000,
     -0.2804424,       0.0501669,       0.2200045,
 -10000.0000000,  -74209.0000000,
     -0.3052564,       0.0326512,       0.2206532,
 -10000.0000000,  -74483.0000000,
     -0.2680355,       0.0669529,       0.2209776,
 -10000.0000000,  -74678.0000000,
     -0.2957687,       0.0560055,       0.2213020,
 -10000.0000000,  -74938.0000000,
     -0.3037967,       0.0516266,       0.2209776,
 -10000.0000000,  -75148.5000000,
     -0.2709547,       0.0574652,       0.2203289,
 -10000.0000000,  -75408.5000000,
     -0.2709547,       0.0589248,       0.2209776,
 -10000.0000000,  -75618.5000000,
     -0.2694951,       0.0662230,       0.2200045,
 -10000.0000000,  -75878.5000000,
     -0.1950533,       0.0538161,       0.2200045,
 -10000.0000000,  -76089.0000000,
     -0.2446812,       0.0976054,       0.2200045,
 -10000.0000000,  -76349.0000000,
     -0.2658460,       0.0727914,       0.2193558,
 -10000.0000000,  -76559.5000000,
     -0.2315444,       0.0647634,       0.2190314,
 -10000.0000000,  -76833.0000000,
     -0.2578179,       0.0640336,       0.2170852,
 -10000.0000000,  -77041.5000000,
     -0.2643863,       0.0457880,       0.2187070,
 -10000.0000000,  -77264.5000000,
     -0.2322742,       0.0735213,       0.2157877,
 -10000.0000000,  -77524.5000000,
     -0.2322742,       0.0983352,       0.2167608,
 -10000.0000000,  -77773.5000000,
     -0.2322742,       0.1180404,       0.2144903,
 -10000.0000000,  -77970.0000000,
     -0.2373829,       0.1202299,       0.2131928,
 -10000.0000000,  -78192.5000000,
     -0.2257058,       0.1143913,       0.2122197,
 -10000.0000000,  -78479.0000000,
     -0.2154883,       0.1005247,       0.2105979,
 -10000.0000000,  -78649.0000000,
     -0.1695095,       0.0757107,       0.2096248,
 -10000.0000000,  -78921.0000000,
     -0.2118392,       0.0924966,       0.2109223,
 -10000.0000000,  -79183.0000000,
     -0.2081900,       0.0501669,       0.2115710,
 -10000.0000000,  -79379.5000000,
     -0.1979725,       0.0866580,       0.2128685,
 -10000.0000000,  -79614.5000000,
     -0.2643863,       0.0822791,       0.2128685,
 -10000.0000000,  -79901.5000000,
     -0.2381128,       0.1056334,       0.2125441,
 -10000.0000000,  -80058.5000000,
     -0.2563583,       0.0954159,       0.2125441,
 -10000.0000000,  -80320.5000000,
     -0.2629267,       0.0954159,       0.2122197,
 -10000.0000000,  -80594.0000000,
     -0.3132844,       0.1275281,       0.2125441,
 -10000.0000000,  -80764.0000000,
     -0.2505197,       0.0859282,       0.2131928,
 -10000.0000000,  -81025.5000000,
     -0.2731442,       0.0888475,       0.2122197,
 -10000.0000000,  -81299.5000000,
     -0.2592776,       0.1034440,       0.2125441,
 -10000.0000000,  -81469.5000000,
     -0.2636565,       0.0917668,       0.2118954,
 -10000.0000000,  -81743.0000000,
     -0.2585478,       0.0939563,       0.2112466,
 -10000.0000000,  -81953.5000000,
     -0.2746039,       0.1027141,       0.2115710,
 -10000.0000000,  -82240.0000000,
     -0.2673056,       0.1267983,       0.2102735,
 -10000.0000000,  -82410.0000000,
     -0.2855512,       0.1282579,       0.2102735,
 -10000.0000000,  -82709.0000000,
     -0.2592776,       0.1275281,       0.2102735,
 -10000.0000000,  -82905.5000000,
     -0.2483303,       0.1100124,       0.2099492,
 -10000.0000000,  -83179.5000000,
     -0.3081757,       0.1340965,       0.2096248,
 -10000.0000000,  -83363.0000000,
     -0.2833617,       0.1165808,       0.2102735,
 -10000.0000000,  -83649.5000000,
     -0.3103651,       0.1275281,       0.2089761,
 -10000.0000000,  -83819.5000000,
     -0.2964985,       0.0924966,       0.2089761,
 -10000.0000000,  -84093.5000000,
     -0.3140142,       0.1530719,       0.2076786,
 -10000.0000000,  -84290.0000000,
     -0.3410177,       0.1523420,       0.2054080,
 -10000.0000000,  -84590.5000000,
     -0.2986880,       0.1465035,       0.2044350,
 -10000.0000000,  -84774.0000000,
     -0.3001476,       0.1632894,       0.2028131,
 -10000.0000000,  -85060.5000000,
     -0.3110950,       0.1406649,       0.2021644,
 -10000.0000000,  -85230.5000000,
     -0.2789828,       0.1428543,       0.2028131,
 -10000.0000000,  -85530.5000000,
     -0.2665758,       0.1202299,       0.2031375,
 -10000.0000000,  -85727.0000000,
     -0.3023371,       0.1465035,       0.2047593,
 -10000.0000000,  -86001.0000000,
     -0.3227721,       0.1435842,       0.2060568,
 -10000.0000000,  -86197.5000000,
     -0.3534246,       0.1282579,       0.2060568,
 -10000.0000000,  -86444.5000000,
     -0.3110950,       0.1552613,       0.2054080,
 -10000.0000000,  -86679.5000000,
     -0.2877406,       0.1165808,       0.2057324,
 -10000.0000000,  -86940.0000000,
     -0.3468562,       0.1173106,       0.2060568,
 -10000.0000000,  -87110.5000000,
     -0.3103651,       0.1340965,       0.2060568,
 -10000.0000000,  -87410.5000000,
     -0.3016073,       0.1640192,       0.2054080,
 -10000.0000000,  -87580.5000000,
     -0.3154739,       0.1713174,       0.2050837,
 -10000.0000000,  -87932.0000000,
     -0.3205826,       0.1705876,       0.2044350,
 -10000.0000000,  -88039.0000000,
     -0.3132844,       0.1610999,       0.2041106,
 -10000.0000000,  -88286.5000000,
     -0.3395580,       0.1610999,       0.2041106,
 -10000.0000000,  -88535.0000000,
     -0.3286107,       0.1151211,       0.2041106,
 -10000.0000000,  -88794.5000000,
     -0.3380984,       0.1596402,       0.2041106,
 -10000.0000000,  -88991.5000000,
     -0.3840772,       0.1523420,       0.2034619,
 -10000.0000000,  -89291.5000000,
     -0.3183932,       0.1581806,       0.2034619,
 -10000.0000000,  -89461.5000000,
     -0.3176634,       0.1756963,       0.2031375,
 -10000.0000000,  -89697.0000000,
     -0.3256914,       0.1647490,       0.2024888,
 -10000.0000000,  -89997.0000000,
     -0.3672912,       0.1333667,       0.2021644,
 -10000.0000000,  -90167.5000000,
     -0.3512352,       0.1538017,       0.2018400,
 -10000.0000000,  -90429.0000000,
     -0.3483159,       0.1552613,       0.2018400,
 -10000.0000000,  -90701.5000000,
     -0.3789684,       0.1946717,       0.2005426,
 -10000.0000000,  -90871.5000000,
     -0.3658316,       0.1793454,       0.2002182,
 -10000.0000000,  -91145.0000000,
     -0.3410177,       0.1523420,       0.2002182,
 -10000.0000000,  -91341.5000000,
     -0.3541545,       0.1647490,       0.1992451,
 -10000.0000000,  -91642.0000000,
     -0.3658316,       0.1786156,       0.1982720,
 -10000.0000000,  -91812.0000000,
     -0.3716702,       0.1508824,       0.1982720,
 -10000.0000000,  -92112.5000000,
     -0.4088911,       0.1727770,       0.1985964,
 -10000.0000000,  -92282.5000000,
     -0.3811579,       0.1647490,       0.1972989,
 -10000.0000000,  -92608.0000000,
     -0.3526948,       0.1618297,       0.1966502,
 -10000.0000000,  -92779.0000000,
     -0.3483159,       0.1859138,       0.1963258,
 -10000.0000000,  -93052.5000000,
     -0.3629123,       0.1881033,       0.1960015,
 -10000.0000000,  -93236.5000000,
     -0.3578036,       0.1669385,       0.1963258,
 -10000.0000000,  -93496.0000000,
     -0.3906456,       0.1669385,       0.1969746,
 -10000.0000000,  -93758.0000000,
     -0.3709404,       0.1552613,       0.1966502,
 -10000.0000000,  -93928.5000000,
     -0.3453966,       0.1640192,       0.1966502,
 -10000.0000000,  -94163.5000000,
     -0.3497755,       0.1581806,       0.1963258,
 -10000.0000000,  -94463.5000000,
     -0.3519650,       0.1669385,       0.1960015,
 -10000.0000000,  -94633.5000000,
     -0.3614527,       0.1778858,       0.1969746,
 -10000.0000000,  -94867.5000000,
     -0.3410177,       0.1844542,       0.1950284,
 -10000.0000000,  -95129.0000000,
     -0.3402878,       0.1618297,       0.1947040,
 -10000.0000000,  -95403.0000000,
     -0.3745895,       0.2107278,       0.1917847,
 -10000.0000000,  -95612.5000000,
     -0.4045122,       0.1662086,       0.1947040,
 -10000.0000000,  -95846.5000000,
     -0.3483159,       0.1494227,       0.1953527,
 -10000.0000000,  -96043.5000000,
     -0.3745895,       0.1443140,       0.1963258,
 -10000.0000000,  -96343.5000000,
     -0.3716702,       0.1143913,       0.1976233,
 -10000.0000000,  -96732.5000000,
     -0.3848070,       0.1501526,       0.1985964,
 -10000.0000000,  -96800.0000000,
     -0.3585334,       0.1457736,       0.2011913,
 -10000.0000000,  -96997.5000000,
     -0.4169191,       0.1479631,       0.2015157,
 -10000.0000000,  -97271.5000000,
     -0.3789684,       0.1545315,       0.2021644,
 -10000.0000000,  -97454.5000000,
     -0.3921052,       0.1457736,       0.2028131,
 -10000.0000000,  -97664.5000000,
     -0.3869964,       0.1472333,       0.2028131,
 -10000.0000000,  -97951.0000000,
     -0.3694807,       0.1567210,       0.2028131,
 -10000.0000000,  -98211.0000000,
     -0.4176490,       0.1377456,       0.2034619,
 -10000.0000000,  -98446.5000000,
     -0.3796982,       0.1457736,       0.2037862,
 -10000.0000000,  -98643.0000000,
     -0.3556141,       0.1654788,       0.2037862,
 -10000.0000000,  -98877.0000000,
     -0.4278665,       0.1538017,       0.2034619,
 -10000.0000000,  -99087.0000000,
     -0.4015929,       0.1508824,       0.2041106,
 -10000.0000000,  -99347.0000000,
     -0.3862666,       0.1771560,       0.2037862,
 -10000.0000000,  -99582.0000000,
     -0.3826175,       0.1610999,       0.2037862,
 -10000.0000000,  -99831.0000000,
     -0.3665614,       0.1618297,       0.2034619,
 -10000.0000000, -100028.0000000,
     -0.3512352,       0.1413947,       0.2034619,
 -10000.0000000, -100288.0000000,
     -0.4132700,       0.1428543,       0.2024888,
 -10000.0000000, -100498.5000000,
     -0.3578036,       0.1457736,       0.2024888,
 -10000.0000000, -100758.0000000,
     -0.3505053,       0.1654788,       0.2021644,
 -10000.0000000, -101019.5000000,
     -0.4110806,       0.1523420,       0.2015157,
 -10000.0000000, -101228.0000000,
     -0.3935648,       0.1632894,       0.2031375,
 -10000.0000000, -101438.5000000,
     -0.3804280,       0.1764262,       0.2028131,
 -10000.0000000, -101712.0000000,
     -0.4205683,       0.1216895,       0.2028131,
 -10000.0000000, -101998.5000000,
     -0.3979438,       0.1632894,       0.2024888,
 -10000.0000000, -102182.5000000,
     -0.3891859,       0.1705876,       0.2024888,
 -10000.0000000, -102469.0000000,
     -0.4030525,       0.1756963,       0.2021644,
 -10000.0000000, -102651.5000000,
     -0.3862666,       0.1618297,       0.2028131,
 -10000.0000000, -102848.0000000,
     -0.4125402,       0.1640192,       0.2015157,
 -10000.0000000, -103108.0000000,
     -0.4256770,       0.1479631,       0.2021644,
 -10000.0000000, -103408.5000000,
     -0.3694807,       0.1581806,       0.2021644,
 -10000.0000000, -103592.0000000,
     -0.3490457,       0.1713174,       0.1998938,
 -10000.0000000, -103789.0000000,
     -0.4052420,       0.1428543,       0.2018400,
 -10000.0000000, -104049.0000000,
     -0.3818877,       0.1698578,       0.2021644,
 -10000.0000000, -104259.5000000,
     -0.3833473,       0.1340965,       0.2015157,
 -10000.0000000, -104533.0000000,
     -0.3964841,       0.1574508,       0.2018400,
 -10000.0000000, -104716.5000000,
     -0.3563439,       0.1596402,       0.2021644,
 -10000.0000000, -104937.5000000,
     -0.3760491,       0.1530719,       0.2024888,
 -10000.0000000, -105186.5000000,
     -0.4045122,       0.1552613,       0.2021644,
 -10000.0000000, -105435.0000000,
     -0.3738596,       0.1238790,       0.2021644,
 -10000.0000000, -105657.0000000,
     -0.3935648,       0.1552613,       0.2015157,
 -10000.0000000, -105878.5000000,
     -0.3855368,       0.1443140,       0.2015157,
 -10000.0000000, -106165.0000000,
     -0.3395580,       0.1632894,       0.2018400,
 -10000.0000000, -106400.5000000,
     -0.4023227,       0.1457736,       0.2011913,
 -10000.0000000, -106635.5000000,
     -0.3942947,       0.1691279,       0.2024888,
 -10000.0000000, -106883.0000000,
     -0.3840772,       0.1377456,       0.2021644,
 -10000.0000000, -107079.5000000,
     -0.4125402,       0.1304474,       0.2011913,
 -10000.0000000, -107336.5000000,
     -0.4183788,       0.1355561,       0.2011913,
 -10000.0000000, -107579.5000000,
     -0.3840772,       0.1158509,       0.2015157,
 -10000.0000000, -107744.5000000,
     -0.4234875,       0.1399351,       0.2024888,
 -10000.0000000, -108019.0000000,
     -0.3869964,       0.1450438,       0.2021644,
 -10000.0000000, -108241.5000000,
     -0.3767789,       0.1246088,       0.2002182,
 -10000.0000000, -108522.5000000,
     -0.4315156,       0.1165808,       0.2028131,
 -10000.0000000, -108739.0000000,
     -0.4132700,       0.1589104,       0.2024888,
 -10000.0000000, -108906.5000000,
     -0.4242174,       0.1297175,       0.2024888,
 -10000.0000000, -109165.0000000,
     -0.4337051,       0.1589104,       0.2028131,
 -10000.0000000, -109329.0000000,
     -0.4110806,       0.1392052,       0.2031375,
 -10000.0000000, -109582.0000000,
     -0.4329752,       0.1195000,       0.2028131,
 -10000.0000000, -109741.0000000,
     -0.4300559,       0.1683981,       0.2024888,
 -10000.0000000, -109987.5000000,
     -0.4358945,       0.1224193,       0.2041106,
 -10000.0000000, -110143.5000000,
     -0.4738453,       0.1333667,       0.2031375,
 -10000.0000000, -110382.5000000,
     -0.4256770,       0.1589104,       0.2041106,
 -10000.0000000, -110512.5000000,
     -0.4329752,       0.0881177,       0.2041106,
 -10000.0000000, -110767.5000000,
     -0.4504910,       0.1523420,       0.2037862,
 -10000.0000000, -110894.0000000,
     -0.4220279,       0.1289877,       0.2057324,
 -10000.0000000, -111143.0000000,
     -0.4023227,       0.1355561,       0.2054080,
 -10000.0000000, -111287.0000000,
     -0.4285963,       0.1479631,       0.2057324,
 -10000.0000000, -111508.5000000,
     -0.4147297,       0.1260684,       0.2057324,
 -10000.0000000, -111648.0000000,
     -0.4475717,       0.1698578,       0.2047593,
 -10000.0000000, -111864.5000000,
     -0.4417331,       0.1501526,       0.2054080,
 -10000.0000000, -112000.5000000,
     -0.4067016,       0.1319070,       0.2070299,
 -10000.0000000, -112210.0000000,
     -0.4315156,       0.1224193,       0.2070299,
 -10000.0000000, -112323.5000000,
     -0.4614383,       0.1421245,       0.2054080,
 -10000.0000000, -112545.5000000,
     -0.4256770,       0.1253386,       0.2047593,
 -10000.0000000, -112683.0000000,
     -0.4468418,       0.1399351,       0.2060568,
 -10000.0000000, -112871.0000000,
     -0.4344349,       0.1881033,       0.2063811,
 -10000.0000000, -112996.0000000,
     -0.4504910,       0.1705876,       0.2063811,
 -10000.0000000, -113187.0000000,
     -0.4555997,       0.1596402,       0.2041106,
 -10000.0000000, -113323.5000000,
     -0.4023227,       0.1735069,       0.2047593,
 -10000.0000000, -113491.5000000,
     -0.4366243,       0.1647490,       0.2047593,
 -10000.0000000, -113608.5000000,
     -0.4636278,       0.1654788,       0.2041106,
 -10000.0000000, -113787.0000000,
     -0.4351647,       0.1370158,       0.2041106,
 -10000.0000000, -113900.0000000,
     -0.4541401,       0.1413947,       0.2028131,
 -10000.0000000, -114072.5000000,
     -0.4351647,       0.1151211,       0.2018400,
 -10000.0000000, -114151.5000000,
     -0.4534102,       0.1851840,       0.2021644,
 -10000.0000000, -114303.5000000,
     -0.4453822,       0.1465035,       0.2018400,
 -10000.0000000, -114438.5000000,
     -0.4154595,       0.1319070,       0.2015157,
 -10000.0000000, -114613.5000000,
     -0.4183788,       0.1618297,       0.2011913,
 -10000.0000000, -114721.5000000,
     -0.4534102,       0.1472333,       0.2002182,
 -10000.0000000, -114868.5000000,
     -0.4643576,       0.1632894,       0.2018400,
 -10000.0000000, -114965.0000000,
     -0.4329752,       0.1311772,       0.2034619,
 -10000.0000000, -115114.0000000,
     -0.4205683,       0.1370158,       0.2031375,
 -10000.0000000, -115220.0000000,
     -0.4337051,       0.1107422,       0.2034619,
 -10000.0000000, -115349.5000000,
     -0.4446524,       0.1275281,       0.2044350,
 -10000.0000000, -115451.0000000,
     -0.4614383,       0.1516122,       0.2044350,
 -10000.0000000, -115574.0000000,
     -0.4512208,       0.1713174,       0.2050837,
 -10000.0000000, -115659.5000000,
     -0.4446524,       0.1443140,       0.2047593,
 -10000.0000000, -115737.0000000,
     -0.4424629,       0.1216895,       0.2034619,
 -10000.0000000, -115848.5000000,
     -0.4468418,       0.1384754,       0.2034619,
 -10000.0000000, -115973.0000000,
     -0.4461120,       0.1494227,       0.2047593,
 -10000.0000000, -116072.5000000,
     -0.4541401,       0.1683981,       0.2050837,
 -10000.0000000, -116148.5000000,
     -0.4826031,       0.1691279,       0.2060568,
 -10000.0000000, -116264.0000000,
     -0.4468418,       0.1041738,       0.2044350,
 -10000.0000000, -116336.0000000,
     -0.4497611,       0.1399351,       0.1963258,
 -10000.0000000, -116445.5000000,
     -0.4694663,       0.0924966,       0.1976233,
 -10000.0000000, -116513.5000000,
     -0.4738453,       0.1610999,       0.2050837,
 -10000.0000000, -116616.5000000,
     -0.4877119,       0.1457736,       0.2080030,
 -10000.0000000, -116694.0000000,
     -0.4512208,       0.1406649,       0.2076786,
 -10000.0000000, -116778.0000000,
     -0.4745751,       0.1180404,       0.2063811,
 -10000.0000000, -116838.0000000,
     -0.4738453,       0.1559911,       0.2073542,
 -10000.0000000, -116929.0000000,
     -0.4899013,       0.1362859,       0.2076786,
 -10000.0000000, -116985.5000000,
     -0.4891715,       0.1530719,       0.2073542,
 -10000.0000000, -117070.0000000,
     -0.4490313,       0.1362859,       0.2073542,
 -10000.0000000, -117137.0000000,
     -0.4855224,       0.1326368,       0.2067055,
 -10000.0000000, -117188.0000000,
     -0.4570594,       0.0808195,       0.2076786,
 -10000.0000000, -117263.5000000,
     -0.4643576,       0.1209597,       0.2080030,
 -10000.0000000, -117310.5000000,
     -0.4607085,       0.1501526,       0.2076786,
 -10000.0000000, -117380.0000000,
     -0.4767646,       0.1348263,       0.2067055,
 -10000.0000000, -117422.5000000,
     -0.4424629,       0.1238790,       0.2067055,
 -10000.0000000, -117475.0000000,
     -0.5066873,       0.1195000,       0.2073542,
 -10000.0000000, -117535.5000000,
     -0.4504910,       0.1457736,       0.2080030,
 -10000.0000000, -117572.5000000,
     -0.4833329,       0.1114720,       0.2083273,
 -10000.0000000, -117627.0000000,
     -0.4789540,       0.1209597,       0.2070299,
 -10000.0000000, -117660.0000000,
     -0.4869821,       0.1224193,       0.2076786,
 -10000.0000000, -117708.5000000,
     -0.4410033,       0.1231491,       0.2080030,
 -10000.0000000, -117733.5000000,
     -0.5315012,       0.1304474,       0.2076786,
 -10000.0000000, -117772.5000000,
     -0.4731154,       0.1092825,       0.2089761,
 -10000.0000000, -117811.5000000,
     -0.4913610,       0.1384754,       0.2076786,
 -10000.0000000, -117835.0000000,
     -0.4709260,       0.1559911,       0.2076786,
 -10000.0000000, -117867.5000000,
     -0.4541401,       0.1392052,       0.2083273,
 -10000.0000000, -117887.5000000,
     -0.4767646,       0.1610999,       0.2086517,
 -10000.0000000, -117914.0000000,
     -0.4519506,       0.1574508,       0.2093004,
 -10000.0000000, -117929.5000000,
     -0.4899013,       0.1319070,       0.2080030,
 -10000.0000000, -117950.5000000,
     -0.4490313,       0.1260684,       0.2083273,
 -10000.0000000, -117962.0000000,
     -0.5096065,       0.1151211,       0.2089761,
 -10000.0000000, -117976.5000000,
     -0.4701962,       0.1165808,       0.2086517,
 -10000.0000000, -117984.0000000,
     -0.5139855,       0.1165808,       0.2086517,
 -10000.0000000, -117993.0000000,
     -0.5037680,       0.1297175,       0.2083273,
 -10000.0000000, -117997.0000000,
     -0.5052276,       0.1275281,       0.2076786,
 -10000.0000000, -117999.5000000,
     -0.4541401,       0.1158509,       0.2086517,
 -10000.0000000, -117999.5000000,
     -0.4826031,       0.1260684,       0.2086517,
 -10000.0000000, -117999.5000000,
     -0.4891715,       0.1202299,       0.2080030,
 -10000.0000000, -117999.5000000,
     -0.4899013,       0.1216895,       0.2083273,
 -10000.0000000, -117999.5000000,
     -0.4709260,       0.1165808,       0.2076786,
 -10000.0000000, -117999.5000000,
     -0.4964697,       0.1056334,       0.2086517,
 -10000.0000000, -117999.5000000,
     -0.4614383,       0.1348263,       0.2083273,
 -10000.0000000, -117999.5000000,
     -0.4658172,       0.1056334,       0.2086517,
 -10000.0000000, -117999.5000000,
     -0.4899013,       0.1129316,       0.2083273,
 -10000.0000000, -117999.5000000,
     -0.4826031,       0.1421245,       0.2080030,
 -10000.0000000, -117999.5000000,
     -0.4789540,       0.1027141,       0.2076786,
 -10000.0000000, -118000.0000000,
     -0.5074171,       0.1304474,       0.2086517,
 -10000.0000000, -118000.0000000,
     -0.4884417,       0.1034440,       0.2080030,
 -10000.0000000, -118000.0000000,
     -0.4650874,       0.1173106,       0.2086517,
 -10000.0000000, -118000.0000000,
     -0.4504910,       0.1362859,       0.2080030,
 -10000.0000000, -118000.0000000,
     -0.4935505,       0.0968756,       0.2086517,
 -10000.0000000, -118000.0000000,
     -0.4701962,       0.1195000,       0.2086517,
 -10000.0000000, -118000.0000000,
     -0.4899013,       0.1034440,       0.2086517,
 -10000.0000000, -118000.0000000,
     -0.4862522,       0.1319070,       0.2083273,
 -10000.0000000, -118000.0000000,
     -0.4913610,       0.1114720,       0.2080030,
 -10000.0000000, -118000.0000000,
     -0.4424629,       0.1340965,       0.2083273,
 -10000.0000000, -118000.0000000,
     -0.4869821,       0.1333667,       0.2086517,
 -10000.0000000, -118000.0000000,
     -0.4723856,       0.1209597,       0.2080030,
 -10000.0000000, -118000.0000000,
     -0.5169048,       0.1260684,       0.2086517,
 -10000.0000000, -118000.0000000,
     -0.4862522,       0.1275281,       0.2083273,
 -10000.0000000, -118000.0000000,
     -0.4826031,       0.1056334,       0.2086517,
 -10000.0000000, -118000.0000000,
     -0.4891715,       0.1377456,       0.2083273,
 -10000.0000000, -118000.0000000,
     -0.4826031,       0.1224193,       0.2089761,
 -10000.0000000, -118000.0000000,
     -0.5169048,       0.1304474,       0.2086517,
 -10000.0000000, -118000.0000000,
     -0.4570594,       0.1012545,       0.2086517,
 -10000.0000000, -118000.0000000,
     -0.4709260,       0.1209597,       0.2080030,
 -10000.0000000, -118000.0000000,
     -0.4986592,       0.1027141,       0.2083273,
 -10000.0000000, -118000.0000000,
     -0.4971996,       0.1596402,       0.2083273,
 -10000.0000000, -118000.0000000,
     -0.5315012,       0.1479631,       0.2086517,
 -10000.0000000, -118000.0000000,
     -0.4862522,       0.1282579,       0.2080030,
 -10000.0000000, -118000.0000000,
     -0.4607085,       0.1253386,       0.2080030,
 -10000.0000000, -118000.0000000,
     -0.4723856,       0.1508824,       0.2083273,
 -10000.0000000, -118000.0000000,
     -0.4614383,       0.1450438,       0.2086517,
 -10000.0000000, -118000.0000000,
     -0.4628979,       0.1202299,       0.2089761,
 -10000.0000000, -118000.0000000,
     -0.4723856,       0.1326368,       0.2080030,
 -10000.0000000, -118000.0000000,
     -0.5037680,       0.1129316,       0.2086517,
 -10000.0000000, -118000.0000000,
     -0.4869821,       0.1173106,       0.2089761,
 -10000.0000000, -118000.0000000,
     -0.5037680,       0.1180404,       0.2086517,
 -10000.0000000, -118000.0000000,
     -0.4833329,       0.1180404,       0.2086517,
 -10000.0000000, -118000.0000000,
     -0.4811435,       0.0961457,       0.2083273,
 -10000.0000000, -118000.0000000,
     -0.4928206,       0.1348263,       0.2083273,
 -10000.0000000, -118000.0000000,
     -0.4723856,       0.1377456,       0.2086517,
 -10000.0000000, -118000.0000000,
     -0.5074171,       0.1392052,       0.2083273,
 -10000.0000000, -118000.0000000,
     -0.4899013,       0.1165808,       0.2076786,
 -10000.0000000, -118000.0000000,
     -0.4782242,       0.1114720,       0.2080030,
 -10000.0000000, -118000.0000000,
     -0.4760347,       0.1151211,       0.2080030,
 -10000.0000000, -118000.0000000,
     -0.4869821,       0.1180404,       0.2083273,
 -10000.0000000, -118000.0000000,
     -0.4650874,       0.0976054,       0.2086517,
 -10000.0000000, -118000.0000000,
     -0.4789540,       0.1165808,       0.2083273,
 -10000.0000000, -118000.0000000,
     -0.4709260,       0.1231491,       0.2083273,
 -10000.0000000, -118000.0000000,
     -0.4643576,       0.1070931,       0.2083273,
 -10000.0000000, -118000.0000000,
     -0.4840628,       0.1143913,       0.2086517,
 -10000.0000000, -118000.0000000,
     -0.5059574,       0.1114720,       0.2086517,
 -10000.0000000, -118000.0000000,
     -0.4964697,       0.1384754,       0.2086517,
 -10000.0000000, -118000.0000000,
     -0.4709260,       0.1056334,       0.2080030,
 -10000.0000000, -118000.0000000,
     -0.4928206,       0.1209597,       0.2086517,
 -10000.0000000, -118000.0000000,
     -0.5037680,       0.1165808,       0.2083273,
 -10000.0000000, -118000.0000000,
     -0.5088767,       0.1143913,       0.2080030,
 -10000.0000000, -118000.0000000,
     -0.4950101,       0.1100124,       0.2083273,
 -10000.0000000, -118000.0000000,
     -0.4877119,       0.1056334,       0.2083273,
 -10000.0000000, -118000.0000000,
     -0.4855224,       0.1260684,       0.2086517,
 -10000.0000000, -118000.0000000,
     -0.4913610,       0.1450438,       0.2086517,
 -10000.0000000, -118000.0000000,
     -0.4877119,       0.1107422,       0.2086517,
 -10000.0000000, -118000.0000000,
     -0.4745751,       0.1195000,       0.2086517,
 -10000.0000000, -118000.0000000,
     -0.5023083,       0.1085527,       0.2083273,
 -10000.0000000, -118000.0000000,
     -0.5161749,       0.1267983,       0.2080030,
 -10000.0000000, -118000.0000000,
     -0.4599786,       0.1078229,       0.2080030,
 -10000.0000000, -118000.0000000,
     -0.4723856,       0.1260684,       0.2083273,
 -10000.0000000, -118000.0000000,
     -0.4614383,       0.0939563,       0.2080030,
 -10000.0000000, -118000.0000000,
     -0.4760347,       0.1392052,       0.2083273,
 -10000.0000000, -118000.0000000,
     -0.4928206,       0.1486929,       0.2083273,
 -10000.0000000, -118000.0000000,
     -0.4891715,       0.1151211,       0.2080030,
 -10000.0000000, -118000.0000000,
     -0.4512208,       0.1472333,       0.2083273,
 -10000.0000000, -118000.0000000,
     -0.4731154,       0.0983352,       0.2089761,
 -10000.0000000, -118000.0000000,
     -0.4986592,       0.0888475,       0.2086517,
 -10000.0000000, -118000.0000000,
     -0.4621681,       0.1297175,       0.2089761,
 -10000.0000000, -118000.0000000,
     -0.4796838,       0.1282579,       0.2083273,
 -10000.0000000, -118000.0000000,
     -0.4701962,       0.1107422,       0.2083273,
 -10000.0000000, -118000.0000000,
     -0.4993890,       0.1246088,       0.2083273,
 -10000.0000000, -118000.0000000,
     -0.4738453,       0.1238790,       0.2080030,
 -10000.0000000, -118000.0000000,
     -0.5096065,       0.1187702,       0.2083273,
 -10000.0000000, -118000.0000000,
     -0.4709260,       0.1209597,       0.2086517,
 -10000.0000000, -118000.0000000,
     -0.5030381,       0.1158509,       0.2083273,
 -10000.0000000, -118000.0000000,
     -0.4782242,       0.1384754,       0.2086517,
 -10000.0000000, -118000.0000000,
     -0.4833329,       0.1056334,       0.2086517,
 -10000.0000000, -118000.0000000,
     -0.4826031,       0.1158509,       0.2083273,
 -10000.0000000, -118000.0000000,
