     -0.5256626,      -0.3008774,       0.2414126,
 -14000.0000000,  -12000.0000000,
     -0.4877119,      -0.3118248,       0.2414126,
 -14000.0000000,  -12000.0000000,
     -0.5169048,      -0.3461264,       0.2420613,
 -14000.0000000,  -12000.0000000,
     -0.5132557,      -0.3081757,       0.2417370,
 -14000.0000000,  -12000.0000000,
     -0.4869821,      -0.3067160,       0.2420613,
 -14000.0000000,  -12000.0000000,
     -0.4731154,      -0.3315300,       0.2420613,
 -14000.0000000,  -12000.0000000,
     -0.4723856,      -0.2746039,       0.2410882,
 -14000.0000000,  -12004.5000000,
     -0.5439082,      -0.2972283,       0.2423857,
 -14000.0000000,  -12008.5000000,
     -0.4753049,      -0.2913898,       0.2417370,
 -14000.0000000,  -12020.5000000,
     -0.5023083,      -0.3030669,       0.2436832,
 -14000.0000000,  -12027.0000000,
     -0.5548555,      -0.3008774,       0.2449806,
 -14000.0000000,  -12040.5000000,
     -0.4738453,      -0.3235019,       0.2446563,
 -14000.0000000,  -12055.5000000,
     -0.5913466,      -0.3154739,       0.2485486,
 -14000.0000000,  -12077.0000000,
     -0.4811435,      -0.3154739,       0.2475755,
 -14000.0000000,  -12100.5000000,
     -0.5709116,      -0.3322598,       0.2511436,
 -14000.0000000,  -12117.5000000,
     -0.5307714,      -0.2892003,       0.2514679,
 -14000.0000000,  -12144.5000000,
     -0.5964554,      -0.2957687,       0.2547116,
 -14000.0000000,  -12175.5000000,
     -0.5709116,      -0.2848214,       0.2530898,
 -14000.0000000,  -12202.0000000,
     -0.5840484,      -0.2862810,       0.2569821,
 -14000.0000000,  -12235.0000000,
     -0.6059430,      -0.2680355,       0.2586040,
 -14000.0000000,  -12276.5000000,
     -0.5840484,      -0.2468706,       0.2602258,
 -14000.0000000,  -12306.0000000,
     -0.5993746,      -0.2811723,       0.2618476,
 -14000.0000000,  -12363.0000000,
     -0.6103220,      -0.2636565,       0.2628207,
 -14000.0000000,  -12392.0000000,
     -0.6300272,      -0.2621969,       0.2654156,
 -14000.0000000,  -12440.5000000,
     -0.6365956,      -0.2607372,       0.2657400,
 -14000.0000000,  -12494.0000000,
     -0.6212693,      -0.2665758,       0.2663887,
 -14000.0000000,  -12548.0000000,
     -0.6424341,      -0.2534390,       0.2676862,
 -14000.0000000,  -12589.5000000,
     -0.6344061,      -0.2154883,       0.2686593,
 -14000.0000000,  -12654.0000000,
     -0.6329465,      -0.2527092,       0.2689837,
 -14000.0000000,  -12703.5000000,
     -0.6241886,      -0.2264356,       0.2699568,
 -14000.0000000,  -12764.0000000,
     -0.6110518,      -0.2337338,       0.2709298,
 -14000.0000000,  -12844.5000000,
     -0.6307570,      -0.2330040,       0.2706055,
 -14000.0000000,  -12896.0000000,
     -0.6694376,      -0.2359233,       0.2725517,
 -14000.0000000,  -12983.5000000,
     -0.6176202,      -0.2322742,       0.2715786,
 -14000.0000000,  -13039.0000000,
     -0.6176202,      -0.1979725,       0.2715786,
 -14000.0000000,  -13125.0000000,
     -0.6453534,      -0.2162181,       0.2732004,
 -14000.0000000,  -13184.5000000,
     -0.6351359,      -0.2176777,       0.2735248,
 -14000.0000000,  -13275.5000000,
     -0.6125114,      -0.2227865,       0.2735248,
 -14000.0000000,  -13347.5000000,
     -0.6125114,      -0.2213268,       0.2735248,
 -14000.0000000,  -13444.5000000,
     -0.6241886,      -0.2132988,       0.2719029,
 -14000.0000000,  -13512.0000000,
     -0.5774800,      -0.2184076,       0.2709298,
 -14000.0000000,  -13614.5000000,
     -0.5687221,      -0.2162181,       0.2693080,
 -14000.0000000,  -13705.5000000,
     -0.5395292,      -0.2045409,       0.2689837,
 -14000.0000000,  -13784.5000000,
     -0.5460976,      -0.1892147,       0.2683349,
 -14000.0000000,  -13885.5000000,
     -0.5044978,      -0.1892147,       0.2670375,
 -14000.0000000,  -13994.5000000,
     -0.5044978,      -0.2023515,       0.2680106,
 -14000.0000000,  -14073.5000000,
     -0.4614383,      -0.1943234,       0.2676862,
 -14000.0000000,  -14188.5000000,
     -0.4344349,      -0.2381128,       0.2683349,
 -14000.0000000,  -14305.5000000,
     -0.4410033,      -0.2476004,       0.2689837,
 -14000.0000000,  -14403.0000000,
     -0.3599930,      -0.2373829,       0.2712542,
 -14000.0000000,  -14525.5000000,
     -0.3592632,      -0.2169479,       0.2735248,
 -14000.0000000,  -14614.0000000,
     -0.3293405,      -0.2359233,       0.2748222,
 -14000.0000000,  -14755.5000000,
     -0.3475861,      -0.2220567,       0.2777415,
 -14000.0000000,  -14874.0000000,
     -0.2986880,      -0.2081900,       0.2813095,
 -14000.0000000,  -14968.5000000,
     -0.3227721,      -0.2176777,       0.2845532,
 -14000.0000000,  -15105.0000000,
     -0.2913898,      -0.2359233,       0.2874725,
 -14000.0000000,  -15252.0000000,
     -0.3205826,      -0.1972427,       0.2877968,
 -14000.0000000,  -15359.5000000,
     -0.3235019,      -0.1760779,       0.2868237,
 -14000.0000000,  -15504.5000000,
     -0.2950389,      -0.1417762,       0.2826070,
 -14000.0000000,  -15624.0000000,
     -0.3030669,      -0.1162325,       0.2754710,
 -14000.0000000,  -15774.5000000,
     -0.2833617,      -0.0768221,       0.2660644,
 -14000.0000000,  -15898.5000000,
     -0.2417619,      -0.0622256,       0.2534141,
 -14000.0000000,  -16039.5000000,
     -0.2322742,      -0.0717133,       0.2427101,
 -14000.0000000,  -16198.0000000,
     -0.1622113,      -0.0863098,       0.2326547,
 -14000.0000000,  -16329.0000000,
     -0.1417762,      -0.1257202,       0.2222750,
 -14000.0000000,  -16469.0000000,
     -0.1030957,      -0.1220711,       0.2128685,
 -14000.0000000,  -16611.0000000,
     -0.0629555,      -0.1622113,       0.2138415,
 -14000.0000000,  -16781.5000000,
     -0.1089343,      -0.1585622,       0.2131928,
 -14000.0000000,  -16954.0000000,
     -0.0994466,      -0.1235307,       0.2109223,
 -14000.0000000,  -17096.0000000,
     -0.1147728,      -0.1549130,       0.2093004,
 -14000.0000000,  -17273.5000000,
     -0.1133132,      -0.1687797,       0.2096248,
 -14000.0000000,  -17419.0000000,
     -0.0877694,      -0.1673200,       0.2096248,
 -14000.0000000,  -17612.0000000,
     -0.1249903,      -0.1665902,       0.2096248,
 -14000.0000000,  -17771.0000000,
     -0.0870396,      -0.2322742,       0.2093004,
 -14000.0000000,  -17942.5000000,
     -0.1155027,      -0.1943234,       0.2093004,
 -14000.0000000,  -18097.5000000,
     -0.1213412,      -0.2052708,       0.2112466,
 -14000.0000000,  -18302.5000000,
     -0.1563727,      -0.2184076,       0.2125441,
 -14000.0000000,  -18452.0000000,
     -0.0965273,      -0.1490745,       0.2073542,
 -14000.0000000,  -18663.0000000,
     -0.0987167,      -0.2169479,       0.2109223,
 -14000.0000000,  -18806.5000000,
     -0.0943378,      -0.1702393,       0.2128685,
 -14000.0000000,  -19033.0000000,
     -0.0819308,      -0.1943234,       0.2131928,
 -14000.0000000,  -19232.5000000,
     -0.1023659,      -0.1819165,       0.2138415,
 -14000.0000000,  -19413.5000000,
     -0.1074746,      -0.2016217,       0.2144903,
 -14000.0000000,  -19607.0000000,
     -0.1271798,      -0.2162181,       0.2148146,
 -14000.0000000,  -19771.5000000,
     -0.1249903,      -0.1935936,       0.2151390,
 -14000.0000000,  -20002.5000000,
     -0.1184219,      -0.1950533,       0.2157877,
 -14000.0000000,  -20160.0000000,
     -0.0753624,      -0.2446812,       0.2122197,
 -14000.0000000,  -20408.5000000,
     -0.1673200,      -0.1344780,       0.2112466,
 -14000.0000000,  -20568.5000000,
     -0.0841203,      -0.1680498,       0.2148146,
 -14000.0000000,  -20776.0000000,
     -0.0352222,      -0.1855656,       0.2141659,
 -14000.0000000,  -21020.0000000,
     -0.0957975,      -0.1935936,       0.2151390,
 -14000.0000000,  -21199.5000000,
     -0.0914185,      -0.1797270,       0.2154634,
 -14000.0000000,  -21462.5000000,
     -0.0644151,      -0.1877550,       0.2154634,
 -14000.0000000,  -21633.0000000,
     -0.0651449,      -0.1935936,       0.2161121,
 -14000.0000000,  -21877.0000000,
     -0.0468994,      -0.1877550,       0.2157877,
 -14000.0000000,  -22064.0000000,
     -0.0768221,      -0.1680498,       0.2167608,
 -14000.0000000,  -22315.0000000,
     -0.1527236,      -0.1753481,       0.2161121,
 -14000.0000000,  -22555.0000000,
     -0.0607660,      -0.1600218,       0.2141659,
 -14000.0000000,  -22748.0000000,
     -0.0899589,      -0.1592920,       0.2125441,
 -14000.0000000,  -23019.0000000,
     -0.0928782,      -0.2030813,       0.2115710,
 -14000.0000000,  -23242.5000000,
     -0.0797414,      -0.1702393,       0.2131928,
 -14000.0000000,  -23516.0000000,
     -0.1257202,      -0.1877550,       0.2125441,
 -14000.0000000,  -23686.0000000,
     -0.1527236,      -0.2038111,       0.2125441,
 -14000.0000000,  -23986.5000000,
     -0.0972571,      -0.2008918,       0.2135172,
 -14000.0000000,  -24156.5000000,
     -0.1140430,      -0.1884849,       0.2135172,
 -14000.0000000,  -24392.0000000,
     -0.1322886,      -0.1914041,       0.2131928,
 -14000.0000000,  -24690.5000000,
     -0.0746326,      -0.1673200,       0.2141659,
 -14000.0000000,  -24860.5000000,
     -0.1060150,      -0.1636709,       0.2135172,
 -14000.0000000,  -25095.5000000,
     -0.0753624,      -0.1636709,       0.2131928,
 -14000.0000000,  -25331.0000000,
     -0.0717133,      -0.1892147,       0.2135172,
 -14000.0000000,  -25566.0000000,
     -0.1271798,      -0.2089199,       0.2154634,
 -14000.0000000,  -25828.0000000,
     -0.0914185,      -0.1644007,       0.2161121,
 -14000.0000000,  -26036.5000000,
     -0.0352222,      -0.2045409,       0.2164365,
 -14000.0000000,  -26271.5000000,
     -0.0812010,      -0.1841059,       0.2151390,
 -14000.0000000,  -26572.0000000,
     -0.0381415,      -0.1373973,       0.2138415,
 -14000.0000000,  -26742.0000000,
     -0.0009206,      -0.1563727,       0.2112466,
 -14000.0000000,  -26977.0000000,
     -0.0396012,      -0.1622113,       0.2131928,
 -14000.0000000,  -27212.0000000,
     -0.0534678,      -0.1819165,       0.2138415,
 -14000.0000000,  -27447.0000000,
     -0.0593064,      -0.1884849,       0.2144903,
 -14000.0000000,  -27682.5000000,
     -0.0768221,      -0.1768077,       0.2157877,
 -14000.0000000,  -27945.0000000,
      0.0165951,      -0.1680498,       0.2157877,
 -14000.0000000,  -28218.5000000,
     -0.0505485,      -0.1760779,       0.2164365,
 -14000.0000000,  -28388.5000000,
     -0.0790116,      -0.1636709,       0.2167608,
 -14000.0000000,  -28687.5000000,
     -0.0301135,      -0.1498043,       0.2164365,
 -14000.0000000,  -28857.5000000,
     -0.0571169,      -0.1352078,       0.2154634,
 -14000.0000000,  -29157.5000000,
     -0.0600362,      -0.1388570,       0.2148146,
 -14000.0000000,  -29341.5000000,
     -0.0140574,      -0.1673200,       0.2099492,
 -14000.0000000,  -29628.0000000,
     -0.0556572,      -0.1534534,       0.2118954,
 -14000.0000000,  -29812.0000000,
     -0.0490888,      -0.1585622,       0.2118954,
 -14000.0000000,  -30072.0000000,
      0.0195144,      -0.1789972,       0.2125441,
 -14000.0000000,  -30268.5000000,
     -0.0622256,      -0.1811866,       0.2144903,
 -14000.0000000,  -30569.5000000,
     -0.0052995,      -0.1702393,       0.2135172,
 -14000.0000000,  -30739.5000000,
     -0.0045697,      -0.1300991,       0.2144903,
 -14000.0000000,  -30974.5000000,
     -0.0782817,      -0.1563727,       0.2148146,
 -14000.0000000,  -31223.0000000,
      0.0049180,      -0.1571025,       0.2135172,
 -14000.0000000,  -31509.5000000,
     -0.0330328,      -0.1366675,       0.2141659,
 -14000.0000000,  -31707.0000000,
     -0.0366819,      -0.1322886,       0.2135172,
 -14000.0000000,  -31980.5000000,
      0.0333810,      -0.1366675,       0.2128685,
 -14000.0000000,  -32164.5000000,
     -0.0125977,      -0.1293693,       0.2118954,
 -14000.0000000,  -32437.0000000,
      0.0027285,      -0.1300991,       0.2105979,
 -14000.0000000,  -32685.0000000,
      0.0581950,      -0.1198816,       0.2128685,
 -14000.0000000,  -32855.0000000,
     -0.0213556,      -0.1009062,       0.2135172,
 -14000.0000000,  -33155.0000000,
      0.0136758,      -0.1147728,       0.2122197,
 -14000.0000000,  -33338.0000000,
      0.0589248,      -0.1352078,       0.2115710,
 -14000.0000000,  -33600.0000000,
     -0.0155170,      -0.0687940,       0.2105979,
 -14000.0000000,  -33796.5000000,
      0.0501669,      -0.1103939,       0.2089761,
 -14000.0000000,  -34083.0000000,
      0.0669529,      -0.1125834,       0.2076786,
 -14000.0000000,  -34267.0000000,
     -0.0104083,      -0.0994466,       0.2060568,
 -14000.0000000,  -34553.5000000,
      0.0501669,      -0.1016360,       0.2050837,
 -14000.0000000,  -34737.0000000,
      0.0297319,      -0.1483446,       0.2057324,
 -14000.0000000,  -35023.5000000,
      0.0085671,      -0.1541832,       0.2073542,
 -14000.0000000,  -35207.0000000,
      0.0589248,      -0.1476148,       0.2083273,
 -14000.0000000,  -35493.5000000,
      0.0027285,      -0.1373973,       0.2096248,
 -14000.0000000,  -35729.0000000,
      0.0450582,      -0.1125834,       0.2112466,
 -14000.0000000,  -35912.5000000,
      0.0837388,      -0.1249903,       0.2105979,
 -14000.0000000,  -36199.5000000,
      0.0421389,      -0.1476148,       0.2102735,
 -14000.0000000,  -36382.0000000,
      0.0136758,      -0.1060150,       0.2102735,
 -14000.0000000,  -36617.0000000,
      0.0757107,      -0.1067448,       0.2086517,
 -14000.0000000,  -36903.5000000,
      0.0662230,      -0.1155027,       0.2067055,
 -14000.0000000,  -37087.0000000,
      0.0647634,      -0.1308289,       0.2070299,
 -14000.0000000,  -37373.5000000,
      0.0822791,      -0.1038255,       0.2067055,
 -14000.0000000,  -37557.5000000,
      0.0545459,      -0.1082044,       0.2054080,
 -14000.0000000,  -37844.0000000,
      0.0881177,      -0.1198816,       0.2037862,
 -14000.0000000,  -38028.0000000,
      0.0888475,      -0.1089343,       0.2044350,
 -14000.0000000,  -38314.5000000,
      0.0260828,      -0.1023659,       0.2028131,
 -14000.0000000,  -38498.5000000,
      0.0830089,      -0.1381271,       0.2028131,
 -14000.0000000,  -38719.5000000,
      0.0939563,      -0.1381271,       0.2024888,
 -14000.0000000,  -39019.5000000,
      0.0530862,      -0.1366675,       0.2034619,
 -14000.0000000,  -39255.0000000,
      0.1275281,      -0.1118535,       0.2044350,
 -14000.0000000,  -39438.5000000,
      0.0494371,      -0.1169623,       0.2047593,
 -14000.0000000,  -39725.0000000,
      0.0107566,      -0.1439657,       0.2044350,
 -14000.0000000,  -39909.0000000,
      0.0968756,      -0.0848501,       0.2028131,
 -14000.0000000,  -40195.5000000,
      0.0720616,      -0.1468850,       0.2028131,
 -14000.0000000,  -40378.0000000,
      0.0370301,      -0.1118535,       0.2021644,
 -14000.0000000,  -40651.0000000,
      0.1311772,      -0.1162325,       0.2008669,
 -14000.0000000,  -40899.5000000,
      0.1158509,      -0.0965273,       0.1989207,
 -14000.0000000,  -41069.5000000,
      0.0983352,      -0.0848501,       0.1992451,
 -14000.0000000,  -41318.5000000,
      0.1319070,      -0.0906887,       0.1982720,
 -14000.0000000,  -41605.0000000,
      0.0450582,      -0.0914185,       0.1985964,
 -14000.0000000,  -41789.0000000,
      0.0968756,      -0.1476148,       0.1992451,
 -14000.0000000,  -42010.5000000,
      0.1195000,      -0.1235307,       0.2015157,
 -14000.0000000,  -42259.5000000,
      0.0122162,      -0.1410464,       0.2021644,
 -14000.0000000,  -42519.0000000,
      0.0830089,      -0.1293693,       0.2018400,
 -14000.0000000,  -42729.5000000,
      0.1187702,      -0.0965273,       0.2008669,
 -14000.0000000,  -43015.5000000,
      0.0304618,      -0.0892291,       0.2008669,
 -14000.0000000,  -43199.5000000,
      0.1246088,      -0.0928782,       0.1950284,
 -14000.0000000,  -43459.5000000,
      0.0377600,      -0.1410464,       0.2024888,
 -14000.0000000,  -43670.0000000,
     -0.0031101,      -0.1425061,       0.2031375,
 -14000.0000000,  -43956.5000000,
      0.0589248,      -0.1176921,       0.1995695,
 -14000.0000000,  -44191.5000000,
      0.0290021,      -0.1242605,       0.2041106,
 -14000.0000000,  -44374.5000000,
      0.0122162,      -0.1133132,       0.2050837,
 -14000.0000000,  -44647.0000000,
      0.1012545,      -0.0950676,       0.2044350,
 -14000.0000000,  -44844.5000000,
      0.0209741,      -0.1045553,       0.2031375,
 -14000.0000000,  -45131.0000000,
      0.0757107,      -0.0884992,       0.2011913,
 -14000.0000000,  -45366.0000000,
      0.1698578,      -0.0870396,       0.2008669,
 -14000.0000000,  -45550.0000000,
      0.0859282,      -0.0950676,       0.2018400,
 -14000.0000000,  -45836.5000000,
      0.0968756,      -0.1176921,       0.2034619,
 -14000.0000000,  -46020.0000000,
      0.1253386,      -0.1446955,       0.2044350,
 -14000.0000000,  -46307.0000000,
      0.0560055,      -0.1242605,       0.2054080,
 -14000.0000000,  -46490.5000000,
      0.1092825,      -0.1198816,       0.2057324,
 -14000.0000000,  -46777.0000000,
      0.1034440,      -0.1023659,       0.2070299,
 -14000.0000000,  -46960.5000000,
      0.0822791,      -0.0673344,       0.2083273,
 -14000.0000000,  -47247.0000000,
      0.1034440,      -0.1176921,       0.2080030,
 -14000.0000000,  -47431.0000000,
      0.1202299,      -0.0855799,       0.2083273,
 -14000.0000000,  -47717.5000000,
      0.1019843,      -0.1242605,       0.2086517,
 -14000.0000000,  -47901.0000000,
      0.1530719,      -0.1140430,       0.2096248,
 -14000.0000000,  -48188.0000000,
      0.1282579,      -0.0928782,       0.2102735,
 -14000.0000000,  -48370.5000000,
      0.0946861,      -0.1490745,       0.2112466,
 -14000.0000000,  -48657.0000000,
      0.1574508,      -0.1001764,       0.2109223,
 -14000.0000000,  -48840.5000000,
      0.1012545,      -0.1249903,       0.2122197,
 -14000.0000000,  -49127.0000000,
      0.1348263,      -0.1271798,       0.2128685,
 -14000.0000000,  -49362.0000000,
      0.1428543,      -0.0892291,       0.2122197,
 -14000.0000000,  -49546.0000000,
      0.0961457,      -0.1162325,       0.2125441,
 -14000.0000000,  -49832.5000000,
      0.1114720,      -0.1249903,       0.2128685,
 -14000.0000000,  -50016.5000000,
      0.1632894,      -0.1096641,       0.2125441,
 -14000.0000000,  -50251.5000000,
      0.1333667,      -0.1359377,       0.2122197,
 -14000.0000000,  -50538.0000000,
      0.1881033,      -0.0804712,       0.2118954,
 -14000.0000000,  -50773.0000000,
      0.1866437,      -0.1125834,       0.2112466,
 -14000.0000000,  -50957.0000000,
      0.1574508,      -0.1052851,       0.2096248,
 -14000.0000000,  -51216.5000000,
      0.1713174,      -0.1198816,       0.2099492,
 -14000.0000000,  -51478.5000000,
      0.2056190,      -0.1279096,       0.2096248,
 -14000.0000000,  -51662.0000000,
      0.1465035,      -0.1169623,       0.2093004,
 -14000.0000000,  -51948.5000000,
      0.1829946,      -0.1585622,       0.2089761,
 -14000.0000000,  -52132.5000000,
      0.2289733,      -0.1366675,       0.2080030,
 -14000.0000000,  -52392.5000000,
      0.1727770,      -0.1439657,       0.2060568,
 -14000.0000000,  -52602.0000000,
      0.2158365,      -0.0782817,       0.2047593,
 -14000.0000000,  -52888.0000000,
      0.1764262,      -0.1089343,       0.2034619,
 -14000.0000000,  -53123.0000000,
      0.1260684,      -0.1264500,       0.2024888,
 -14000.0000000,  -53307.0000000,
      0.2209453,      -0.1249903,       0.2021644,
 -14000.0000000,  -53542.0000000,
      0.1654788,      -0.1074746,       0.2015157,
 -14000.0000000,  -53828.5000000,
      0.1676683,      -0.0884992,       0.2008669,
 -14000.0000000,  -54012.5000000,
      0.2348119,      -0.1176921,       0.1998938,
 -14000.0000000,  -54299.0000000,
      0.1625595,      -0.1417762,       0.1992451,
 -14000.0000000,  -54507.5000000,
      0.1727770,      -0.1235307,       0.1998938,
 -14000.0000000,  -54718.0000000,
      0.2194857,      -0.1439657,       0.1992451,
 -14000.0000000,  -55004.0000000,
      0.1691279,      -0.1300991,       0.1995695,
 -14000.0000000,  -55188.0000000,
      0.1662086,      -0.1395868,       0.1995695,
 -14000.0000000,  -55474.5000000,
      0.2172962,      -0.1760779,       0.1989207,
 -14000.0000000,  -55632.0000000,
      0.1406649,      -0.1636709,       0.2005426,
 -14000.0000000,  -55932.0000000,
      0.1939419,      -0.1366675,       0.2018400,
 -14000.0000000,  -56180.0000000,
      0.1713174,      -0.1257202,       0.2021644,
 -14000.0000000,  -56337.5000000,
      0.1311772,      -0.1629411,       0.2034619,
 -14000.0000000,  -56649.0000000,
      0.1632894,      -0.1541832,       0.2044350,
 -14000.0000000,  -56833.0000000,
      0.1669385,      -0.1133132,       0.2050837,
 -14000.0000000,  -57119.5000000,
      0.1348263,      -0.1760779,       0.2060568,
 -14000.0000000,  -57354.5000000,
      0.1961314,      -0.2060006,       0.2076786,
 -14000.0000000,  -57524.5000000,
      0.1640192,      -0.1651306,       0.2076786,
 -14000.0000000,  -57824.5000000,
      0.1158509,      -0.2030813,       0.2099492,
 -14000.0000000,  -58008.5000000,
      0.1698578,      -0.1651306,       0.2096248,
 -14000.0000000,  -58282.5000000,
      0.1209597,      -0.1425061,       0.2083273,
 -14000.0000000,  -58452.5000000,
      0.1406649,      -0.1388570,       0.2093004,
 -14000.0000000,  -58765.0000000,
      0.1610999,      -0.1454254,       0.2089761,
 -14000.0000000,  -59000.5000000,
      0.0976054,      -0.1658604,       0.2096248,
 -14000.0000000,  -59184.5000000,
      0.1435842,      -0.1315587,       0.2093004,
 -14000.0000000,  -59457.5000000,
      0.2253242,      -0.1337482,       0.2089761,
 -14000.0000000,  -59705.5000000,
      0.1924822,      -0.1388570,       0.2086517,
 -14000.0000000,  -59889.5000000,
      0.2151067,      -0.1235307,       0.2073542,
 -14000.0000000,  -60176.5000000,
      0.2545171,      -0.1103939,       0.2076786,
 -14000.0000000,  -60359.0000000,
      0.2224049,      -0.1636709,       0.2073542,
 -14000.0000000,  -60632.5000000,
      0.2019699,      -0.1410464,       0.2070299,
 -14000.0000000,  -60880.0000000,
      0.2362716,      -0.1483446,       0.2070299,
 -14000.0000000,  -61064.0000000,
      0.1530719,      -0.1607516,       0.2073542,
 -14000.0000000,  -61350.5000000,
      0.1946717,      -0.1644007,       0.2063811,
 -14000.0000000,  -61508.0000000,
      0.1669385,      -0.1957831,       0.2067055,
 -14000.0000000,  -61821.0000000,
      0.1457736,      -0.1760779,       0.2060568,
 -14000.0000000,  -62056.0000000,
      0.1946717,      -0.1534534,       0.2054080,
 -14000.0000000,  -62240.0000000,
      0.1917524,      -0.1775375,       0.2047593,
 -14000.0000000,  -62526.5000000,
      0.1508824,      -0.1921340,       0.2044350,
 -14000.0000000,  -62710.5000000,
      0.1881033,      -0.1695095,       0.2037862,
 -14000.0000000,  -62983.5000000,
      0.1406649,      -0.2067304,       0.2037862,
 -14000.0000000,  -63180.5000000,
      0.1348263,      -0.1716989,       0.2028131,
 -14000.0000000,  -63467.0000000,
      0.1355561,      -0.1658604,       0.2018400,
 -14000.0000000,  -63624.0000000,
      0.1231491,      -0.1512639,       0.2018400,
 -14000.0000000,  -63937.0000000,
      0.1078229,      -0.1644007,       0.2015157,
 -14000.0000000,  -64094.5000000,
      0.1216895,      -0.1702393,       0.2018400,
 -14000.0000000,  -64355.5000000,
      0.0837388,      -0.1855656,       0.2037862,
 -14000.0000000,  -64641.5000000,
      0.0786300,      -0.2169479,       0.2057324,
 -14000.0000000,  -64798.5000000,
      0.0706020,      -0.2081900,       0.2070299,
 -14000.0000000,  -65111.5000000,
      0.0640336,      -0.2257058,       0.2076786,
 -14000.0000000,  -65295.5000000,
      0.0786300,      -0.2096497,       0.2093004,
 -14000.0000000,  -65582.0000000,
      0.0384898,      -0.1782673,       0.2057324,
 -14000.0000000,  -65739.0000000,
      0.0443284,      -0.2074602,       0.2102735,
 -14000.0000000,  -66052.5000000,
      0.0800896,      -0.1899445,       0.2105979,
 -14000.0000000,  -66209.5000000,
      0.0581950,      -0.2132988,       0.2105979,
 -14000.0000000,  -66522.5000000,
      0.0158653,      -0.2132988,       0.2118954,
 -14000.0000000,  -66706.5000000,
      0.1129316,      -0.1965129,       0.2118954,
 -14000.0000000,  -66992.5000000,
      0.1012545,      -0.2008918,       0.2115710,
 -14000.0000000,  -67150.0000000,
      0.0691423,      -0.2162181,       0.2122197,
 -14000.0000000,  -67463.0000000,
      0.0873879,      -0.2016217,       0.2122197,
 -14000.0000000,  -67620.0000000,
      0.1530719,      -0.1921340,       0.2125441,
 -14000.0000000,  -67933.5000000,
      0.1494227,      -0.2227865,       0.2112466,
 -14000.0000000,  -68117.5000000,
      0.1669385,      -0.1892147,       0.2109223,
 -14000.0000000,  -68402.5000000,
      0.1786156,      -0.2030813,       0.2109223,
 -14000.0000000,  -68586.5000000,
      0.1078229,      -0.2147584,       0.2105979,
 -14000.0000000,  -68872.5000000,
      0.1808051,      -0.2242461,       0.2105979,
 -14000.0000000,  -69030.0000000,
      0.1983208,      -0.2169479,       0.2109223,
 -14000.0000000,  -69343.0000000,
      0.1917524,      -0.2008918,       0.2109223,
 -14000.0000000,  -69527.0000000,
      0.2479487,      -0.1935936,       0.2083273,
 -14000.0000000,  -69813.0000000,
      0.2450294,      -0.1892147,       0.2093004,
 -14000.0000000,  -69970.5000000,
      0.2282435,      -0.2016217,       0.2093004,
 -14000.0000000,  -70232.5000000,
      0.2581662,      -0.1804568,       0.2076786,
 -14000.0000000,  -70492.5000000,
      0.2457592,      -0.1782673,       0.2067055,
 -14000.0000000,  -70727.5000000,
      0.2340821,      -0.1855656,       0.2060568,
 -14000.0000000,  -70989.0000000,
      0.2391909,      -0.2132988,       0.2057324,
 -14000.0000000,  -71173.0000000,
      0.1975910,      -0.1789972,       0.2050837,
 -14000.0000000,  -71459.0000000,
      0.2260541,      -0.1848357,       0.2050837,
 -14000.0000000,  -71643.0000000,
      0.2340821,      -0.1819165,       0.2037862,
 -14000.0000000,  -71929.5000000,
      0.1975910,      -0.2023515,       0.2037862,
 -14000.0000000,  -72165.0000000,
      0.2056190,      -0.1695095,       0.2041106,
 -14000.0000000,  -72347.5000000,
      0.2085383,      -0.1826463,       0.2047593,
 -14000.0000000,  -72634.0000000,
      0.1574508,      -0.1906743,       0.2050837,
 -14000.0000000,  -72805.0000000,
      0.2326225,      -0.2111093,       0.2050837,
 -14000.0000000,  -73052.5000000,
      0.2669241,      -0.2198672,       0.2054080,
 -14000.0000000,  -73261.5000000,
      0.2377312,      -0.1987024,       0.2057324,
 -14000.0000000,  -73574.0000000,
      0.2121874,      -0.1658604,       0.2031375,
 -14000.0000000,  -73745.5000000,
      0.2669241,      -0.1512639,       0.2060568,
 -14000.0000000,  -73993.5000000,
      0.1902928,      -0.1906743,       0.2073542,
 -14000.0000000,  -74267.0000000,
      0.2048892,      -0.2023515,       0.2086517,
 -14000.0000000,  -74464.0000000,
      0.2099980,      -0.1914041,       0.2096248,
 -14000.0000000,  -74737.0000000,
      0.2048892,      -0.1848357,       0.2109223,
 -14000.0000000,  -74958.5000000,
      0.1829946,      -0.2213268,       0.2105979,
 -14000.0000000,  -75142.5000000,
      0.1829946,      -0.1892147,       0.2125441,
 -14000.0000000,  -75429.0000000,
      0.1975910,      -0.1687797,       0.2128685,
 -14000.0000000,  -75626.5000000,
      0.2158365,      -0.1789972,       0.2118954,
 -14000.0000000,  -75874.5000000,
      0.2282435,      -0.1892147,       0.2135172,
 -14000.0000000,  -76161.0000000,
      0.2158365,      -0.1789972,       0.2141659,
 -14000.0000000,  -76344.0000000,
      0.2180260,      -0.1563727,       0.2148146,
 -14000.0000000,  -76630.5000000,
      0.1844542,      -0.2008918,       0.2144903,
 -14000.0000000,  -76827.5000000,
      0.2479487,      -0.2030813,       0.2180583,
 -14000.0000000,  -77126.5000000,
      0.2669241,      -0.1841059,       0.2174096,
 -14000.0000000,  -77285.5000000,
      0.2231348,      -0.1943234,       0.2200045,
 -14000.0000000,  -77584.5000000,
      0.2924679,      -0.1819165,       0.2190314,
 -14000.0000000,  -77742.5000000,
      0.2530575,      -0.1935936,       0.2196801,
 -14000.0000000,  -78029.0000000,
      0.2428400,      -0.1892147,       0.2196801,
 -14000.0000000,  -78213.0000000,
      0.2800609,      -0.1804568,       0.2190314,
 -14000.0000000,  -78513.0000000,
      0.2099980,      -0.1884849,       0.2190314,
 -14000.0000000,  -78722.5000000,
      0.2661943,      -0.1877550,       0.2196801,
 -14000.0000000,  -78956.5000000,
      0.2990363,      -0.1899445,       0.2196801,
 -14000.0000000,  -79154.0000000,
      0.2231348,      -0.1819165,       0.2196801,
 -14000.0000000,  -79465.0000000,
      0.2654644,      -0.1687797,       0.2190314,
 -14000.0000000,  -79662.0000000,
      0.3070643,      -0.1899445,       0.2187070,
 -14000.0000000,  -79911.0000000,
      0.2654644,      -0.1687797,       0.2180583,
 -14000.0000000,  -80107.5000000,
      0.2486785,      -0.1819165,       0.2167608,
 -14000.0000000,  -80380.0000000,
      0.3085239,      -0.1899445,       0.2154634,
 -14000.0000000,  -80589.5000000,
      0.2661943,      -0.2132988,       0.2148146,
 -14000.0000000,  -80863.0000000,
      0.3114432,      -0.1760779,       0.2138415,
 -14000.0000000,  -81046.5000000,
      0.3056047,      -0.1571025,       0.2125441,
 -14000.0000000,  -81282.0000000,
      0.2610855,      -0.1775375,       0.2125441,
 -14000.0000000,  -81568.0000000,
      0.2910082,      -0.1738884,       0.2118954,
 -14000.0000000,  -81752.5000000,
      0.2581662,      -0.1702393,       0.2115710,
 -14000.0000000,  -82038.5000000,
      0.2355417,      -0.1585622,       0.2118954,
 -14000.0000000,  -82222.5000000,
      0.2837100,      -0.1914041,       0.2109223,
 -14000.0000000,  -82509.0000000,
      0.2742223,      -0.1906743,       0.2112466,
 -14000.0000000,  -82693.0000000,
      0.2370014,      -0.1950533,       0.2109223,
 -14000.0000000,  -82979.0000000,
      0.2676539,      -0.2052708,       0.2105979,
 -14000.0000000,  -83214.0000000,
      0.2187558,      -0.1819165,       0.2102735,
 -14000.0000000,  -83371.5000000,
      0.2129173,      -0.1680498,       0.2096248,
 -14000.0000000,  -83633.5000000,
      0.2545171,      -0.1826463,       0.2093004,
 -14000.0000000,  -83919.5000000,
      0.2180260,      -0.1527236,       0.2089761,
 -14000.0000000,  -84103.5000000,
      0.2063489,      -0.1826463,       0.2093004,
 -14000.0000000,  -84389.0000000,
      0.2720328,      -0.1585622,       0.2073542,
 -14000.0000000,  -84546.5000000,
      0.1720472,      -0.1644007,       0.2076786,
 -14000.0000000,  -84859.0000000,
      0.2151067,      -0.1585622,       0.2063811,
 -14000.0000000,  -85043.0000000,
      0.2384610,      -0.1687797,       0.2047593,
 -14000.0000000,  -85278.0000000,
      0.1815349,      -0.1468850,       0.2031375,
 -14000.0000000,  -85551.5000000,
      0.2501382,      -0.1833761,       0.2011913,
 -14000.0000000,  -85721.5000000,
      0.2486785,      -0.1687797,       0.2005426,
 -14000.0000000,  -86035.0000000,
      0.1822647,      -0.1446955,       0.2002182,
 -14000.0000000,  -86192.0000000,
      0.2413803,      -0.1724288,       0.1995695,
 -14000.0000000,  -86454.0000000,
      0.2107278,      -0.1906743,       0.1992451,
 -14000.0000000,  -86740.0000000,
      0.1968612,      -0.1563727,       0.1982720,
 -14000.0000000,  -86924.0000000,
      0.2114576,      -0.1162325,       0.1969746,
 -14000.0000000,  -87210.5000000,
      0.2187558,      -0.1439657,       0.1953527,
 -14000.0000000,  -87381.5000000,
      0.1720472,      -0.1665902,       0.1934065,
 -14000.0000000,  -87680.5000000,
      0.2034296,      -0.1870252,       0.1914603,
 -14000.0000000,  -87864.5000000,
      0.2304330,      -0.1687797,       0.1914603,
 -14000.0000000,  -88151.0000000,
      0.2048892,      -0.1709691,       0.1924334,
 -14000.0000000,  -88308.5000000,
      0.1793454,      -0.1811866,       0.1956771,
 -14000.0000000,  -88620.5000000,
      0.1683981,      -0.2373829,       0.1989207,
 -14000.0000000,  -88855.0000000,
      0.2034296,      -0.2016217,       0.2028131,
 -14000.0000000,  -89039.0000000,
      0.1983208,      -0.1965129,       0.2044350,
 -14000.0000000,  -89312.5000000,
      0.1793454,      -0.1760779,       0.2067055,
 -14000.0000000,  -89509.5000000,
      0.2253242,      -0.1476148,       0.2067055,
 -14000.0000000,  -89783.0000000,
      0.2559768,      -0.1928638,       0.2073542,
 -14000.0000000,  -89953.0000000,
      0.2764118,      -0.1972427,       0.2073542,
 -14000.0000000,  -90239.5000000,
      0.2902784,      -0.1789972,       0.2073542,
 -14000.0000000,  -90423.5000000,
      0.2997661,      -0.1862954,       0.2054080,
 -14000.0000000,  -90710.0000000,
      0.2917380,      -0.1534534,       0.2060568,
 -14000.0000000,  -90971.0000000,
      0.3085239,      -0.1797270,       0.2060568,
 -14000.0000000,  -91155.0000000,
      0.3603413,      -0.1943234,       0.2067055,
 -14000.0000000,  -91441.5000000,
      0.3311484,      -0.1848357,       0.2076786,
 -14000.0000000,  -91625.5000000,
      0.3712886,      -0.2184076,       0.2096248,
 -14000.0000000,  -91899.0000000,
      0.3552326,      -0.2096497,       0.2109223,
 -14000.0000000,  -92147.0000000,
      0.2844398,      -0.2052708,       0.2109223,
 -14000.0000000,  -92330.0000000,
      0.3399063,      -0.1819165,       0.2102735,
 -14000.0000000,  -92590.0000000,
      0.3231204,      -0.1585622,       0.2109223,
 -14000.0000000,  -92773.5000000,
      0.3056047,      -0.1498043,       0.2099492,
 -14000.0000000,  -93086.5000000,
      0.3172818,      -0.1206114,       0.2080030,
 -14000.0000000,  -93270.5000000,
      0.2515978,      -0.1461552,       0.2063811,
 -14000.0000000,  -93544.0000000,
      0.2442996,      -0.1388570,       0.2047593,
 -14000.0000000,  -93740.5000000,
      0.3253098,      -0.1505341,       0.2024888,
 -14000.0000000,  -94027.0000000,
      0.2435698,      -0.1425061,       0.2018400,
 -14000.0000000,  -94211.0000000,
      0.2552469,      -0.1789972,       0.2008669,
 -14000.0000000,  -94485.0000000,
      0.3202011,      -0.1556429,       0.2008669,
 -14000.0000000,  -94681.5000000,
      0.2705732,      -0.1505341,       0.2018400,
 -14000.0000000,  -94967.5000000,
      0.2866293,      -0.1782673,       0.2018400,
 -14000.0000000,  -95137.5000000,
      0.2975766,      -0.1446955,       0.1992451,
 -14000.0000000,  -95386.5000000,
      0.2377312,      -0.1709691,       0.2024888,
 -14000.0000000,  -95673.0000000,
      0.2975766,      -0.1578323,       0.2021644,
 -14000.0000000,  -95857.0000000,
      0.2844398,      -0.1549130,       0.2015157,
 -14000.0000000,  -96092.0000000,
      0.2348119,      -0.1819165,       0.2002182,
 -14000.0000000,  -96352.0000000,
      0.3085239,      -0.1155027,       0.1982720,
 -14000.0000000,  -96612.5000000,
      0.2822503,      -0.1344780,       0.1995695,
 -14000.0000000,  -96769.5000000,
      0.2545171,      -0.1957831,       0.2005426,
 -14000.0000000,  -97056.0000000,
      0.2953871,      -0.1658604,       0.2011913,
 -14000.0000000,  -97240.0000000,
      0.2450294,      -0.2030813,       0.2028131,
 -14000.0000000,  -97449.5000000,
      0.2048892,      -0.2023515,       0.2047593,
 -14000.0000000,  -97775.5000000,
      0.2910082,      -0.1541832,       0.2047593,
 -14000.0000000,  -97945.5000000,
      0.2727627,      -0.1782673,       0.2070299,
 -14000.0000000,  -98246.0000000,
      0.2399207,      -0.1731586,       0.2070299,
 -14000.0000000,  -98442.5000000,
      0.2917380,      -0.1658604,       0.2070299,
 -14000.0000000,  -98702.5000000,
      0.2457592,      -0.1592920,       0.2076786,
 -14000.0000000,  -98899.5000000,
      0.2209453,      -0.1906743,       0.2080030,
 -14000.0000000,  -99147.5000000,
      0.2917380,      -0.1855656,       0.2080030,
 -14000.0000000,  -99421.5000000,
      0.2654644,      -0.1906743,       0.2089761,
 -14000.0000000,  -99591.5000000,
      0.2588960,      -0.1432359,       0.2096248,
 -14000.0000000,  -99891.5000000,
      0.2669241,      -0.1804568,       0.2093004,
 -14000.0000000, -100113.0000000,
      0.2370014,      -0.1454254,       0.2096248,
 -14000.0000000, -100348.5000000,
      0.2647346,      -0.1600218,       0.2096248,
 -14000.0000000, -100596.0000000,
      0.2304330,      -0.1760779,       0.2089761,
 -14000.0000000, -100792.5000000,
      0.2034296,      -0.1884849,       0.2093004,
 -14000.0000000, -101079.0000000,
      0.2494084,      -0.2154883,       0.2099492,
 -14000.0000000, -101262.5000000,
      0.2486785,      -0.1636709,       0.2109223,
 -14000.0000000, -101498.0000000,
      0.2581662,      -0.2038111,       0.2115710,
 -14000.0000000, -101758.0000000,
      0.2829802,      -0.1753481,       0.2109223,
 -14000.0000000, -101968.0000000,
      0.2567066,      -0.1505341,       0.2122197,
 -14000.0000000, -102228.5000000,
      0.2340821,      -0.1804568,       0.2125441,
 -14000.0000000, -102463.5000000,
      0.2530575,      -0.1629411,       0.2128685,
 -14000.0000000, -102673.5000000,
      0.2056190,      -0.1914041,       0.2128685,
 -14000.0000000, -102947.0000000,
      0.2749521,      -0.2125690,       0.2122197,
 -14000.0000000, -103168.5000000,
      0.2596259,      -0.2162181,       0.2128685,
 -14000.0000000, -103404.0000000,
      0.2618153,      -0.1841059,       0.2115710,
 -14000.0000000, -103639.0000000,
      0.2866293,      -0.1906743,       0.2128685,
 -14000.0000000, -103836.5000000,
      0.2574364,      -0.1833761,       0.2144903,
 -14000.0000000, -104084.5000000,
      0.2275137,      -0.1811866,       0.2138415,
 -14000.0000000, -104344.5000000,
      0.2837100,      -0.1965129,       0.2144903,
 -14000.0000000, -104592.0000000,
      0.2990363,      -0.1972427,       0.2148146,
 -14000.0000000, -104788.5000000,
      0.2669241,      -0.2227865,       0.2148146,
 -14000.0000000, -105048.5000000,
      0.3034152,      -0.1957831,       0.2144903,
 -14000.0000000, -105297.5000000,
      0.2822503,      -0.1702393,       0.2151390,
 -14000.0000000, -105519.0000000,
      0.2596259,      -0.1979725,       0.2135172,
 -14000.0000000, -105754.0000000,
      0.2691136,      -0.2067304,       0.2154634,
 -14000.0000000, -106003.0000000,
      0.2895486,      -0.2286251,       0.2161121,
 -14000.0000000, -106238.0000000,
      0.2457592,      -0.1979725,       0.2164365,
 -14000.0000000, -106422.0000000,
      0.2559768,      -0.2169479,       0.2164365,
 -14000.0000000, -106694.5000000,
      0.2391909,      -0.2140286,       0.2170852,
 -14000.0000000, -106905.0000000,
      0.2428400,      -0.2461408,       0.2170852,
 -14000.0000000, -107164.0000000,
      0.2267839,      -0.2373829,       0.2167608,
 -14000.0000000, -107396.0000000,
      0.2486785,      -0.2417619,       0.2174096,
 -14000.0000000, -107638.5000000,
      0.2515978,      -0.2315444,       0.2167608,
 -14000.0000000, -107828.0000000,
      0.2851696,      -0.2169479,       0.2161121,
 -14000.0000000, -108089.5000000,
      0.2428400,      -0.2417619,       0.2151390,
 -14000.0000000, -108274.0000000,
      0.2559768,      -0.2016217,       0.2177339,
 -14000.0000000, -108516.5000000,
      0.2596259,      -0.2162181,       0.2167608,
 -14000.0000000, -108733.5000000,
      0.2194857,      -0.2351935,       0.2177339,
 -14000.0000000, -108947.5000000,
      0.2983064,      -0.2038111,       0.2170852,
 -14000.0000000, -109172.0000000,
      0.2603557,      -0.2381128,       0.2177339,
 -14000.0000000, -109323.5000000,
      0.2632750,      -0.2089199,       0.2183827,
 -14000.0000000, -109554.5000000,
      0.2537873,      -0.2359233,       0.2174096,
 -14000.0000000, -109736.0000000,
      0.2720328,      -0.2563583,       0.2174096,
 -14000.0000000, -109961.0000000,
      0.2479487,      -0.2512495,       0.2170852,
 -14000.0000000, -110192.5000000,
      0.2815205,      -0.2359233,       0.2164365,
 -14000.0000000, -110357.0000000,
      0.2625452,      -0.2497899,       0.2177339,
 -14000.0000000, -110571.5000000,
      0.2537873,      -0.2454110,       0.2174096,
 -14000.0000000, -110743.0000000,
      0.2961170,      -0.2388426,       0.2167608,
 -14000.0000000, -110963.0000000,
      0.2669241,      -0.2381128,       0.2167608,
 -14000.0000000, -111119.0000000,
      0.2567066,      -0.2359233,       0.2177339,
 -14000.0000000, -111333.0000000,
      0.2640048,      -0.2570881,       0.2167608,
 -14000.0000000, -111514.5000000,
      0.2107278,      -0.2403022,       0.2177339,
 -14000.0000000, -111644.0000000,
      0.2515978,      -0.2483303,       0.2161121,
 -14000.0000000, -111831.0000000,
      0.2815205,      -0.2293549,       0.2170852,
 -14000.0000000, -112015.0000000,
      0.2260541,      -0.2315444,       0.2170852,
 -14000.0000000, -112214.5000000,
      0.2793311,      -0.2512495,       0.2157877,
 -14000.0000000, -112347.0000000,
      0.2895486,      -0.2432215,       0.2144903,
 -14000.0000000, -112531.5000000,
      0.2837100,      -0.2651162,       0.2164365,
 -14000.0000000, -112678.5000000,
      0.3085239,      -0.2315444,       0.2161121,
 -14000.0000000, -112875.5000000,
      0.2895486,      -0.2410320,       0.2161121,
 -14000.0000000, -113000.0000000,
      0.2523276,      -0.2278952,       0.2154634,
 -14000.0000000, -113191.0000000,
      0.2698434,      -0.2417619,       0.2151390,
 -14000.0000000, -113312.0000000,
      0.2742223,      -0.2300847,       0.2148146,
 -14000.0000000, -113496.5000000,
      0.2545171,      -0.2417619,       0.2135172,
 -14000.0000000, -113613.0000000,
      0.2990363,      -0.2140286,       0.2131928,
 -14000.0000000, -113775.5000000,
      0.2727627,      -0.2264356,       0.2125441,
 -14000.0000000, -113912.5000000,
      0.2567066,      -0.2227865,       0.2115710,
 -14000.0000000, -114069.0000000,
      0.2640048,      -0.2687653,       0.2102735,
 -14000.0000000, -114216.0000000,
      0.2435698,      -0.2417619,       0.2096248,
 -14000.0000000, -114322.5000000,
      0.2924679,      -0.2373829,       0.2099492,
 -14000.0000000, -114464.0000000,
      0.2676539,      -0.2541688,       0.2089761,
 -14000.0000000, -114609.5000000,
      0.2618153,      -0.2673056,       0.2086517,
 -14000.0000000, -114731.5000000,
      0.2494084,      -0.2439513,       0.2089761,
 -14000.0000000, -114837.5000000,
      0.2793311,      -0.2928494,       0.2093004,
 -14000.0000000, -114995.5000000,
      0.2494084,      -0.2716846,       0.2093004,
 -14000.0000000, -115084.0000000,
      0.2661943,      -0.2563583,       0.2099492,
 -14000.0000000, -115203.5000000,
      0.2698434,      -0.2680355,       0.2099492,
 -14000.0000000, -115345.5000000,
      0.2486785,      -0.2585478,       0.2099492,
 -14000.0000000, -115466.0000000,
      0.2924679,      -0.2629267,       0.2102735,
 -14000.0000000, -115553.5000000,
      0.2581662,      -0.2585478,       0.2105979,
 -14000.0000000, -115686.5000000,
      0.2567066,      -0.2906599,       0.2105979,
 -14000.0000000, -115763.5000000,
      0.2515978,      -0.2811723,       0.2112466,
 -14000.0000000, -115885.0000000,
      0.2756820,      -0.2731442,       0.2118954,
 -14000.0000000, -115970.5000000,
      0.2610855,      -0.2899301,       0.2122197,
 -14000.0000000, -116097.0000000,
      0.2888187,      -0.2884705,       0.2125441,
 -14000.0000000, -116167.0000000,
      0.2574364,      -0.2746039,       0.2112466,
 -14000.0000000, -116287.0000000,
      0.2515978,      -0.2804424,       0.2024888,
 -14000.0000000, -116353.0000000,
      0.3136327,      -0.2738740,       0.2031375,
 -14000.0000000, -116457.0000000,
      0.2807907,      -0.2527092,       0.2118954,
 -14000.0000000, -116539.5000000,
      0.2545171,      -0.2862810,       0.2141659,
 -14000.0000000, -116632.0000000,
      0.2399207,      -0.2782530,       0.2141659,
 -14000.0000000, -116718.0000000,
      0.2472189,      -0.3030669,       0.2144903,
 -14000.0000000, -116784.5000000,
      0.2362716,      -0.2877406,       0.2141659,
 -14000.0000000, -116861.0000000,
      0.2669241,      -0.3125546,       0.2138415,
 -14000.0000000, -116947.0000000,
      0.2596259,      -0.2840915,       0.2138415,
 -14000.0000000, -117007.0000000,
      0.2552469,      -0.2935792,       0.2144903,
 -14000.0000000, -117094.5000000,
      0.2297032,      -0.2964985,       0.2138415,
 -14000.0000000, -117139.5000000,
      0.2654644,      -0.2913898,       0.2135172,
 -14000.0000000, -117203.5000000,
      0.2844398,      -0.2892003,       0.2138415,
 -14000.0000000, -117275.0000000,
      0.2596259,      -0.3030669,       0.2138415,
 -14000.0000000, -117325.0000000,
      0.2355417,      -0.2972283,       0.2141659,
 -14000.0000000, -117399.5000000,
      0.2238646,      -0.3037967,       0.2138415,
 -14000.0000000, -117436.0000000,
      0.2552469,      -0.3198528,       0.2144903,
 -14000.0000000, -117498.5000000,
      0.2413803,      -0.2548987,       0.2144903,
 -14000.0000000, -117539.5000000,
      0.2640048,      -0.2724144,       0.2138415,
 -14000.0000000, -117593.5000000,
      0.2588960,      -0.3103651,       0.2144903,
 -14000.0000000, -117630.5000000,
      0.1939419,      -0.3140142,       0.2141659,
 -14000.0000000, -117679.0000000,
      0.2275137,      -0.2760635,       0.2138415,
 -14000.0000000, -117711.5000000,
      0.2165664,      -0.2840915,       0.2138415,
 -14000.0000000, -117758.0000000,
      0.2362716,      -0.2972283,       0.2138415,
 -14000.0000000, -117784.0000000,
      0.2545171,      -0.3308001,       0.2141659,
 -14000.0000000, -117819.0000000,
      0.2603557,      -0.2738740,       0.2144903,
 -14000.0000000, -117840.5000000,
      0.2209453,      -0.3059862,       0.2148146,
 -14000.0000000, -117874.0000000,
      0.2151067,      -0.3074458,       0.2141659,
 -14000.0000000, -117893.0000000,
      0.2311628,      -0.3045266,       0.2138415,
 -14000.0000000, -117919.5000000,
      0.2151067,      -0.2789828,       0.2141659,
 -14000.0000000, -117935.0000000,
      0.2413803,      -0.3103651,       0.2141659,
 -14000.0000000, -117954.5000000,
      0.2326225,      -0.2986880,       0.2138415,
 -14000.0000000, -117965.0000000,
      0.2391909,      -0.2950389,       0.2128685,
 -14000.0000000, -117976.0000000,
      0.2377312,      -0.3103651,       0.2138415,
 -14000.0000000, -117987.5000000,
      0.2158365,      -0.3023371,       0.2135172,
 -14000.0000000, -117994.5000000,
      0.2129173,      -0.2935792,       0.2138415,
 -14000.0000000, -117997.5000000,
      0.2333523,      -0.3235019,       0.2135172,
 -14000.0000000, -117999.5000000,
      0.2333523,      -0.3242318,       0.2135172,
 -14000.0000000, -117999.5000000,
      0.2515978,      -0.3154739,       0.2131928,
 -14000.0000000, -117999.5000000,
      0.2377312,      -0.3118248,       0.2135172,
 -14000.0000000, -117999.5000000,
      0.2092681,      -0.2964985,       0.2135172,
 -14000.0000000, -117999.5000000,
      0.1983208,      -0.3132844,       0.2138415,
 -14000.0000000, -117999.5000000,
      0.2158365,      -0.2585478,       0.2125441,
 -14000.0000000, -117999.5000000,
      0.2209453,      -0.2804424,       0.2135172,
 -14000.0000000, -117999.5000000,
      0.2391909,      -0.2979582,       0.2131928,
 -14000.0000000, -117999.5000000,
      0.2377312,      -0.2892003,       0.2135172,
 -14000.0000000, -117999.5000000,
      0.2202155,      -0.3344493,       0.2141659,
 -14000.0000000, -117999.5000000,
      0.2391909,      -0.3213125,       0.2138415,
 -14000.0000000, -118000.0000000,
      0.2165664,      -0.3074458,       0.2128685,
 -14000.0000000, -118000.0000000,
      0.2435698,      -0.2892003,       0.2141659,
 -14000.0000000, -118000.0000000,
      0.2486785,      -0.3176634,       0.2135172,
 -14000.0000000, -118000.0000000,
      0.2523276,      -0.2957687,       0.2135172,
 -14000.0000000, -118000.0000000,
      0.2669241,      -0.2636565,       0.2128685,
 -14000.0000000, -118000.0000000,
      0.2026997,      -0.2833617,       0.2131928,
 -14000.0000000, -118000.0000000,
      0.2362716,      -0.2840915,       0.2141659,
 -14000.0000000, -118000.0000000,
      0.2253242,      -0.3132844,       0.2131928,
 -14000.0000000, -118000.0000000,
      0.2085383,      -0.3059862,       0.2135172,
 -14000.0000000, -118000.0000000,
      0.2391909,      -0.3264212,       0.2131928,
 -14000.0000000, -118000.0000000,
      0.2494084,      -0.3037967,       0.2131928,
 -14000.0000000, -118000.0000000,
      0.2202155,      -0.3059862,       0.2135172,
 -14000.0000000, -118000.0000000,
      0.2399207,      -0.3417475,       0.2135172,
 -14000.0000000, -118000.0000000,
      0.2231348,      -0.2906599,       0.2135172,
 -14000.0000000, -118000.0000000,
      0.2260541,      -0.2658460,       0.2128685,
 -14000.0000000, -118000.0000000,
      0.2391909,      -0.2651162,       0.2131928,
 -14000.0000000, -118000.0000000,
      0.2428400,      -0.2994178,       0.2131928,
 -14000.0000000, -118000.0000000,
      0.2567066,      -0.3183932,       0.2135172,
 -14000.0000000, -118000.0000000,
      0.2370014,      -0.3110950,       0.2135172,
 -14000.0000000, -118000.0000000,
      0.2231348,      -0.3140142,       0.2131928,
 -14000.0000000, -118000.0000000,
      0.2318926,      -0.3081757,       0.2128685,
 -14000.0000000, -118000.0000000,
      0.2260541,      -0.3322598,       0.2135172,
 -14000.0000000, -118000.0000000,
      0.2216751,      -0.3227721,       0.2138415,
 -14000.0000000, -118000.0000000,
      0.1975910,      -0.3067160,       0.2138415,
 -14000.0000000, -118000.0000000,
      0.2618153,      -0.3424773,       0.2135172,
 -14000.0000000, -118000.0000000,
      0.2552469,      -0.2913898,       0.2128685,
 -14000.0000000, -118000.0000000,
      0.2523276,      -0.3147441,       0.2128685,
 -14000.0000000, -118000.0000000,
      0.2391909,      -0.2870108,       0.2135172,
 -14000.0000000, -118000.0000000,
      0.2121874,      -0.2833617,       0.2131928,
 -14000.0000000, -118000.0000000,
      0.2085383,      -0.3220423,       0.2131928,
 -14000.0000000, -118000.0000000,
      0.2282435,      -0.3089055,       0.2135172,
 -14000.0000000, -118000.0000000,
      0.2370014,      -0.3023371,       0.2131928,
 -14000.0000000, -118000.0000000,
      0.2253242,      -0.3147441,       0.2138415,
 -14000.0000000, -118000.0000000,
      0.2202155,      -0.3235019,       0.2135172,
 -14000.0000000, -118000.0000000,
      0.2304330,      -0.3008774,       0.2135172,
 -14000.0000000, -118000.0000000,
      0.2501382,      -0.2870108,       0.2125441,
 -14000.0000000, -118000.0000000,
      0.2384610,      -0.2716846,       0.2128685,
 -14000.0000000, -118000.0000000,
      0.1990506,      -0.3023371,       0.2135172,
 -14000.0000000, -118000.0000000,
      0.2450294,      -0.3191230,       0.2135172,
 -14000.0000000, -118000.0000000,
      0.2413803,      -0.3213125,       0.2131928,
 -14000.0000000, -118000.0000000,
      0.2311628,      -0.3030669,       0.2131928,
 -14000.0000000, -118000.0000000,
      0.2224049,      -0.2840915,       0.2135172,
 -14000.0000000, -118000.0000000,
      0.2165664,      -0.3008774,       0.2135172,
 -14000.0000000, -118000.0000000,
      0.2391909,      -0.3249616,       0.2135172,
 -14000.0000000, -118000.0000000,
      0.2384610,      -0.2921196,       0.2131928,
 -14000.0000000, -118000.0000000,
      0.2370014,      -0.3242318,       0.2128685,
 -14000.0000000, -118000.0000000,
      0.2085383,      -0.3067160,       0.2128685,
 -14000.0000000, -118000.0000000,
      0.2158365,      -0.2840915,       0.2131928,
 -14000.0000000, -118000.0000000,
      0.2348119,      -0.3059862,       0.2135172,
 -14000.0000000, -118000.0000000,
      0.2377312,      -0.2811723,       0.2131928,
 -14000.0000000, -118000.0000000,
      0.2399207,      -0.2950389,       0.2131928,
 -14000.0000000, -118000.0000000,
      0.2508680,      -0.3074458,       0.2135172,
 -14000.0000000, -118000.0000000,
      0.2669241,      -0.3235019,       0.2138415,
 -14000.0000000, -118000.0000000,
      0.2224049,      -0.3016073,       0.2135172,
 -14000.0000000, -118000.0000000,
      0.2311628,      -0.3074458,       0.2131928,
 -14000.0000000, -118000.0000000,
      0.2457592,      -0.3045266,       0.2131928,
 -14000.0000000, -118000.0000000,
      0.2231348,      -0.2673056,       0.2131928,
 -14000.0000000, -118000.0000000,
      0.2428400,      -0.3096353,       0.2131928,
 -14000.0000000, -118000.0000000,
      0.2318926,      -0.3052564,       0.2135172,
 -14000.0000000, -118000.0000000,
      0.2267839,      -0.2950389,       0.2128685,
 -14000.0000000, -118000.0000000,
      0.2348119,      -0.3154739,       0.2131928,
 -14000.0000000, -118000.0000000,
      0.2581662,      -0.3074458,       0.2135172,
 -14000.0000000, -118000.0000000,
      0.2318926,      -0.2694951,       0.2135172,
 -14000.0000000, -118000.0000000,
      0.2099980,      -0.3103651,       0.2135172,
 -14000.0000000, -118000.0000000,
      0.2107278,      -0.2862810,       0.2135172,
 -14000.0000000, -118000.0000000,
      0.2333523,      -0.3001476,       0.2131928,
 -14000.0000000, -118000.0000000,
      0.2457592,      -0.2906599,       0.2135172,
 -14000.0000000, -118000.0000000,
      0.2384610,      -0.2899301,       0.2131928,
 -14000.0000000, -118000.0000000,
      0.2435698,      -0.2921196,       0.2131928,
 -14000.0000000, -118000.0000000,
      0.2384610,      -0.2716846,       0.2131928,
 -14000.0000000, -118000.0000000,
      0.2479487,      -0.3147441,       0.2135172,
 -14000.0000000, -118000.0000000,
      0.2260541,      -0.2848214,       0.2138415,
 -14000.0000000, -118000.0000000,
      0.1983208,      -0.2921196,       0.2131928,
 -14000.0000000, -118000.0000000,
      0.2567066,      -0.2943090,       0.2135172,
 -14000.0000000, -118000.0000000,
      0.2297032,      -0.3169335,       0.2131928,
 -14000.0000000, -118000.0000000,
      0.2333523,      -0.2665758,       0.2131928,
 -14000.0000000, -118000.0000000,
      0.2413803,      -0.2884705,       0.2135172,
 -14000.0000000, -118000.0000000,
      0.1961314,      -0.3169335,       0.2135172,
 -14000.0000000, -118000.0000000,
      0.2567066,      -0.3147441,       0.2131928,
 -14000.0000000, -118000.0000000,
