      0.0428687,      -0.2205970,       0.2138415,
 -13000.0000000, -118000.0000000,
      0.0406793,      -0.1884849,       0.2141659,
 -13000.0000000, -118000.0000000,
      0.0508968,      -0.1775375,       0.2138415,
 -13000.0000000, -118000.0000000,
      0.0092969,      -0.2162181,       0.2138415,
 -13000.0000000, -118000.0000000,
      0.0392196,      -0.1870252,       0.2135172,
 -13000.0000000, -117996.5000000,
      0.0406793,      -0.2235163,       0.2131928,
 -13000.0000000, -117993.5000000,
      0.0457880,      -0.1768077,       0.2131928,
 -13000.0000000, -117982.5000000,
      0.0414091,      -0.2191374,       0.2135172,
 -13000.0000000, -117976.5000000,
     -0.0023802,      -0.1987024,       0.2141659,
 -13000.0000000, -117960.5000000,
      0.0435985,      -0.2016217,       0.2144903,
 -13000.0000000, -117947.0000000,
      0.0209741,      -0.2154883,       0.2135172,
 -13000.0000000, -117927.0000000,
      0.0538161,      -0.2366531,       0.2138415,
 -13000.0000000, -117905.5000000,
      0.0297319,      -0.2351935,       0.2144903,
 -13000.0000000, -117887.5000000,
      0.0530862,      -0.1629411,       0.2138415,
 -13000.0000000, -117856.5000000,
      0.0450582,      -0.1797270,       0.2138415,
 -13000.0000000, -117836.0000000,
      0.0487073,      -0.1884849,       0.2138415,
 -13000.0000000, -117804.5000000,
      0.0202442,      -0.2169479,       0.2135172,
 -13000.0000000, -117768.5000000,
      0.0837388,      -0.1760779,       0.2138415,
 -13000.0000000, -117739.0000000,
      0.0392196,      -0.2154883,       0.2138415,
 -13000.0000000, -117686.5000000,
      0.0114864,      -0.2293549,       0.2135172,
 -13000.0000000, -117659.0000000,
      0.0581950,      -0.2067304,       0.2138415,
 -13000.0000000, -117602.0000000,
      0.0706020,      -0.1841059,       0.2135172,
 -13000.0000000, -117571.5000000,
      0.0246232,      -0.2118392,       0.2138415,
 -13000.0000000, -117508.0000000,
      0.0720616,      -0.1622113,       0.2141659,
 -13000.0000000, -117471.0000000,
      0.0487073,      -0.2045409,       0.2138415,
 -13000.0000000, -117403.5000000,
      0.0844686,      -0.2125690,       0.2135172,
 -13000.0000000, -117366.0000000,
      0.0662230,      -0.1892147,       0.2135172,
 -13000.0000000, -117295.5000000,
      0.0786300,      -0.2205970,       0.2141659,
 -13000.0000000, -117238.5000000,
      0.0538161,      -0.2001620,       0.2148146,
 -13000.0000000, -117171.5000000,
      0.0319214,      -0.1994322,       0.2141659,
 -13000.0000000, -117124.5000000,
      0.0581950,      -0.2081900,       0.2135172,
 -13000.0000000, -117042.0000000,
      0.0793598,      -0.2074602,       0.2138415,
 -13000.0000000, -116967.0000000,
      0.1085527,      -0.1979725,       0.2138415,
 -13000.0000000, -116910.0000000,
      0.0297319,      -0.1826463,       0.2141659,
 -13000.0000000, -116818.0000000,
      0.0479775,      -0.1753481,       0.2138415,
 -13000.0000000, -116757.5000000,
      0.0720616,      -0.1892147,       0.2138415,
 -13000.0000000, -116650.5000000,
      0.0333810,      -0.1914041,       0.2135172,
 -13000.0000000, -116594.5000000,
      0.0669529,      -0.1884849,       0.2089761,
 -13000.0000000, -116496.0000000,
      0.0611143,      -0.1943234,       0.2015157,
 -13000.0000000, -116402.5000000,
      0.0647634,      -0.2016217,       0.2057324,
 -13000.0000000, -116332.0000000,
      0.0530862,      -0.1687797,       0.2125441,
 -13000.0000000, -116208.5000000,
      0.0837388,      -0.1870252,       0.2118954,
 -13000.0000000, -116144.5000000,
      0.0457880,      -0.1979725,       0.2112466,
 -13000.0000000, -116014.0000000,
      0.0625739,      -0.2008918,       0.2112466,
 -13000.0000000, -115952.5000000,
      0.0742511,      -0.1862954,       0.2109223,
 -13000.0000000, -115821.0000000,
      0.0348407,      -0.2016217,       0.2099492,
 -13000.0000000, -115738.5000000,
      0.0793598,      -0.1789972,       0.2099492,
 -13000.0000000, -115601.0000000,
      0.0910370,      -0.1811866,       0.2102735,
 -13000.0000000, -115520.5000000,
      0.0808195,      -0.1738884,       0.2105979,
 -13000.0000000, -115383.0000000,
      0.0764405,      -0.1921340,       0.2096248,
 -13000.0000000, -115293.0000000,
      0.0421389,      -0.2074602,       0.2096248,
 -13000.0000000, -115136.0000000,
      0.0771704,      -0.2030813,       0.2089761,
 -13000.0000000, -115055.0000000,
      0.0662230,      -0.1687797,       0.2093004,
 -13000.0000000, -114891.5000000,
      0.0662230,      -0.1658604,       0.2080030,
 -13000.0000000, -114800.0000000,
      0.0625739,      -0.1862954,       0.2080030,
 -13000.0000000, -114652.0000000,
      0.0997948,      -0.1410464,       0.2086517,
 -13000.0000000, -114549.5000000,
      0.0866580,      -0.1279096,       0.2086517,
 -13000.0000000, -114388.0000000,
      0.1165808,      -0.1658604,       0.2089761,
 -13000.0000000, -114282.0000000,
      0.0472477,      -0.1293693,       0.2093004,
 -13000.0000000, -114114.0000000,
      0.0589248,      -0.1804568,       0.2105979,
 -13000.0000000, -114004.0000000,
      0.1246088,      -0.1585622,       0.2115710,
 -13000.0000000, -113861.5000000,
      0.0779002,      -0.1549130,       0.2122197,
 -13000.0000000, -113684.0000000,
      0.0706020,      -0.1716989,       0.2118954,
 -13000.0000000, -113560.5000000,
      0.0910370,      -0.1753481,       0.2135172,
 -13000.0000000, -113385.0000000,
      0.1070931,      -0.1556429,       0.2141659,
 -13000.0000000, -113265.5000000,
      0.0654932,      -0.1563727,       0.2138415,
 -13000.0000000, -113059.0000000,
      0.0910370,      -0.1600218,       0.2141659,
 -13000.0000000, -112953.0000000,
      0.1151211,      -0.1578323,       0.2144903,
 -13000.0000000, -112740.0000000,
      0.0654932,      -0.1680498,       0.2151390,
 -13000.0000000, -112630.5000000,
      0.1049036,      -0.1892147,       0.2138415,
 -13000.0000000, -112411.0000000,
      0.0596546,      -0.1884849,       0.2157877,
 -13000.0000000, -112298.0000000,
      0.1027141,      -0.1724288,       0.2157877,
 -13000.0000000, -112071.5000000,
      0.0939563,      -0.1724288,       0.2151390,
 -13000.0000000, -111955.0000000,
      0.0786300,      -0.1760779,       0.2161121,
 -13000.0000000, -111742.0000000,
      0.0508968,      -0.1490745,       0.2157877,
 -13000.0000000, -111603.0000000,
      0.0910370,      -0.1505341,       0.2161121,
 -13000.0000000, -111403.5000000,
      0.1158509,      -0.1709691,       0.2157877,
 -13000.0000000, -111240.0000000,
      0.0749809,      -0.1571025,       0.2154634,
 -13000.0000000, -111054.5000000,
      0.0633037,      -0.1892147,       0.2157877,
 -13000.0000000, -110763.5000000,
      0.1012545,      -0.1950533,       0.2157877,
 -13000.0000000, -110519.5000000,
      0.0676827,      -0.1746182,       0.2154634,
 -13000.0000000, -110441.5000000,
      0.0954159,      -0.1804568,       0.2151390,
 -13000.0000000, -110278.0000000,
      0.0633037,      -0.1775375,       0.2154634,
 -13000.0000000, -110124.0000000,
      0.0706020,      -0.1563727,       0.2151390,
 -13000.0000000, -109891.0000000,
      0.0815493,      -0.1622113,       0.2167608,
 -13000.0000000, -109665.5000000,
      0.0968756,      -0.1541832,       0.2164365,
 -13000.0000000, -109493.5000000,
      0.0764405,      -0.1797270,       0.2161121,
 -13000.0000000, -109241.0000000,
      0.1158509,      -0.1651306,       0.2157877,
 -13000.0000000, -109076.5000000,
      0.1063632,      -0.1607516,       0.2161121,
 -13000.0000000, -108830.5000000,
      0.1195000,      -0.1658604,       0.2161121,
 -13000.0000000, -108650.5000000,
      0.0727914,      -0.1563727,       0.2167608,
 -13000.0000000, -108422.0000000,
      0.1165808,      -0.1337482,       0.2138415,
 -13000.0000000, -108153.5000000,
      0.1209597,      -0.1213412,       0.2164365,
 -13000.0000000, -107979.0000000,
      0.1187702,      -0.1753481,       0.2174096,
 -13000.0000000, -107704.5000000,
      0.0822791,      -0.1352078,       0.2164365,
 -13000.0000000, -107526.5000000,
      0.0742511,      -0.1505341,       0.2170852,
 -13000.0000000, -107246.0000000,
      0.0771704,      -0.1242605,       0.2164365,
 -13000.0000000, -107064.0000000,
      0.0735213,      -0.1395868,       0.2177339,
 -13000.0000000, -106804.5000000,
      0.0676827,      -0.1191518,       0.2177339,
 -13000.0000000, -106594.5000000,
      0.0895773,      -0.1352078,       0.2183827,
 -13000.0000000, -106307.0000000,
      0.0647634,      -0.1082044,       0.2187070,
 -13000.0000000, -106150.0000000,
      0.0932264,      -0.1366675,       0.2164365,
 -13000.0000000, -105836.5000000,
      0.0727914,      -0.1016360,       0.2187070,
 -13000.0000000, -105679.0000000,
      0.0713318,      -0.1125834,       0.2190314,
 -13000.0000000, -105417.5000000,
      0.1005247,      -0.1432359,       0.2187070,
 -13000.0000000, -105131.0000000,
      0.0866580,      -0.1344780,       0.2190314,
 -13000.0000000, -104934.5000000,
      0.1216895,      -0.1308289,       0.2190314,
 -13000.0000000, -104571.5000000,
      0.1246088,      -0.1009062,       0.2183827,
 -13000.0000000, -104465.5000000,
      0.0808195,      -0.1169623,       0.2190314,
 -13000.0000000, -104192.0000000,
      0.1049036,      -0.1082044,       0.2180583,
 -13000.0000000, -104008.0000000,
      0.1136615,      -0.1096641,       0.2183827,
 -13000.0000000, -103773.0000000,
      0.1216895,      -0.1009062,       0.2170852,
 -13000.0000000, -103486.5000000,
      0.1413947,      -0.0702537,       0.2187070,
 -13000.0000000, -103329.0000000,
      0.1085527,      -0.0819308,       0.2190314,
 -13000.0000000, -103029.0000000,
      0.0786300,      -0.1096641,       0.2196801,
 -13000.0000000, -102781.0000000,
      0.0859282,      -0.0994466,       0.2206532,
 -13000.0000000, -102624.0000000,
      0.0844686,      -0.1030957,       0.2203289,
 -13000.0000000, -102311.0000000,
      0.0822791,      -0.1060150,       0.2206532,
 -13000.0000000, -102127.0000000,
      0.1158509,      -0.0782817,       0.2209776,
 -13000.0000000, -101841.5000000,
      0.1019843,      -0.1009062,       0.2213020,
 -13000.0000000, -101656.5000000,
      0.0924966,      -0.0994466,       0.2209776,
 -13000.0000000, -101344.5000000,
      0.1216895,      -0.1242605,       0.2203289,
 -13000.0000000, -101213.0000000,
      0.0669529,      -0.1089343,       0.2190314,
 -13000.0000000, -100901.0000000,
      0.0968756,      -0.0724432,       0.2203289,
 -13000.0000000, -100716.0000000,
      0.0990650,      -0.0848501,       0.2209776,
 -13000.0000000, -100444.0000000,
      0.0800896,      -0.0833905,       0.2200045,
 -13000.0000000, -100247.0000000,
      0.0779002,      -0.0804712,       0.2196801,
 -13000.0000000,  -99986.0000000,
      0.1114720,      -0.1023659,       0.2190314,
 -13000.0000000,  -99789.5000000,
      0.0771704,      -0.0943378,       0.2180583,
 -13000.0000000,  -99490.0000000,
      0.0844686,      -0.1235307,       0.2190314,
 -13000.0000000,  -99333.0000000,
      0.1078229,      -0.0950676,       0.2183827,
 -13000.0000000,  -99020.0000000,
      0.1136615,      -0.1060150,       0.2177339,
 -13000.0000000,  -98862.5000000,
      0.0903072,      -0.1118535,       0.2167608,
 -13000.0000000,  -98550.0000000,
      0.1034440,      -0.0863098,       0.2167608,
 -13000.0000000,  -98366.0000000,
      0.0779002,      -0.0666046,       0.2164365,
 -13000.0000000,  -98106.0000000,
      0.0961457,      -0.0746326,       0.2157877,
 -13000.0000000,  -97908.5000000,
      0.1070931,      -0.1118535,       0.2161121,
 -13000.0000000,  -97673.0000000,
      0.0647634,      -0.1103939,       0.2151390,
 -13000.0000000,  -97400.5000000,
      0.0479775,      -0.0957975,       0.2151390,
 -13000.0000000,  -97165.5000000,
      0.0625739,      -0.1133132,       0.2144903,
 -13000.0000000,  -96930.5000000,
      0.0727914,      -0.1381271,       0.2144903,
 -13000.0000000,  -96732.5000000,
      0.1195000,      -0.1220711,       0.2138415,
 -13000.0000000,  -96499.0000000,
      0.0633037,      -0.1191518,       0.2135172,
 -13000.0000000,  -96277.5000000,
      0.1063632,      -0.1169623,       0.2131928,
 -13000.0000000,  -95977.0000000,
      0.1041738,      -0.1337482,       0.2122197,
 -13000.0000000,  -95793.0000000,
      0.0640336,      -0.1176921,       0.2105979,
 -13000.0000000,  -95558.0000000,
      0.1304474,      -0.1111237,       0.2050837,
 -13000.0000000,  -95336.5000000,
      0.1282579,      -0.1359377,       0.2050837,
 -13000.0000000,  -95050.5000000,
      0.1136615,      -0.1264500,       0.2031375,
 -13000.0000000,  -94852.0000000,
      0.0961457,      -0.1300991,       0.2008669,
 -13000.0000000,  -94631.0000000,
      0.1056334,      -0.0972571,       0.1995695,
 -13000.0000000,  -94317.5000000,
      0.0808195,      -0.1038255,       0.1998938,
 -13000.0000000,  -94109.0000000,
      0.1063632,      -0.1242605,       0.1992451,
 -13000.0000000,  -93873.5000000,
      0.1406649,      -0.0936080,       0.1992451,
 -13000.0000000,  -93624.5000000,
      0.1136615,      -0.1388570,       0.1995695,
 -13000.0000000,  -93440.5000000,
      0.1756963,      -0.1315587,       0.2002182,
 -13000.0000000,  -93141.0000000,
      0.1355561,      -0.1534534,       0.2002182,
 -13000.0000000,  -92970.0000000,
      0.0946861,      -0.1461552,       0.1992451,
 -13000.0000000,  -92697.5000000,
      0.1399351,      -0.1505341,       0.1963258,
 -13000.0000000,  -92449.5000000,
      0.1078229,      -0.1819165,       0.1947040,
 -13000.0000000,  -92266.0000000,
      0.1107422,      -0.1322886,       0.1921091,
 -13000.0000000,  -91966.0000000,
      0.2114576,      -0.1425061,       0.1911360,
 -13000.0000000,  -91794.5000000,
      0.1494227,      -0.1103939,       0.1908116,
 -13000.0000000,  -91522.0000000,
      0.1435842,      -0.1257202,       0.1917847,
 -13000.0000000,  -91273.0000000,
      0.1815349,      -0.0965273,       0.1937309,
 -13000.0000000,  -91089.5000000,
      0.1516122,      -0.0848501,       0.1953527,
 -13000.0000000,  -90789.5000000,
      0.1632894,      -0.0863098,       0.1979476,
 -13000.0000000,  -90618.5000000,
      0.1881033,      -0.1403166,       0.1976233,
 -13000.0000000,  -90332.5000000,
      0.1435842,      -0.1213412,       0.1969746,
 -13000.0000000,  -90162.0000000,
      0.2026997,      -0.1527236,       0.1947040,
 -13000.0000000,  -89913.0000000,
      0.2136471,      -0.1724288,       0.1943796,
 -13000.0000000,  -89640.5000000,
      0.1771560,      -0.1235307,       0.1943796,
 -13000.0000000,  -89405.5000000,
      0.2209453,      -0.1293693,       0.1934065,
 -13000.0000000,  -89156.0000000,
      0.1742367,      -0.1206114,       0.1943796,
 -13000.0000000,  -88985.5000000,
      0.1406649,      -0.1155027,       0.1960015,
 -13000.0000000,  -88737.0000000,
      0.2399207,      -0.1118535,       0.1963258,
 -13000.0000000,  -88502.5000000,
      0.1888331,      -0.1315587,       0.1982720,
 -13000.0000000,  -88267.5000000,
      0.1114720,      -0.1578323,       0.1995695,
 -13000.0000000,  -88032.0000000,
      0.1735069,      -0.1702393,       0.2002182,
 -13000.0000000,  -87796.5000000,
      0.0881177,      -0.1483446,       0.2008669,
 -13000.0000000,  -87509.5000000,
      0.0873879,      -0.1359377,       0.2011913,
 -13000.0000000,  -87326.0000000,
      0.1435842,      -0.1381271,       0.2018400,
 -13000.0000000,  -87039.5000000,
      0.1399351,      -0.1147728,       0.2021644,
 -13000.0000000,  -86855.5000000,
      0.1165808,      -0.1476148,       0.2021644,
 -13000.0000000,  -86569.5000000,
      0.2107278,      -0.1140430,       0.2024888,
 -13000.0000000,  -86385.5000000,
      0.1596402,      -0.1417762,       0.2031375,
 -13000.0000000,  -86086.0000000,
      0.2172962,      -0.1257202,       0.2047593,
 -13000.0000000,  -85915.0000000,
      0.2253242,      -0.1213412,       0.2057324,
 -13000.0000000,  -85628.5000000,
      0.1917524,      -0.0957975,       0.2060568,
 -13000.0000000,  -85444.5000000,
      0.2041594,      -0.1352078,       0.2073542,
 -13000.0000000,  -85158.5000000,
      0.2384610,      -0.1133132,       0.2086517,
 -13000.0000000,  -84974.5000000,
      0.1771560,      -0.1300991,       0.2102735,
 -13000.0000000,  -84688.0000000,
      0.2596259,      -0.1505341,       0.2122197,
 -13000.0000000,  -84505.5000000,
      0.1975910,      -0.1585622,       0.2138415,
 -13000.0000000,  -84219.0000000,
      0.1246088,      -0.1483446,       0.2154634,
 -13000.0000000,  -84035.0000000,
      0.1778858,      -0.1023659,       0.2174096,
 -13000.0000000,  -83748.5000000,
      0.1581806,      -0.1673200,       0.2193558,
 -13000.0000000,  -83540.0000000,
      0.0983352,      -0.1541832,       0.2203289,
 -13000.0000000,  -83329.5000000,
      0.1508824,      -0.1410464,       0.2206532,
 -13000.0000000,  -83043.0000000,
      0.1165808,      -0.1432359,       0.2206532,
 -13000.0000000,  -82859.5000000,
      0.1143913,      -0.1709691,       0.2200045,
 -13000.0000000,  -82573.0000000,
      0.1808051,      -0.1600218,       0.2193558,
 -13000.0000000,  -82338.0000000,
      0.1392052,      -0.1614814,       0.2187070,
 -13000.0000000,  -82154.0000000,
      0.1100124,      -0.1534534,       0.2183827,
 -13000.0000000,  -81867.5000000,
      0.1508824,      -0.1811866,       0.2170852,
 -13000.0000000,  -81683.5000000,
      0.0837388,      -0.1738884,       0.2170852,
 -13000.0000000,  -81397.5000000,
      0.1202299,      -0.1600218,       0.2170852,
 -13000.0000000,  -81175.0000000,
      0.1552613,      -0.1753481,       0.2157877,
 -13000.0000000,  -80927.0000000,
      0.0508968,      -0.1388570,       0.2157877,
 -13000.0000000,  -80743.0000000,
      0.1238790,      -0.1826463,       0.2141659,
 -13000.0000000,  -80458.0000000,
      0.1063632,      -0.1760779,       0.2141659,
 -13000.0000000,  -80274.0000000,
      0.0669529,      -0.2038111,       0.2144903,
 -13000.0000000,  -79987.5000000,
      0.1100124,      -0.1629411,       0.2135172,
 -13000.0000000,  -79803.5000000,
      0.0684125,      -0.1541832,       0.2135172,
 -13000.0000000,  -79517.5000000,
      0.0589248,      -0.1731586,       0.2135172,
 -13000.0000000,  -79333.5000000,
      0.1282579,      -0.1680498,       0.2125441,
 -13000.0000000,  -79047.0000000,
      0.0713318,      -0.1899445,       0.2128685,
 -13000.0000000,  -78863.0000000,
      0.0779002,      -0.1782673,       0.2109223,
 -13000.0000000,  -78628.0000000,
      0.1348263,      -0.1848357,       0.2109223,
 -13000.0000000,  -78342.0000000,
      0.0903072,      -0.1461552,       0.2102735,
 -13000.0000000,  -78158.0000000,
      0.1384754,      -0.1731586,       0.2105979,
 -13000.0000000,  -77922.5000000,
      0.1538017,      -0.1629411,       0.2102735,
 -13000.0000000,  -77636.0000000,
      0.1136615,      -0.1695095,       0.2093004,
 -13000.0000000,  -77401.0000000,
      0.1705876,      -0.1549130,       0.2093004,
 -13000.0000000,  -77231.0000000,
      0.1457736,      -0.1826463,       0.2099492,
 -13000.0000000,  -76982.0000000,
      0.0903072,      -0.1797270,       0.2096248,
 -13000.0000000,  -76696.0000000,
      0.1662086,      -0.1775375,       0.2099492,
 -13000.0000000,  -76513.0000000,
      0.1727770,      -0.1782673,       0.2112466,
 -13000.0000000,  -76278.0000000,
      0.1246088,      -0.1571025,       0.2115710,
 -13000.0000000,  -75991.5000000,
      0.1844542,      -0.1403166,       0.2122197,
 -13000.0000000,  -75807.5000000,
      0.1289877,      -0.1636709,       0.2122197,
 -13000.0000000,  -75521.0000000,
      0.1348263,      -0.1731586,       0.2122197,
 -13000.0000000,  -75337.0000000,
      0.1713174,      -0.1935936,       0.2122197,
 -13000.0000000,  -75102.0000000,
      0.1355561,      -0.1826463,       0.2135172,
 -13000.0000000,  -74816.0000000,
      0.1399351,      -0.1644007,       0.2141659,
 -13000.0000000,  -74632.0000000,
      0.1567210,      -0.1695095,       0.2144903,
 -13000.0000000,  -74397.0000000,
      0.1618297,      -0.1498043,       0.2148146,
 -13000.0000000,  -74123.5000000,
      0.1362859,      -0.1724288,       0.2157877,
 -13000.0000000,  -73926.5000000,
      0.1559911,      -0.1454254,       0.2154634,
 -13000.0000000,  -73640.0000000,
      0.1647490,      -0.1972427,       0.2187070,
 -13000.0000000,  -73405.0000000,
      0.1370158,      -0.1556429,       0.2200045,
 -13000.0000000,  -73247.5000000,
      0.1917524,      -0.1943234,       0.2206532,
 -13000.0000000,  -72947.5000000,
      0.1501526,      -0.1943234,       0.2203289,
 -13000.0000000,  -72699.5000000,
      0.1662086,      -0.1811866,       0.2196801,
 -13000.0000000,  -72517.0000000,
      0.1340965,      -0.2052708,       0.2200045,
 -13000.0000000,  -72230.5000000,
      0.1253386,      -0.1651306,       0.2209776,
 -13000.0000000,  -72046.5000000,
      0.1246088,      -0.1746182,       0.2216263,
 -13000.0000000,  -71773.0000000,
      0.0961457,      -0.1921340,       0.2219507,
 -13000.0000000,  -71525.0000000,
      0.1370158,      -0.2111093,       0.2222750,
 -13000.0000000,  -71290.0000000,
      0.1129316,      -0.1892147,       0.2225994,
 -13000.0000000,  -71106.0000000,
      0.0545459,      -0.2198672,       0.2222750,
 -13000.0000000,  -70819.5000000,
      0.0968756,      -0.2198672,       0.2209776,
 -13000.0000000,  -70636.0000000,
      0.0808195,      -0.2074602,       0.2206532,
 -13000.0000000,  -70349.5000000,
      0.0903072,      -0.2242461,       0.2193558,
 -13000.0000000,  -70165.5000000,
      0.0465178,      -0.2330040,       0.2183827,
 -13000.0000000,  -69879.0000000,
      0.1340965,      -0.2132988,       0.2118954,
 -13000.0000000,  -69695.0000000,
      0.0822791,      -0.2198672,       0.2151390,
 -13000.0000000,  -69421.5000000,
      0.0654932,      -0.2315444,       0.2128685,
 -13000.0000000,  -69173.5000000,
      0.0983352,      -0.2753337,       0.2115710,
 -13000.0000000,  -69016.5000000,
      0.0428687,      -0.2395724,       0.2105979,
 -13000.0000000,  -68703.5000000,
      0.1027141,      -0.2038111,       0.2099492,
 -13000.0000000,  -68520.5000000,
      0.0713318,      -0.2118392,       0.2099492,
 -13000.0000000,  -68234.5000000,
      0.0545459,      -0.1826463,       0.2109223,
 -13000.0000000,  -68077.0000000,
      0.1049036,      -0.1804568,       0.2118954,
 -13000.0000000,  -67764.0000000,
      0.1370158,      -0.1979725,       0.2118954,
 -13000.0000000,  -67606.5000000,
      0.0603845,      -0.2497899,       0.2122197,
 -13000.0000000,  -67293.5000000,
      0.1092825,      -0.2191374,       0.2128685,
 -13000.0000000,  -67109.5000000,
      0.0859282,      -0.1972427,       0.2131928,
 -13000.0000000,  -66823.5000000,
      0.1370158,      -0.2154883,       0.2135172,
 -13000.0000000,  -66666.0000000,
      0.1384754,      -0.2023515,       0.2138415,
 -13000.0000000,  -66366.0000000,
      0.1428543,      -0.2191374,       0.2144903,
 -13000.0000000,  -66169.5000000,
      0.1253386,      -0.1841059,       0.2115710,
 -13000.0000000,  -65909.5000000,
      0.2026997,      -0.1877550,       0.2151390,
 -13000.0000000,  -65699.0000000,
      0.1443140,      -0.1789972,       0.2157877,
 -13000.0000000,  -65412.5000000,
      0.1654788,      -0.1797270,       0.2177339,
 -13000.0000000,  -65228.5000000,
      0.1888331,      -0.2118392,       0.2180583,
 -13000.0000000,  -64993.5000000,
      0.1311772,      -0.1950533,       0.2190314,
 -13000.0000000,  -64720.0000000,
      0.1486929,      -0.2125690,       0.2196801,
 -13000.0000000,  -64473.5000000,
      0.1428543,      -0.1987024,       0.2203289,
 -13000.0000000,  -64289.5000000,
      0.1297175,      -0.2169479,       0.2216263,
 -13000.0000000,  -64029.5000000,
      0.1428543,      -0.2001620,       0.2216263,
 -13000.0000000,  -63819.0000000,
      0.1355561,      -0.1921340,       0.2222750,
 -13000.0000000,  -63532.5000000,
      0.1092825,      -0.2300847,       0.2225994,
 -13000.0000000,  -63375.5000000,
      0.0954159,      -0.2096497,       0.2216263,
 -13000.0000000,  -63062.5000000,
      0.0946861,      -0.2132988,       0.2213020,
 -13000.0000000,  -62905.0000000,
      0.0297319,      -0.2052708,       0.2216263,
 -13000.0000000,  -62592.0000000,
      0.0640336,      -0.2045409,       0.2209776,
 -13000.0000000,  -62408.5000000,
      0.0786300,      -0.2140286,       0.2203289,
 -13000.0000000,  -62173.0000000,
      0.0603845,      -0.2300847,       0.2213020,
 -13000.0000000,  -61886.5000000,
      0.0603845,      -0.2205970,       0.2196801,
 -13000.0000000,  -61729.5000000,
      0.0786300,      -0.2184076,       0.2196801,
 -13000.0000000,  -61416.5000000,
      0.0713318,      -0.2213268,       0.2193558,
 -13000.0000000,  -61181.0000000,
      0.0552757,      -0.2242461,       0.2183827,
 -13000.0000000,  -61024.0000000,
      0.0581950,      -0.2264356,       0.2170852,
 -13000.0000000,  -60737.5000000,
      0.0676827,      -0.1987024,       0.2164365,
 -13000.0000000,  -60554.0000000,
      0.0282723,      -0.2278952,       0.2151390,
 -13000.0000000,  -60268.5000000,
      0.0238934,      -0.2220567,       0.2144903,
 -13000.0000000,  -60019.5000000,
      0.0428687,      -0.1972427,       0.2135172,
 -13000.0000000,  -59849.5000000,
      0.0567353,      -0.1804568,       0.2138415,
 -13000.0000000,  -59536.5000000,
      0.0866580,      -0.1957831,       0.2141659,
 -13000.0000000,  -59352.5000000,
      0.0844686,      -0.1687797,       0.2138415,
 -13000.0000000,  -59066.0000000,
      0.1056334,      -0.2111093,       0.2125441,
 -13000.0000000,  -58831.0000000,
      0.0399494,      -0.1928638,       0.2109223,
 -13000.0000000,  -58647.0000000,
      0.0217039,      -0.2118392,       0.2099492,
 -13000.0000000,  -58361.0000000,
      0.0501669,      -0.2373829,       0.2083273,
 -13000.0000000,  -58177.0000000,
      0.0640336,      -0.2227865,       0.2063811,
 -13000.0000000,  -57890.5000000,
      0.0830089,      -0.1614814,       0.2047593,
 -13000.0000000,  -57668.0000000,
      0.1253386,      -0.1746182,       0.2044350,
 -13000.0000000,  -57471.5000000,
      0.1654788,      -0.1366675,       0.2044350,
 -13000.0000000,  -57198.0000000,
      0.1443140,      -0.1308289,       0.2047593,
 -13000.0000000,  -57014.0000000,
      0.1647490,      -0.1388570,       0.2047593,
 -13000.0000000,  -56779.0000000,
      0.1902928,      -0.1658604,       0.2070299,
 -13000.0000000,  -56557.5000000,
      0.1443140,      -0.1169623,       0.2073542,
 -13000.0000000,  -56245.5000000,
      0.1778858,      -0.1082044,       0.2076786,
 -13000.0000000,  -56061.5000000,
      0.1435842,      -0.1461552,       0.2086517,
 -13000.0000000,  -55775.5000000,
      0.1114720,      -0.1571025,       0.2109223,
 -13000.0000000,  -55540.0000000,
      0.1070931,      -0.1578323,       0.2118954,
 -13000.0000000,  -55369.0000000,
      0.0924966,      -0.1549130,       0.2112466,
 -13000.0000000,  -55070.0000000,
      0.1195000,      -0.1753481,       0.2112466,
 -13000.0000000,  -54912.5000000,
      0.1224193,      -0.1490745,       0.2089761,
 -13000.0000000,  -54677.5000000,
      0.1027141,      -0.1629411,       0.2076786,
 -13000.0000000,  -54364.5000000,
      0.0903072,      -0.1556429,       0.2070299,
 -13000.0000000,  -54156.0000000,
      0.1231491,      -0.1176921,       0.2073542,
 -13000.0000000,  -53958.5000000,
      0.0924966,      -0.1490745,       0.2086517,
 -13000.0000000,  -53710.0000000,
      0.0428687,      -0.1235307,       0.2086517,
 -13000.0000000,  -53450.5000000,
      0.0684125,      -0.0928782,       0.2080030,
 -13000.0000000,  -53201.5000000,
      0.0530862,      -0.1417762,       0.2086517,
 -13000.0000000,  -53005.0000000,
      0.0844686,      -0.1680498,       0.2093004,
 -13000.0000000,  -52782.5000000,
      0.0647634,      -0.1344780,       0.2089761,
 -13000.0000000,  -52510.0000000,
      0.0727914,      -0.1549130,       0.2076786,
 -13000.0000000,  -52249.5000000,
      0.0713318,      -0.1286394,       0.2070299,
 -13000.0000000,  -52092.0000000,
      0.0165951,      -0.1644007,       0.2063811,
 -13000.0000000,  -51805.5000000,
      0.0304618,      -0.1432359,       0.2060568,
 -13000.0000000,  -51595.0000000,
      0.0742511,      -0.1016360,       0.2050837,
 -13000.0000000,  -51335.5000000,
      0.0129460,      -0.1519938,       0.2047593,
 -13000.0000000,  -51086.5000000,
      0.0290021,      -0.1644007,       0.2047593,
 -13000.0000000,  -50889.5000000,
      0.0735213,      -0.1600218,       0.2034619,
 -13000.0000000,  -50616.5000000,
      0.0589248,      -0.1505341,       0.2015157,
 -13000.0000000,  -50432.5000000,
      0.0771704,      -0.1271798,       0.2011913,
 -13000.0000000,  -50160.0000000,
      0.0881177,      -0.1045553,       0.2008669,
 -13000.0000000,  -49962.0000000,
      0.1180404,      -0.1308289,       0.2011913,
 -13000.0000000,  -49727.0000000,
      0.0786300,      -0.1461552,       0.1998938,
 -13000.0000000,  -49505.5000000,
      0.0895773,      -0.1352078,       0.2002182,
 -13000.0000000,  -49219.0000000,
      0.0873879,      -0.1242605,       0.1998938,
 -13000.0000000,  -48984.0000000,
      0.1136615,      -0.1228009,       0.1998938,
 -13000.0000000,  -48749.0000000,
      0.1216895,      -0.1257202,       0.1998938,
 -13000.0000000,  -48552.5000000,
      0.1304474,      -0.1206114,       0.2002182,
 -13000.0000000,  -48317.5000000,
      0.1355561,      -0.1220711,       0.2008669,
 -13000.0000000,  -48044.5000000,
      0.1340965,      -0.1235307,       0.2011913,
 -13000.0000000,  -47809.5000000,
      0.0968756,      -0.1133132,       0.2015157,
 -13000.0000000,  -47574.0000000,
      0.1246088,      -0.1052851,       0.2015157,
 -13000.0000000,  -47390.5000000,
      0.1070931,      -0.1184219,       0.2021644,
 -13000.0000000,  -47141.5000000,
      0.0924966,      -0.0914185,       0.2034619,
 -13000.0000000,  -46868.5000000,
      0.1443140,      -0.0987167,       0.2037862,
 -13000.0000000,  -46634.0000000,
      0.0895773,      -0.1373973,       0.2041106,
 -13000.0000000,  -46436.5000000,
      0.0844686,      -0.1228009,       0.2054080,
 -13000.0000000,  -46201.5000000,
      0.0727914,      -0.1359377,       0.2060568,
 -13000.0000000,  -45914.5000000,
      0.0924966,      -0.1257202,       0.2054080,
 -13000.0000000,  -45730.5000000,
      0.0903072,      -0.1425061,       0.2047593,
 -13000.0000000,  -45458.0000000,
      0.0968756,      -0.1425061,       0.2034619,
 -13000.0000000,  -45260.5000000,
      0.0903072,      -0.1417762,       0.2028131,
 -13000.0000000,  -44987.5000000,
      0.0990650,      -0.1271798,       0.2028131,
 -13000.0000000,  -44739.0000000,
      0.0924966,      -0.1556429,       0.2021644,
 -13000.0000000,  -44556.5000000,
      0.1085527,      -0.1461552,       0.2024888,
 -13000.0000000,  -44308.5000000,
      0.0881177,      -0.1228009,       0.2011913,
 -13000.0000000,  -44048.5000000,
      0.0990650,      -0.1425061,       0.2018400,
 -13000.0000000,  -43813.0000000,
      0.0333810,      -0.1476148,       0.1998938,
 -13000.0000000,  -43564.0000000,
      0.0421389,      -0.1198816,       0.1985964,
 -13000.0000000,  -43380.5000000,
      0.0581950,      -0.1286394,       0.1998938,
 -13000.0000000,  -43145.5000000,
      0.0552757,      -0.1067448,       0.2011913,
 -13000.0000000,  -42872.5000000,
      0.0450582,      -0.1527236,       0.2021644,
 -13000.0000000,  -42675.5000000,
      0.0392196,      -0.1162325,       0.2018400,
 -13000.0000000,  -42402.5000000,
     -0.0052995,      -0.1308289,       0.2008669,
 -13000.0000000,  -42167.5000000,
      0.0187846,      -0.1439657,       0.2008669,
 -13000.0000000,  -41983.5000000,
      0.0173250,      -0.1308289,       0.2018400,
 -13000.0000000,  -41748.5000000,
     -0.0264644,      -0.1585622,       0.2018400,
 -13000.0000000,  -41499.5000000,
     -0.0359521,      -0.1344780,       0.2008669,
 -13000.0000000,  -41239.5000000,
     -0.0155170,      -0.1768077,       0.1985964,
 -13000.0000000,  -41029.0000000,
     -0.0001908,      -0.1476148,       0.1985964,
 -13000.0000000,  -40756.5000000,
      0.0034583,      -0.1585622,       0.1985964,
 -13000.0000000,  -40509.0000000,
     -0.0162469,      -0.1352078,       0.1982720,
 -13000.0000000,  -40339.0000000,
     -0.0118679,      -0.1571025,       0.1989207,
 -13000.0000000,  -40103.5000000,
      0.0180548,      -0.1395868,       0.1976233,
 -13000.0000000,  -39817.0000000,
     -0.0111381,      -0.1381271,       0.1969746,
 -13000.0000000,  -39582.0000000,
      0.0611143,      -0.1549130,       0.1963258,
 -13000.0000000,  -39346.5000000,
      0.0370301,      -0.1680498,       0.1953527,
 -13000.0000000,  -39111.5000000,
      0.0428687,      -0.1680498,       0.1947040,
 -13000.0000000,  -38862.5000000,
      0.0333810,      -0.1395868,       0.1937309,
 -13000.0000000,  -38679.0000000,
      0.0384898,      -0.1395868,       0.1934065,
 -13000.0000000,  -38393.0000000,
      0.0450582,      -0.1381271,       0.1943796,
 -13000.0000000,  -38157.5000000,
      0.0465178,      -0.1300991,       0.1956771,
 -13000.0000000,  -37973.5000000,
      0.0530862,      -0.1118535,       0.1972989,
 -13000.0000000,  -37701.0000000,
      0.0567353,      -0.1198816,       0.1989207,
 -13000.0000000,  -37503.5000000,
      0.0530862,      -0.1279096,       0.1998938,
 -13000.0000000,  -37230.5000000,
      0.0355705,      -0.1512639,       0.2002182,
 -13000.0000000,  -36981.5000000,
     -0.0038399,      -0.1607516,       0.2015157,
 -13000.0000000,  -36798.0000000,
     -0.0023802,      -0.1862954,       0.2015157,
 -13000.0000000,  -36564.0000000,
     -0.0556572,      -0.1651306,       0.2018400,
 -13000.0000000,  -36277.5000000,
     -0.0242749,      -0.1665902,       0.2015157,
 -13000.0000000,  -36042.5000000,
     -0.0089486,      -0.1768077,       0.2015157,
 -13000.0000000,  -35858.5000000,
      0.0071074,      -0.1819165,       0.2015157,
 -13000.0000000,  -35623.5000000,
     -0.0191661,      -0.1899445,       0.2018400,
 -13000.0000000,  -35337.0000000,
      0.0005390,      -0.1519938,       0.2015157,
 -13000.0000000,  -35101.5000000,
     -0.0651449,      -0.1848357,       0.2011913,
 -13000.0000000,  -34905.0000000,
     -0.0111381,      -0.1585622,       0.2008669,
 -13000.0000000,  -34631.5000000,
      0.0311916,      -0.1673200,       0.2021644,
 -13000.0000000,  -34448.0000000,
     -0.0571169,      -0.1636709,       0.2028131,
 -13000.0000000,  -34188.0000000,
      0.0282723,      -0.1344780,       0.2011913,
 -13000.0000000,  -33991.0000000,
      0.0078373,      -0.1957831,       0.2024888,
 -13000.0000000,  -33742.0000000,
     -0.0250047,      -0.1716989,       0.2021644,
 -13000.0000000,  -33455.5000000,
      0.0487073,      -0.2045409,       0.2015157,
 -13000.0000000,  -33272.0000000,
      0.0435985,      -0.1359377,       0.2015157,
 -13000.0000000,  -32985.5000000,
      0.0107566,      -0.1614814,       0.2008669,
 -13000.0000000,  -32802.0000000,
      0.0567353,      -0.1476148,       0.2011913,
 -13000.0000000,  -32516.0000000,
     -0.0009206,      -0.1607516,       0.2011913,
 -13000.0000000,  -32332.5000000,
     -0.0666046,      -0.1578323,       0.2015157,
 -13000.0000000,  -32045.5000000,
      0.0114864,      -0.1644007,       0.2005426,
 -13000.0000000,  -31875.5000000,
     -0.0337626,      -0.1410464,       0.2011913,
 -13000.0000000,  -31575.0000000,
     -0.0366819,      -0.1716989,       0.2015157,
 -13000.0000000,  -31391.5000000,
     -0.0038399,      -0.1782673,       0.2028131,
 -13000.0000000,  -31105.0000000,
     -0.0352222,      -0.1826463,       0.2024888,
 -13000.0000000,  -30921.0000000,
     -0.0169767,      -0.1724288,       0.2024888,
 -13000.0000000,  -30635.0000000,
     -0.0060293,      -0.1541832,       0.2024888,
 -13000.0000000,  -30465.0000000,
     -0.0461696,      -0.1709691,       0.2018400,
 -13000.0000000,  -30229.5000000,
     -0.0082188,      -0.1644007,       0.2028131,
 -13000.0000000,  -29928.5000000,
     -0.0147872,      -0.1862954,       0.2041106,
 -13000.0000000,  -29758.5000000,
     -0.0220854,      -0.1877550,       0.2044350,
 -13000.0000000,  -29458.5000000,
      0.0479775,      -0.1768077,       0.2034619,
 -13000.0000000,  -29275.0000000,
      0.0180548,      -0.1680498,       0.2028131,
 -13000.0000000,  -28988.0000000,
     -0.0038399,      -0.1417762,       0.2034619,
 -13000.0000000,  -28804.5000000,
     -0.0147872,      -0.1344780,       0.2054080,
 -13000.0000000,  -28570.5000000,
      0.0114864,      -0.1439657,       0.2070299,
 -13000.0000000,  -28271.5000000,
     -0.0089486,      -0.1943234,       0.2080030,
 -13000.0000000,  -28100.5000000,
      0.0209741,      -0.1738884,       0.2086517,
 -13000.0000000,  -27813.5000000,
     -0.0315731,      -0.1782673,       0.2096248,
 -13000.0000000,  -27630.0000000,
     -0.0038399,      -0.1768077,       0.2105979,
 -13000.0000000,  -27318.0000000,
     -0.0169767,      -0.1738884,       0.2102735,
 -13000.0000000,  -27159.5000000,
     -0.0549274,      -0.2103795,       0.2109223,
 -13000.0000000,  -26873.0000000,
     -0.0439801,      -0.1979725,       0.2112466,
 -13000.0000000,  -26689.5000000,
     -0.0403310,      -0.1841059,       0.2109223,
 -13000.0000000,  -26403.0000000,
     -0.0366819,      -0.2096497,       0.2083273,
 -13000.0000000,  -26219.5000000,
     -0.0228153,      -0.2089199,       0.2099492,
 -13000.0000000,  -25932.5000000,
     -0.0600362,      -0.1702393,       0.2105979,
 -13000.0000000,  -25749.0000000,
     -0.0308433,      -0.1505341,       0.2112466,
 -13000.0000000,  -25462.5000000,
     -0.0323029,      -0.1585622,       0.2141659,
 -13000.0000000,  -25278.5000000,
     -0.0797414,      -0.1665902,       0.2144903,
 -13000.0000000,  -24992.0000000,
     -0.0695239,      -0.1870252,       0.2154634,
 -13000.0000000,  -24808.5000000,
     -0.0644151,      -0.2067304,       0.2135172,
 -13000.0000000,  -24523.0000000,
     -0.0410608,      -0.1468850,       0.2135172,
 -13000.0000000,  -24339.5000000,
     -0.0819308,      -0.1972427,       0.2128685,
 -13000.0000000,  -24052.5000000,
     -0.0549274,      -0.1979725,       0.2144903,
 -13000.0000000,  -23869.0000000,
     -0.0651449,      -0.2038111,       0.2151390,
 -13000.0000000,  -23582.5000000,
     -0.0505485,      -0.1607516,       0.2154634,
 -13000.0000000,  -23373.0000000,
     -0.0709835,      -0.1753481,       0.2151390,
 -13000.0000000,  -23112.0000000,
     -0.0863098,      -0.1651306,       0.2151390,
 -13000.0000000,  -22928.5000000,
     -0.0483590,      -0.1797270,       0.2167608,
 -13000.0000000,  -22633.0000000,
     -0.0476292,      -0.1760779,       0.2174096,
 -13000.0000000,  -22504.0000000,
     -0.0505485,      -0.2176777,       0.2170852,
 -13000.0000000,  -22213.0000000,
     -0.0432503,      -0.1578323,       0.2180583,
 -13000.0000000,  -22024.5000000,
     -0.0337626,      -0.2308145,       0.2190314,
 -13000.0000000,  -21766.0000000,
     -0.0884992,      -0.2045409,       0.2196801,
 -13000.0000000,  -21581.0000000,
     -0.0366819,      -0.2242461,       0.2209776,
 -13000.0000000,  -21328.5000000,
     -0.0797414,      -0.2176777,       0.2196801,
 -13000.0000000,  -21147.5000000,
     -0.0884992,      -0.2154883,       0.2193558,
 -13000.0000000,  -20888.5000000,
     -0.0403310,      -0.1921340,       0.2183827,
 -13000.0000000,  -20725.0000000,
     -0.1468850,      -0.1877550,       0.2105979,
 -13000.0000000,  -20517.0000000,
     -0.0549274,      -0.2001620,       0.2187070,
 -13000.0000000,  -20323.5000000,
     -0.0833905,      -0.1680498,       0.2190314,
 -13000.0000000,  -20109.0000000,
     -0.1030957,      -0.1987024,       0.2187070,
 -13000.0000000,  -19876.5000000,
     -0.0841203,      -0.1899445,       0.2187070,
 -13000.0000000,  -19679.5000000,
     -0.0775519,      -0.2030813,       0.2180583,
 -13000.0000000,  -19515.5000000,
     -0.1074746,      -0.1833761,       0.2174096,
 -13000.0000000,  -19292.5000000,
     -0.0629555,      -0.2081900,       0.2170852,
 -13000.0000000,  -19133.0000000,
     -0.0687940,      -0.2023515,       0.2157877,
 -13000.0000000,  -18915.5000000,
     -0.1176921,      -0.1665902,       0.2112466,
 -13000.0000000,  -18720.0000000,
     -0.0563871,      -0.1687797,       0.2154634,
 -13000.0000000,  -18549.0000000,
     -0.1147728,      -0.1950533,       0.2164365,
 -13000.0000000,  -18397.5000000,
     -0.0753624,      -0.2227865,       0.2164365,
 -13000.0000000,  -18191.5000000,
     -0.0454397,      -0.1651306,       0.2138415,
 -13000.0000000,  -18044.5000000,
     -0.1125834,      -0.1716989,       0.2167608,
 -13000.0000000,  -17871.5000000,
     -0.0695239,      -0.1746182,       0.2161121,
 -13000.0000000,  -17664.5000000,
     -0.0870396,      -0.1746182,       0.2154634,
 -13000.0000000,  -17534.5000000,
     -0.0709835,      -0.1644007,       0.2157877,
 -13000.0000000,  -17333.5000000,
     -0.1089343,      -0.1673200,       0.2151390,
 -13000.0000000,  -17180.5000000,
     -0.0396012,      -0.1716989,       0.2170852,
 -13000.0000000,  -17046.0000000,
     -0.1300991,      -0.1833761,       0.2174096,
 -13000.0000000,  -16888.0000000,
     -0.0826607,      -0.1826463,       0.2138415,
 -13000.0000000,  -16742.0000000,
     -0.0994466,      -0.1921340,       0.2144903,
 -13000.0000000,  -16580.5000000,
     -0.1264500,      -0.2154883,       0.2180583,
 -13000.0000000,  -16439.0000000,
     -0.1322886,      -0.1921340,       0.2180583,
 -13000.0000000,  -16259.5000000,
     -0.1067448,      -0.2030813,       0.2180583,
 -13000.0000000,  -16137.5000000,
     -0.1446955,      -0.1965129,       0.2193558,
 -13000.0000000,  -15972.5000000,
     -0.1395868,      -0.1797270,       0.2203289,
 -13000.0000000,  -15854.5000000,
     -0.2008918,      -0.1987024,       0.2209776,
 -13000.0000000,  -15717.0000000,
     -0.2081900,      -0.1549130,       0.2222750,
 -13000.0000000,  -15552.5000000,
     -0.2118392,      -0.1352078,       0.2255187,
 -13000.0000000,  -15428.0000000,
     -0.2534390,      -0.1549130,       0.2300598,
 -13000.0000000,  -15291.0000000,
     -0.3067160,      -0.1410464,       0.2336278,
 -13000.0000000,  -15191.5000000,
     -0.2483303,      -0.1461552,       0.2358984,
 -13000.0000000,  -15046.5000000,
     -0.2892003,      -0.1680498,       0.2384933,
 -13000.0000000,  -14951.5000000,
     -0.2899301,      -0.1702393,       0.2397908,
 -13000.0000000,  -14798.5000000,
     -0.2607372,      -0.2074602,       0.2397908,
 -13000.0000000,  -14713.5000000,
     -0.2089199,      -0.1987024,       0.2388177,
 -13000.0000000,  -14573.5000000,
     -0.2359233,      -0.2257058,       0.2378446,
 -13000.0000000,  -14473.0000000,
     -0.1425061,      -0.1965129,       0.2342766,
 -13000.0000000,  -14351.5000000,
     -0.1498043,      -0.2162181,       0.2336278,
 -13000.0000000,  -14244.5000000,
     -0.1622113,      -0.2089199,       0.2310329,
 -13000.0000000,  -14139.5000000,
     -0.1111237,      -0.1877550,       0.2294111,
 -13000.0000000,  -14053.5000000,
     -0.0928782,      -0.2096497,       0.2271405,
 -13000.0000000,  -13953.5000000,
     -0.0892291,      -0.2330040,       0.2255187,
 -13000.0000000,  -13861.5000000,
     -0.0709835,      -0.2614671,       0.2255187,
 -13000.0000000,  -13745.5000000,
     -0.0775519,      -0.2147584,       0.2229238,
 -13000.0000000,  -13648.0000000,
     -0.0819308,      -0.2271654,       0.2225994,
 -13000.0000000,  -13583.0000000,
     -0.0563871,      -0.2381128,       0.2222750,
 -13000.0000000,  -13476.5000000,
     -0.0760923,      -0.2103795,       0.2219507,
 -13000.0000000,  -13387.0000000,
     -0.0593064,      -0.2008918,       0.2222750,
 -13000.0000000,  -13327.5000000,
     -0.0016504,      -0.2096497,       0.2216263,
 -13000.0000000,  -13247.5000000,
     -0.0768221,      -0.1797270,       0.2216263,
 -13000.0000000,  -13165.5000000,
     -0.0140574,      -0.2147584,       0.2222750,
 -13000.0000000,  -13078.5000000,
     -0.0352222,      -0.1965129,       0.2219507,
 -13000.0000000,  -13006.0000000,
     -0.0490888,      -0.2235163,       0.2219507,
 -13000.0000000,  -12947.5000000,
     -0.0133276,      -0.2008918,       0.2222750,
 -13000.0000000,  -12869.5000000,
     -0.0242749,      -0.1921340,       0.2219507,
 -13000.0000000,  -12818.5000000,
     -0.0512783,      -0.2111093,       0.2216263,
 -13000.0000000,  -12756.0000000,
     -0.0337626,      -0.2490601,       0.2222750,
 -13000.0000000,  -12683.0000000,
     -0.0447099,      -0.2176777,       0.2216263,
 -13000.0000000,  -12622.5000000,
     -0.0432503,      -0.2103795,       0.2213020,
 -13000.0000000,  -12583.0000000,
     -0.0147872,      -0.1797270,       0.2213020,
 -13000.0000000,  -12519.0000000,
     -0.0600362,      -0.2249760,       0.2213020,
 -13000.0000000,  -12466.5000000,
     -0.0593064,      -0.2089199,       0.2213020,
 -13000.0000000,  -12429.5000000,
     -0.0111381,      -0.2111093,       0.2213020,
 -13000.0000000,  -12377.5000000,
     -0.0607660,      -0.2162181,       0.2209776,
 -13000.0000000,  -12333.0000000,
     -0.0563871,      -0.2074602,       0.2213020,
 -13000.0000000,  -12302.0000000,
     -0.0111381,      -0.2198672,       0.2216263,
 -13000.0000000,  -12258.5000000,
     -0.0556572,      -0.2249760,       0.2209776,
 -13000.0000000,  -12224.0000000,
     -0.0512783,      -0.2271654,       0.2209776,
 -13000.0000000,  -12190.0000000,
     -0.0082188,      -0.2213268,       0.2209776,
 -13000.0000000,  -12160.5000000,
     -0.0739028,      -0.2257058,       0.2203289,
 -13000.0000000,  -12140.5000000,
     -0.0556572,      -0.1972427,       0.2206532,
 -13000.0000000,  -12115.5000000,
     -0.0527380,      -0.2060006,       0.2203289,
 -13000.0000000,  -12092.5000000,
     -0.0709835,      -0.2257058,       0.2200045,
 -13000.0000000,  -12072.5000000,
     -0.0563871,      -0.2089199,       0.2200045,
 -13000.0000000,  -12050.5000000,
     -0.0673344,      -0.2089199,       0.2203289,
 -13000.0000000,  -12038.5000000,
     -0.0709835,      -0.1848357,       0.2200045,
 -13000.0000000,  -12025.5000000,
     -0.0687940,      -0.2074602,       0.2200045,
 -13000.0000000,  -12014.5000000,
     -0.0403310,      -0.2278952,       0.2200045,
 -13000.0000000,  -12008.5000000,
     -0.0782817,      -0.2132988,       0.2200045,
 -13000.0000000,  -12003.5000000,
     -0.0140574,      -0.1899445,       0.2200045,
 -13000.0000000,  -12000.5000000,
     -0.1308289,      -0.2300847,       0.2196801,
 -13000.0000000,  -12000.5000000,
     -0.0490888,      -0.2052708,       0.2200045,
 -13000.0000000,  -12000.5000000,
     -0.0337626,      -0.2213268,       0.2203289,
 -13000.0000000,  -12000.5000000,
     -0.0797414,      -0.2381128,       0.2196801,
 -13000.0000000,  -12000.5000000,
     -0.0198960,      -0.2184076,       0.2206532,
 -13000.0000000,  -12000.5000000,
     -0.0790116,      -0.2103795,       0.2200045,
 -13000.0000000,  -12000.5000000,
     -0.0979869,      -0.2162181,       0.2200045,
 -13000.0000000,  -12000.5000000,
     -0.0286538,      -0.2052708,       0.2200045,
 -13000.0000000,  -12000.5000000,
     -0.0549274,      -0.1943234,       0.2206532,
 -13000.0000000,  -12000.5000000,
     -0.0819308,      -0.2519794,       0.2200045,
 -13000.0000000,  -12000.5000000,
     -0.0600362,      -0.2030813,       0.2203289,
 -13000.0000000,  -12000.0000000,
     -0.0403310,      -0.1760779,       0.2200045,
 -13000.0000000,  -12000.0000000,
     -0.0600362,      -0.2286251,       0.2200045,
 -13000.0000000,  -12000.0000000,
     -0.0476292,      -0.1914041,       0.2206532,
 -13000.0000000,  -12000.0000000,
     -0.0644151,      -0.2257058,       0.2196801,
 -13000.0000000,  -12000.0000000,
     -0.0593064,      -0.2147584,       0.2200045,
 -13000.0000000,  -12000.0000000,
     -0.0629555,      -0.1862954,       0.2203289,
 -13000.0000000,  -12000.0000000,
     -0.0673344,      -0.2381128,       0.2200045,
 -13000.0000000,  -12000.0000000,
     -0.0680642,      -0.2278952,       0.2203289,
 -13000.0000000,  -12000.0000000,
     -0.0746326,      -0.2249760,       0.2200045,
 -13000.0000000,  -12000.0000000,
     -0.0702537,      -0.2140286,       0.2206532,
 -13000.0000000,  -12000.0000000,
     -0.0396012,      -0.1972427,       0.2206532,
 -13000.0000000,  -12000.0000000,
     -0.0884992,      -0.2052708,       0.2200045,
 -13000.0000000,  -12000.0000000,
     -0.0826607,      -0.2249760,       0.2200045,
 -13000.0000000,  -12000.0000000,
     -0.0680642,      -0.2169479,       0.2200045,
 -13000.0000000,  -12000.0000000,
     -0.0819308,      -0.1892147,       0.2196801,
 -13000.0000000,  -12000.0000000,
     -0.0578467,      -0.2213268,       0.2203289,
 -13000.0000000,  -12000.0000000,
     -0.0388713,      -0.2089199,       0.2200045,
 -13000.0000000,  -12000.0000000,
     -0.1001764,      -0.1987024,       0.2200045,
 -13000.0000000,  -12000.0000000,
     -0.0549274,      -0.2242461,       0.2196801,
 -13000.0000000,  -12000.0000000,
     -0.0731730,      -0.1979725,       0.2200045,
 -13000.0000000,  -12000.0000000,
     -0.0739028,      -0.2103795,       0.2200045,
 -13000.0000000,  -12000.0000000,
     -0.0622256,      -0.1789972,       0.2196801,
 -13000.0000000,  -12000.0000000,
     -0.0556572,      -0.2249760,       0.2203289,
 -13000.0000000,  -12000.0000000,
     -0.0651449,      -0.2257058,       0.2200045,
 -13000.0000000,  -12000.0000000,
     -0.0352222,      -0.2060006,       0.2203289,
 -13000.0000000,  -12000.0000000,
     -0.0709835,      -0.2271654,       0.2203289,
 -13000.0000000,  -12000.0000000,
     -0.0666046,      -0.2001620,       0.2203289,
 -13000.0000000,  -12000.0000000,
     -0.0666046,      -0.2184076,       0.2203289,
 -13000.0000000,  -12000.0000000,
     -0.0666046,      -0.1811866,       0.2203289,
 -13000.0000000,  -12000.0000000,
     -0.0870396,      -0.1768077,       0.2203289,
 -13000.0000000,  -12000.0000000,
     -0.0374117,      -0.2052708,       0.2206532,
 -13000.0000000,  -12000.0000000,
     -0.0790116,      -0.2373829,       0.2196801,
 -13000.0000000,  -12000.0000000,
     -0.0439801,      -0.2176777,       0.2200045,
 -13000.0000000,  -12000.0000000,
     -0.0972571,      -0.2125690,       0.2203289,
 -13000.0000000,  -12000.0000000,
     -0.0680642,      -0.2074602,       0.2200045,
 -13000.0000000,  -12000.0000000,
     -0.0892291,      -0.2052708,       0.2200045,
 -13000.0000000,  -12000.0000000,
     -0.0534678,      -0.1906743,       0.2203289,
 -13000.0000000,  -12000.0000000,
     -0.0943378,      -0.2089199,       0.2206532,
 -13000.0000000,  -12000.0000000,
     -0.0731730,      -0.2162181,       0.2200045,
 -13000.0000000,  -12000.0000000,
     -0.0644151,      -0.2505197,       0.2203289,
 -13000.0000000,  -12000.0000000,
     -0.0739028,      -0.1789972,       0.2200045,
 -13000.0000000,  -12000.0000000,
     -0.0812010,      -0.1994322,       0.2200045,
 -13000.0000000,  -12000.0000000,
     -0.0585765,      -0.1906743,       0.2203289,
 -13000.0000000,  -12000.0000000,
     -0.0476292,      -0.2103795,       0.2200045,
 -13000.0000000,  -12000.0000000,
     -0.0534678,      -0.1979725,       0.2200045,
 -13000.0000000,  -12000.0000000,
     -0.0614958,      -0.2278952,       0.2203289,
 -13000.0000000,  -12000.0000000,
     -0.0636853,      -0.2023515,       0.2203289,
 -13000.0000000,  -12000.0000000,
     -0.0556572,      -0.2096497,       0.2203289,
 -13000.0000000,  -12000.0000000,
     -0.0914185,      -0.2330040,       0.2203289,
 -13000.0000000,  -12000.0000000,
     -0.0666046,      -0.2439513,       0.2200045,
 -13000.0000000,  -12000.0000000,
     -0.0629555,      -0.2052708,       0.2203289,
 -13000.0000000,  -12000.0000000,
     -0.0534678,      -0.2242461,       0.2200045,
 -13000.0000000,  -12000.0000000,
     -0.0695239,      -0.1979725,       0.2203289,
 -13000.0000000,  -12000.0000000,
     -0.0432503,      -0.1987024,       0.2200045,
 -13000.0000000,  -12000.0000000,
     -0.0673344,      -0.1746182,       0.2200045,
 -13000.0000000,  -12000.0000000,
     -0.0819308,      -0.2198672,       0.2200045,
 -13000.0000000,  -12000.0000000,
     -0.0731730,      -0.2045409,       0.2200045,
 -13000.0000000,  -12000.0000000,
     -0.0454397,      -0.2052708,       0.2203289,
 -13000.0000000,  -12000.0000000,
     -0.0644151,      -0.2337338,       0.2203289,
 -13000.0000000,  -12000.0000000,
     -0.0549274,      -0.2330040,       0.2203289,
 -13000.0000000,  -12000.0000000,
     -0.0739028,      -0.2476004,       0.2206532,
 -13000.0000000,  -12000.0000000,
     -0.0709835,      -0.1972427,       0.2196801,
 -13000.0000000,  -12000.0000000,
     -0.0826607,      -0.2381128,       0.2203289,
 -13000.0000000,  -12000.0000000,
     -0.0301135,      -0.2023515,       0.2203289,
 -13000.0000000,  -12000.0000000,
     -0.0753624,      -0.2176777,       0.2203289,
 -13000.0000000,  -12000.0000000,
     -0.0724432,      -0.2344636,       0.2200045,
 -13000.0000000,  -12000.0000000,
     -0.0512783,      -0.2235163,       0.2203289,
 -13000.0000000,  -12000.0000000,
     -0.0731730,      -0.2315444,       0.2203289,
 -13000.0000000,  -12000.0000000,
     -0.1111237,      -0.2461408,       0.2203289,
 -13000.0000000,  -12000.0000000,
     -0.0622256,      -0.2060006,       0.2203289,
 -13000.0000000,  -12000.0000000,
     -0.0498187,      -0.2162181,       0.2200045,
 -13000.0000000,  -12000.0000000,
     -0.0870396,      -0.2381128,       0.2203289,
 -13000.0000000,  -12000.0000000,
     -0.0578467,      -0.2140286,       0.2196801,
 -13000.0000000,  -12000.0000000,
     -0.0717133,      -0.1855656,       0.2203289,
 -13000.0000000,  -12000.0000000,
     -0.0775519,      -0.2008918,       0.2203289,
 -13000.0000000,  -12000.0000000,
     -0.0213556,      -0.2213268,       0.2200045,
 -13000.0000000,  -12000.0000000,
     -0.0636853,      -0.2045409,       0.2206532,
 -13000.0000000,  -12000.0000000,
     -0.0819308,      -0.2249760,       0.2200045,
 -13000.0000000,  -12000.0000000,
     -0.0410608,      -0.2293549,       0.2200045,
 -13000.0000000,  -12000.0000000,
     -0.0673344,      -0.2308145,       0.2200045,
 -13000.0000000,  -12000.0000000,
     -0.0812010,      -0.2089199,       0.2203289,
 -13000.0000000,  -12000.0000000,
     -0.0527380,      -0.2184076,       0.2200045,
 -13000.0000000,  -12000.0000000,
