     -0.7942371,       0.4318639,       0.2148146,
 -20000.0000000,  -12000.0000000,
     -0.7825600,       0.4617866,       0.2151390,
 -20000.0000000,  -12000.0000000,
     -0.8212405,       0.4522989,       0.2151390,
 -20000.0000000,  -12000.0000000,
     -0.8022652,       0.4763830,       0.2148146,
 -20000.0000000,  -12000.5000000,
     -0.7621250,       0.4683550,       0.2151390,
 -20000.0000000,  -12005.5000000,
     -0.7825600,       0.4756532,       0.2141659,
 -20000.0000000,  -12010.0000000,
     -0.7708828,       0.5172530,       0.2144903,
 -20000.0000000,  -12020.0000000,
     -0.7935073,       0.4566778,       0.2144903,
 -20000.0000000,  -12034.0000000,
     -0.7592057,       0.5070355,       0.2154634,
 -20000.0000000,  -12045.0000000,
     -0.8059143,       0.4938987,       0.2141659,
 -20000.0000000,  -12062.5000000,
     -0.7665039,       0.4895198,       0.2144903,
 -20000.0000000,  -12084.5000000,
     -0.7898582,       0.4705444,       0.2144903,
 -20000.0000000,  -12105.0000000,
     -0.8234300,       0.4698146,       0.2144903,
 -20000.0000000,  -12131.5000000,
     -0.7351215,       0.4501094,       0.2157877,
 -20000.0000000,  -12156.0000000,
     -0.7854793,       0.5055759,       0.2151390,
 -20000.0000000,  -12188.0000000,
     -0.7679635,       0.4603269,       0.2154634,
 -20000.0000000,  -12216.5000000,
     -0.7774512,       0.4793023,       0.2144903,
 -20000.0000000,  -12245.0000000,
     -0.7519075,       0.5063057,       0.2157877,
 -20000.0000000,  -12283.5000000,
     -0.7446092,       0.4793023,       0.2154634,
 -20000.0000000,  -12320.0000000,
     -0.7380408,       0.4800321,       0.2154634,
 -20000.0000000,  -12361.0000000,
     -0.7774512,       0.4866005,       0.2151390,
 -20000.0000000,  -12405.0000000,
     -0.7796407,       0.4712743,       0.2154634,
 -20000.0000000,  -12451.0000000,
     -0.7752618,       0.4836812,       0.2157877,
 -20000.0000000,  -12508.5000000,
     -0.7453391,       0.4683550,       0.2157877,
 -20000.0000000,  -12577.5000000,
     -0.7475285,       0.5121443,       0.2161121,
 -20000.0000000,  -12620.5000000,
     -0.7562864,       0.4413516,       0.2151390,
 -20000.0000000,  -12661.5000000,
     -0.7402303,       0.4690848,       0.2161121,
 -20000.0000000,  -12720.5000000,
     -0.7519075,       0.4683550,       0.2164365,
 -20000.0000000,  -12799.0000000,
     -0.7643144,       0.4442708,       0.2167608,
 -20000.0000000,  -12870.5000000,
     -0.7511776,       0.4909794,       0.2167608,
 -20000.0000000,  -12930.5000000,
     -0.7249040,       0.4654357,       0.2174096,
 -20000.0000000,  -12980.5000000,
     -0.7635846,       0.4822216,       0.2180583,
 -20000.0000000,  -13067.5000000,
     -0.7008199,       0.4493796,       0.2203289,
 -20000.0000000,  -13130.0000000,
     -0.7329321,       0.4289446,       0.2219507,
 -20000.0000000,  -13202.0000000,
     -0.6906024,       0.4391621,       0.2242212,
 -20000.0000000,  -13280.5000000,
     -0.6942515,       0.4158078,       0.2268162,
 -20000.0000000,  -13362.0000000,
     -0.6789252,       0.4311340,       0.2287624,
 -20000.0000000,  -13464.5000000,
     -0.6701674,       0.4172674,       0.2326547,
 -20000.0000000,  -13556.5000000,
     -0.6541113,       0.4544883,       0.2336278,
 -20000.0000000,  -13665.5000000,
     -0.6774656,       0.4522989,       0.2368715,
 -20000.0000000,  -13738.0000000,
     -0.6504622,       0.4639760,       0.2388177,
 -20000.0000000,  -13806.0000000,
     -0.6497324,       0.4442708,       0.2397908,
 -20000.0000000,  -13951.0000000,
     -0.7073883,       0.4756532,       0.2391420,
 -20000.0000000,  -14029.5000000,
     -0.7154163,       0.5143338,       0.2394664,
 -20000.0000000,  -14142.5000000,
     -0.7314724,       0.4661655,       0.2381689,
 -20000.0000000,  -14247.0000000,
     -0.7446092,       0.5084952,       0.2381689,
 -20000.0000000,  -14343.0000000,
     -0.8095634,       0.4836812,       0.2397908,
 -20000.0000000,  -14416.0000000,
     -0.8832754,       0.4800321,       0.2420613,
 -20000.0000000,  -14564.5000000,
     -0.9387419,       0.4800321,       0.2436832,
 -20000.0000000,  -14654.0000000,
     -0.9890996,       0.4267551,       0.2466024,
 -20000.0000000,  -14808.5000000,
     -1.0920045,       0.4720041,       0.2511436,
 -20000.0000000,  -14889.0000000,
     -1.1620674,       0.4420814,       0.2543872,
 -20000.0000000,  -15003.0000000,
     -1.2116953,       0.4595971,       0.2582796,
 -20000.0000000,  -15162.0000000,
     -1.2314005,       0.4566778,       0.2608745,
 -20000.0000000,  -15253.5000000,
     -1.2233725,       0.4858707,       0.2595771,
 -20000.0000000,  -15382.5000000,
     -1.2131550,       0.5165232,       0.2556847,
 -20000.0000000,  -15550.5000000,
     -1.1533096,       0.5449863,       0.2511436,
 -20000.0000000,  -15655.5000000,
     -1.0722993,       0.5800177,       0.2443319,
 -20000.0000000,  -15822.0000000,
     -1.0095346,       0.5449863,       0.2368715,
 -20000.0000000,  -15954.0000000,
     -0.9693944,       0.5807476,       0.2297354,
 -20000.0000000,  -16104.0000000,
     -0.8599211,       0.5698002,       0.2219507,
 -20000.0000000,  -16217.0000000,
     -0.8234300,       0.5603125,       0.2151390,
 -20000.0000000,  -16396.0000000,
     -0.7460689,       0.5632318,       0.2102735,
 -20000.0000000,  -16495.5000000,
     -0.6971708,       0.4887900,       0.2047593,
 -20000.0000000,  -16697.5000000,
     -0.6460833,       0.5209022,       0.2008669,
 -20000.0000000,  -16818.0000000,
     -0.6168904,       0.5661511,       0.2024888,
 -20000.0000000,  -17008.5000000,
     -0.6015641,       0.4909794,       0.2018400,
 -20000.0000000,  -17133.0000000,
     -0.6417043,       0.5209022,       0.1995695,
 -20000.0000000,  -17329.0000000,
     -0.5548555,       0.4858707,       0.2005426,
 -20000.0000000,  -17439.0000000,
     -0.6147009,       0.5033864,       0.2008669,
 -20000.0000000,  -17660.5000000,
     -0.5862379,       0.4844111,       0.2011913,
 -20000.0000000,  -17793.0000000,
     -0.5592344,       0.4705444,       0.2008669,
 -20000.0000000,  -17992.0000000,
     -0.6147009,       0.4793023,       0.1995695,
 -20000.0000000,  -18177.0000000,
     -0.6001045,       0.4975478,       0.2015157,
 -20000.0000000,  -18354.0000000,
     -0.6059430,       0.4734637,       0.2015157,
 -20000.0000000,  -18494.5000000,
     -0.5928063,       0.4690848,       0.2008669,
 -20000.0000000,  -18705.5000000,
     -0.5512064,       0.4720041,       0.1960015,
 -20000.0000000,  -18900.0000000,
     -0.5679923,       0.4793023,       0.2008669,
 -20000.0000000,  -19046.0000000,
     -0.5293117,       0.4698146,       0.2005426,
 -20000.0000000,  -19266.5000000,
     -0.5847782,       0.4800321,       0.1998938,
 -20000.0000000,  -19469.0000000,
     -0.5504766,       0.4807619,       0.2002182,
 -20000.0000000,  -19621.0000000,
     -0.5599643,       0.5201723,       0.2005426,
 -20000.0000000,  -19882.5000000,
     -0.5417187,       0.4946286,       0.2002182,
 -20000.0000000,  -20017.0000000,
     -0.5884273,       0.4793023,       0.2008669,
 -20000.0000000,  -20263.0000000,
     -0.5833186,       0.4588673,       0.2011913,
 -20000.0000000,  -20422.0000000,
     -0.5548555,       0.4647059,       0.1940553,
 -20000.0000000,  -20673.5000000,
     -0.6088623,       0.5238214,       0.2002182,
 -20000.0000000,  -20813.0000000,
     -0.5460976,       0.4836812,       0.2008669,
 -20000.0000000,  -21094.0000000,
     -0.5344205,       0.4822216,       0.2008669,
 -20000.0000000,  -21237.0000000,
     -0.5307714,       0.4785725,       0.2015157,
 -20000.0000000,  -21525.0000000,
     -0.5271223,       0.4902496,       0.2015157,
 -20000.0000000,  -21696.5000000,
     -0.5088767,       0.4829514,       0.2011913,
 -20000.0000000,  -21966.5000000,
     -0.5716414,       0.4778427,       0.2005426,
 -20000.0000000,  -22191.0000000,
     -0.5636134,       0.4778427,       0.2008669,
 -20000.0000000,  -22455.5000000,
     -0.5336907,       0.4793023,       0.2024888,
 -20000.0000000,  -22647.5000000,
     -0.4942803,       0.4625164,       0.2021644,
 -20000.0000000,  -22828.5000000,
     -0.4826031,       0.4785725,       0.2018400,
 -20000.0000000,  -23101.0000000,
     -0.5424485,       0.4800321,       0.2024888,
 -20000.0000000,  -23349.0000000,
     -0.5417187,       0.4822216,       0.2015157,
 -20000.0000000,  -23520.0000000,
     -0.4636278,       0.5179829,       0.2024888,
 -20000.0000000,  -23767.5000000,
     -0.5037680,       0.4749234,       0.2028131,
 -20000.0000000,  -24054.5000000,
     -0.5139855,       0.4880602,       0.2015157,
 -20000.0000000,  -24237.0000000,
     -0.4789540,       0.5011970,       0.2031375,
 -20000.0000000,  -24523.5000000,
     -0.5687221,       0.5209022,       0.2015157,
 -20000.0000000,  -24758.5000000,
     -0.4555997,       0.4968180,       0.2018400,
 -20000.0000000,  -24942.5000000,
     -0.4490313,       0.5114145,       0.2018400,
 -20000.0000000,  -25216.0000000,
     -0.4964697,       0.4960882,       0.2021644,
 -20000.0000000,  -25464.0000000,
     -0.4891715,       0.4705444,       0.2028131,
 -20000.0000000,  -25724.0000000,
     -0.5001189,       0.4982777,       0.2057324,
 -20000.0000000,  -25921.5000000,
     -0.4767646,       0.4435410,       0.2070299,
 -20000.0000000,  -26208.0000000,
     -0.4614383,       0.4741935,       0.2063811,
 -20000.0000000,  -26405.0000000,
     -0.4826031,       0.5106846,       0.2080030,
 -20000.0000000,  -26588.5000000,
     -0.5431784,       0.4895198,       0.2054080,
 -20000.0000000,  -26823.5000000,
     -0.4621681,       0.5712599,       0.2028131,
 -20000.0000000,  -27110.0000000,
     -0.4731154,       0.5143338,       0.1982720,
 -20000.0000000,  -27293.5000000,
     -0.4957399,       0.5114145,       0.1969746,
 -20000.0000000,  -27553.5000000,
     -0.4534102,       0.5515547,       0.1956771,
 -20000.0000000,  -27815.5000000,
     -0.4599786,       0.5522845,       0.1947040,
 -20000.0000000,  -27999.0000000,
     -0.4417331,       0.4975478,       0.1934065,
 -20000.0000000,  -28272.0000000,
     -0.3862666,       0.5333091,       0.1924334,
 -20000.0000000,  -28520.0000000,
     -0.3884561,       0.5048461,       0.1924334,
 -20000.0000000,  -28703.5000000,
     -0.3964841,       0.5179829,       0.1930822,
 -20000.0000000,  -29014.5000000,
     -0.3198528,       0.5128741,       0.1940553,
 -20000.0000000,  -29263.5000000,
     -0.2826319,       0.5063057,       0.1956771,
 -20000.0000000,  -29433.5000000,
     -0.2578179,       0.5347688,       0.1969746,
 -20000.0000000,  -29669.0000000,
     -0.2359233,       0.5260109,       0.1953527,
 -20000.0000000,  -29879.0000000,
     -0.2278952,       0.5063057,       0.1969746,
 -20000.0000000,  -30139.0000000,
     -0.1644007,       0.5143338,       0.1985964,
 -20000.0000000,  -30439.5000000,
     -0.1498043,       0.5099548,       0.1998938,
 -20000.0000000,  -30623.5000000,
     -0.2008918,       0.5238214,       0.2008669,
 -20000.0000000,  -30820.0000000,
     -0.1293693,       0.5873160,       0.1995695,
 -20000.0000000,  -31106.0000000,
     -0.1709691,       0.5997229,       0.1985964,
 -20000.0000000,  -31290.0000000,
     -0.1768077,       0.5778283,       0.1960015,
 -20000.0000000,  -31563.5000000,
     -0.1541832,       0.5741792,       0.1943796,
 -20000.0000000,  -31760.5000000,
     -0.2235163,       0.6048317,       0.1917847,
 -20000.0000000,  -32020.5000000,
     -0.2563583,       0.5997229,       0.1904872,
 -20000.0000000,  -32229.5000000,
     -0.2235163,       0.5384179,       0.1898385,
 -20000.0000000,  -32489.5000000,
     -0.2534390,       0.5646915,       0.1901629,
 -20000.0000000,  -32751.0000000,
     -0.2789828,       0.4917093,       0.1891898,
 -20000.0000000,  -32908.5000000,
     -0.2797126,       0.4800321,       0.1930822,
 -20000.0000000,  -33170.0000000,
     -0.3300703,       0.4858707,       0.1947040,
 -20000.0000000,  -33430.0000000,
     -0.3169335,       0.4661655,       0.1963258,
 -20000.0000000,  -33640.5000000,
     -0.2680355,       0.5011970,       0.1969746,
 -20000.0000000,  -33900.0000000,
     -0.2972283,       0.4960882,       0.1972989,
 -20000.0000000,  -34135.5000000,
     -0.2614671,       0.5515547,       0.1989207,
 -20000.0000000,  -34333.0000000,
     -0.2519794,       0.4793023,       0.2008669,
 -20000.0000000,  -34605.5000000,
     -0.3242318,       0.5172530,       0.2024888,
 -20000.0000000,  -34840.5000000,
     -0.2855512,       0.4814918,       0.2054080,
 -20000.0000000,  -35051.0000000,
     -0.2892003,       0.4559480,       0.2073542,
 -20000.0000000,  -35324.5000000,
     -0.3344493,       0.4442708,       0.2109223,
 -20000.0000000,  -35611.0000000,
     -0.3373685,       0.4471901,       0.2135172,
 -20000.0000000,  -35781.0000000,
     -0.3614527,       0.4274849,       0.2164365,
 -20000.0000000,  -36043.0000000,
     -0.3198528,       0.4574076,       0.2183827,
 -20000.0000000,  -36226.0000000,
     -0.3308001,       0.4873303,       0.2213020,
 -20000.0000000,  -36486.0000000,
     -0.3658316,       0.4800321,       0.2219507,
 -20000.0000000,  -36720.5000000,
     -0.3402878,       0.4763830,       0.2222750,
 -20000.0000000,  -37020.5000000,
     -0.2899301,       0.4924391,       0.2235725,
 -20000.0000000,  -37191.0000000,
     -0.3359089,       0.5004671,       0.2245456,
 -20000.0000000,  -37491.0000000,
     -0.3016073,       0.4975478,       0.2245456,
 -20000.0000000,  -37675.0000000,
     -0.2614671,       0.4683550,       0.2251943,
 -20000.0000000,  -37871.5000000,
     -0.3008774,       0.4968180,       0.2248700,
 -20000.0000000,  -38131.5000000,
     -0.2950389,       0.4829514,       0.2245456,
 -20000.0000000,  -38432.0000000,
     -0.2957687,       0.4975478,       0.2248700,
 -20000.0000000,  -38602.0000000,
     -0.3008774,       0.5230916,       0.2251943,
 -20000.0000000,  -38902.0000000,
     -0.2600074,       0.5121443,       0.2248700,
 -20000.0000000,  -39072.0000000,
     -0.2476004,       0.4990075,       0.2245456,
 -20000.0000000,  -39282.5000000,
     -0.3023371,       0.4997373,       0.2245456,
 -20000.0000000,  -39542.5000000,
     -0.2454110,       0.5048461,       0.2255187,
 -20000.0000000,  -39764.5000000,
     -0.2716846,       0.5121443,       0.2251943,
 -20000.0000000,  -39975.0000000,
     -0.3337194,       0.4873303,       0.2248700,
 -20000.0000000,  -40222.0000000,
     -0.2636565,       0.5077654,       0.2245456,
 -20000.0000000,  -40482.0000000,
     -0.2811723,       0.5048461,       0.2245456,
 -20000.0000000,  -40743.5000000,
     -0.2797126,       0.4880602,       0.2235725,
 -20000.0000000,  -40952.0000000,
     -0.1950533,       0.4968180,       0.2232481,
 -20000.0000000,  -41252.0000000,
     -0.2315444,       0.5004671,       0.2238969,
 -20000.0000000,  -41397.5000000,
     -0.2359233,       0.4749234,       0.2235725,
 -20000.0000000,  -41657.5000000,
     -0.1855656,       0.4946286,       0.2232481,
 -20000.0000000,  -41855.0000000,
     -0.2621969,       0.5318495,       0.2242212,
 -20000.0000000,  -42103.0000000,
     -0.2505197,       0.4917093,       0.2238969,
 -20000.0000000,  -42377.0000000,
     -0.1848357,       0.5216320,       0.2235725,
 -20000.0000000,  -42663.0000000,
     -0.2862810,       0.5063057,       0.2238969,
 -20000.0000000,  -42847.0000000,
     -0.2089199,       0.5019268,       0.2238969,
 -20000.0000000,  -43043.5000000,
     -0.1921340,       0.4836812,       0.2225994,
 -20000.0000000,  -43303.5000000,
     -0.2439513,       0.4639760,       0.2225994,
 -20000.0000000,  -43514.0000000,
     -0.2081900,       0.4953584,       0.2196801,
 -20000.0000000,  -43787.5000000,
     -0.2060006,       0.5325793,       0.2216263,
 -20000.0000000,  -44074.0000000,
     -0.2322742,       0.5216320,       0.2219507,
 -20000.0000000,  -44257.0000000,
     -0.1768077,       0.5201723,       0.2200045,
 -20000.0000000,  -44453.5000000,
     -0.2490601,       0.5041162,       0.2209776,
 -20000.0000000,  -44700.5000000,
     -0.2322742,       0.5106846,       0.2213020,
 -20000.0000000,  -44923.5000000,
     -0.1446955,       0.4829514,       0.2216263,
 -20000.0000000,  -45197.0000000,
     -0.1877550,       0.4851409,       0.2209776,
 -20000.0000000,  -45431.5000000,
     -0.2074602,       0.4895198,       0.2213020,
 -20000.0000000,  -45629.0000000,
     -0.1352078,       0.4741935,       0.2206532,
 -20000.0000000,  -45888.5000000,
     -0.1746182,       0.5033864,       0.2203289,
 -20000.0000000,  -46124.0000000,
     -0.1410464,       0.5048461,       0.2193558,
 -20000.0000000,  -46334.5000000,
     -0.1322886,       0.4975478,       0.2193558,
 -20000.0000000,  -46581.5000000,
     -0.1826463,       0.5055759,       0.2190314,
 -20000.0000000,  -46894.0000000,
     -0.1549130,       0.4960882,       0.2196801,
 -20000.0000000,  -47051.5000000,
     -0.1264500,       0.4829514,       0.2200045,
 -20000.0000000,  -47364.5000000,
     -0.1308289,       0.4924391,       0.2200045,
 -20000.0000000,  -47548.5000000,
     -0.1067448,       0.4873303,       0.2196801,
 -20000.0000000,  -47745.0000000,
     -0.0957975,       0.4537585,       0.2193558,
 -20000.0000000,  -48019.0000000,
     -0.1315587,       0.4690848,       0.2196801,
 -20000.0000000,  -48214.5000000,
     -0.1147728,       0.4785725,       0.2193558,
 -20000.0000000,  -48488.0000000,
     -0.0979869,       0.5106846,       0.2190314,
 -20000.0000000,  -48774.5000000,
     -0.1425061,       0.4938987,       0.2190314,
 -20000.0000000,  -48958.0000000,
     -0.0987167,       0.5026566,       0.2190314,
 -20000.0000000,  -49155.0000000,
     -0.1111237,       0.5128741,       0.2183827,
 -20000.0000000,  -49402.0000000,
     -0.0841203,       0.5128741,       0.2183827,
 -20000.0000000,  -49715.0000000,
     -0.0374117,       0.4931689,       0.2187070,
 -20000.0000000,  -49899.0000000,
     -0.0658748,       0.4822216,       0.2183827,
 -20000.0000000,  -50095.5000000,
     -0.0746326,       0.4844111,       0.2187070,
 -20000.0000000,  -50369.0000000,
     -0.0461696,       0.4858707,       0.2187070,
 -20000.0000000,  -50604.5000000,
     -0.0739028,       0.5041162,       0.2196801,
 -20000.0000000,  -50774.5000000,
     -0.0257345,       0.4486498,       0.2187070,
 -20000.0000000,  -51074.5000000,
     -0.0125977,       0.4552182,       0.2174096,
 -20000.0000000,  -51271.0000000,
     -0.0403310,       0.4632462,       0.2170852,
 -20000.0000000,  -51544.5000000,
     -0.0585765,       0.4880602,       0.2170852,
 -20000.0000000,  -51779.5000000,
     -0.0410608,       0.4822216,       0.2174096,
 -20000.0000000,  -51976.5000000,
     -0.0549274,       0.4866005,       0.2170852,
 -20000.0000000,  -52249.0000000,
     -0.0293837,       0.5070355,       0.2164365,
 -20000.0000000,  -52535.5000000,
     -0.0169767,       0.4902496,       0.2157877,
 -20000.0000000,  -52654.5000000,
     -0.0250047,       0.4844111,       0.2157877,
 -20000.0000000,  -52889.0000000,
      0.0063776,       0.4515691,       0.2144903,
 -20000.0000000,  -53175.5000000,
     -0.0242749,       0.4420814,       0.2131928,
 -20000.0000000,  -53359.5000000,
     -0.0344924,       0.4946286,       0.2128685,
 -20000.0000000,  -53594.5000000,
      0.0282723,       0.4997373,       0.2112466,
 -20000.0000000,  -53895.0000000,
      0.0041882,       0.4968180,       0.2089761,
 -20000.0000000,  -54079.0000000,
     -0.0381415,       0.4836812,       0.2089761,
 -20000.0000000,  -54365.5000000,
      0.0465178,       0.4377024,       0.2093004,
 -20000.0000000,  -54535.5000000,
      0.0508968,       0.4333235,       0.2086517,
 -20000.0000000,  -54770.5000000,
      0.0180548,       0.4420814,       0.2105979,
 -20000.0000000,  -55070.5000000,
      0.0552757,       0.4398919,       0.2118954,
 -20000.0000000,  -55240.5000000,
      0.0530862,       0.4610567,       0.2118954,
 -20000.0000000,  -55476.0000000,
      0.0545459,       0.4698146,       0.2125441,
 -20000.0000000,  -55827.0000000,
      0.0625739,       0.4479199,       0.2112466,
 -20000.0000000,  -55998.5000000,
      0.0596546,       0.4654357,       0.2128685,
 -20000.0000000,  -56245.5000000,
      0.0749809,       0.4632462,       0.2128685,
 -20000.0000000,  -56429.5000000,
      0.0757107,       0.4661655,       0.2135172,
 -20000.0000000,  -56715.5000000,
      0.0881177,       0.4479199,       0.2135172,
 -20000.0000000,  -56912.0000000,
      0.1457736,       0.4544883,       0.2131928,
 -20000.0000000,  -57185.5000000,
      0.1078229,       0.4625164,       0.2118954,
 -20000.0000000,  -57420.5000000,
      0.1231491,       0.4428112,       0.2128685,
 -20000.0000000,  -57591.0000000,
      0.1486929,       0.4333235,       0.2125441,
 -20000.0000000,  -57826.0000000,
      0.1143913,       0.4325937,       0.2118954,
 -20000.0000000,  -58126.5000000,
      0.1107422,       0.4347832,       0.2118954,
 -20000.0000000,  -58296.5000000,
      0.1370158,       0.4471901,       0.2125441,
 -20000.0000000,  -58596.5000000,
      0.1326368,       0.4464603,       0.2109223,
 -20000.0000000,  -58780.5000000,
      0.1056334,       0.4435410,       0.2131928,
 -20000.0000000,  -59066.5000000,
      0.1443140,       0.4435410,       0.2135172,
 -20000.0000000,  -59302.0000000,
      0.1443140,       0.4099692,       0.2138415,
 -20000.0000000,  -59472.0000000,
      0.1297175,       0.4216464,       0.2131928,
 -20000.0000000,  -59772.0000000,
      0.1881033,       0.4106990,       0.2138415,
 -20000.0000000,  -60046.0000000,
      0.1742367,       0.4260253,       0.2144903,
 -20000.0000000,  -60293.0000000,
      0.1997805,       0.4325937,       0.2138415,
 -20000.0000000,  -60476.5000000,
      0.2063489,       0.4179972,       0.2141659,
 -20000.0000000,  -60711.5000000,
      0.1567210,       0.4121587,       0.2151390,
 -20000.0000000,  -60895.5000000,
      0.2318926,       0.4187271,       0.2151390,
 -20000.0000000,  -61182.0000000,
      0.2202155,       0.4187271,       0.2154634,
 -20000.0000000,  -61468.5000000,
      0.2362716,       0.4559480,       0.2154634,
 -20000.0000000,  -61652.0000000,
      0.2289733,       0.4282148,       0.2148146,
 -20000.0000000,  -61873.5000000,
      0.2216751,       0.4391621,       0.2148146,
 -20000.0000000,  -62057.5000000,
      0.2136471,       0.4311340,       0.2148146,
 -20000.0000000,  -62358.0000000,
      0.2603557,       0.4530287,       0.2141659,
 -20000.0000000,  -62528.0000000,
      0.2413803,       0.4369726,       0.2141659,
 -20000.0000000,  -62827.5000000,
      0.2618153,       0.3720185,       0.2154634,
 -20000.0000000,  -63063.0000000,
      0.2231348,       0.4209165,       0.2157877,
 -20000.0000000,  -63233.0000000,
      0.2099980,       0.4223762,       0.2161121,
 -20000.0000000,  -63482.0000000,
      0.2121874,       0.4450007,       0.2167608,
 -20000.0000000,  -63742.0000000,
      0.2348119,       0.4158078,       0.2170852,
 -20000.0000000,  -63938.5000000,
      0.2136471,       0.4209165,       0.2174096,
 -20000.0000000,  -64225.0000000,
      0.2435698,       0.4063201,       0.2174096,
 -20000.0000000,  -64473.0000000,
      0.2764118,       0.4012113,       0.2183827,
 -20000.0000000,  -64656.5000000,
      0.2180260,       0.4041306,       0.2193558,
 -20000.0000000,  -64943.0000000,
      0.2822503,       0.4026710,       0.2196801,
 -20000.0000000,  -65113.0000000,
      0.2691136,       0.3961026,       0.2209776,
 -20000.0000000,  -65348.0000000,
      0.2384610,       0.3968324,       0.2209776,
 -20000.0000000,  -65699.5000000,
      0.2676539,       0.3982921,       0.2209776,
 -20000.0000000,  -65870.5000000,
      0.2749521,       0.3807763,       0.2154634,
 -20000.0000000,  -66119.0000000,
      0.2610855,       0.4019412,       0.2213020,
 -20000.0000000,  -66303.0000000,
      0.2355417,       0.4099692,       0.2209776,
 -20000.0000000,  -66640.5000000,
      0.2713030,       0.4428112,       0.2209776,
 -20000.0000000,  -66824.0000000,
      0.2187558,       0.4369726,       0.2213020,
 -20000.0000000,  -67084.0000000,
      0.2297032,       0.4158078,       0.2203289,
 -20000.0000000,  -67294.5000000,
      0.2260541,       0.4019412,       0.2200045,
 -20000.0000000,  -67478.0000000,
      0.2348119,       0.4106990,       0.2206532,
 -20000.0000000,  -67789.5000000,
      0.2705732,       0.3749377,       0.2219507,
 -20000.0000000,  -68024.5000000,
      0.2486785,       0.3720185,       0.2213020,
 -20000.0000000,  -68221.0000000,
      0.2749521,       0.3800465,       0.2216263,
 -20000.0000000,  -68404.0000000,
      0.3048748,       0.3442852,       0.2206532,
 -20000.0000000,  -68653.0000000,
      0.2472189,       0.3858851,       0.2206532,
 -20000.0000000,  -68926.5000000,
      0.2669241,       0.3975622,       0.2193558,
 -20000.0000000,  -69174.0000000,
      0.2873591,       0.4034008,       0.2183827,
 -20000.0000000,  -69358.0000000,
      0.2756820,       0.4223762,       0.2183827,
 -20000.0000000,  -69644.5000000,
      0.2924679,       0.3508536,       0.2144903,
 -20000.0000000,  -69828.5000000,
      0.2778714,       0.3581518,       0.2193558,
 -20000.0000000,  -70088.5000000,
      0.2924679,       0.3807763,       0.2190314,
 -20000.0000000,  -70299.0000000,
      0.3384466,       0.3552326,       0.2180583,
 -20000.0000000,  -70559.0000000,
      0.2742223,       0.3705588,       0.2174096,
 -20000.0000000,  -70858.5000000,
      0.3172818,       0.3603413,       0.2174096,
 -20000.0000000,  -71055.5000000,
      0.3107134,       0.3836956,       0.2161121,
 -20000.0000000,  -71315.5000000,
      0.3180116,       0.3909938,       0.2161121,
 -20000.0000000,  -71525.5000000,
      0.3253098,       0.3566922,       0.2148146,
 -20000.0000000,  -71709.5000000,
      0.3464747,       0.3654501,       0.2138415,
 -20000.0000000,  -71996.0000000,
      0.2946573,       0.3698290,       0.2138415,
 -20000.0000000,  -72179.0000000,
      0.3457449,       0.3399063,       0.2128685,
 -20000.0000000,  -72465.5000000,
      0.3771272,       0.3413659,       0.2131928,
 -20000.0000000,  -72649.0000000,
      0.3194713,       0.3245800,       0.2135172,
 -20000.0000000,  -72922.5000000,
      0.3880745,       0.3654501,       0.2128685,
 -20000.0000000,  -73157.5000000,
      0.3836956,       0.3552326,       0.2122197,
 -20000.0000000,  -73405.5000000,
      0.3099836,       0.3274993,       0.2125441,
 -20000.0000000,  -73589.5000000,
      0.3639904,       0.3530431,       0.2115710,
 -20000.0000000,  -73876.0000000,
      0.3763974,       0.3311484,       0.2122197,
 -20000.0000000,  -74136.0000000,
      0.3793167,       0.3523133,       0.2125441,
 -20000.0000000,  -74295.0000000,
      0.3902640,       0.3384466,       0.2122197,
 -20000.0000000,  -74530.5000000,
      0.3639904,       0.3048748,       0.2128685,
 -20000.0000000,  -74816.5000000,
      0.3618010,       0.3618010,       0.2131928,
 -20000.0000000,  -75051.5000000,
      0.3727483,       0.3340677,       0.2125441,
 -20000.0000000,  -75209.0000000,
      0.3523133,       0.3121731,       0.2125441,
 -20000.0000000,  -75509.0000000,
      0.3537729,       0.3464747,       0.2135172,
 -20000.0000000,  -75757.0000000,
      0.4165376,       0.3552326,       0.2135172,
 -20000.0000000,  -75941.0000000,
      0.4267551,       0.3377168,       0.2138415,
 -20000.0000000,  -76226.5000000,
      0.4121587,       0.3391765,       0.2151390,
 -20000.0000000,  -76486.5000000,
      0.4450007,       0.3260397,       0.2138415,
 -20000.0000000,  -76645.5000000,
      0.3698290,       0.3216607,       0.2144903,
 -20000.0000000,  -76880.5000000,
      0.4165376,       0.3603413,       0.2157877,
 -20000.0000000,  -77166.5000000,
      0.4595971,       0.3172818,       0.2170852,
 -20000.0000000,  -77350.5000000,
      0.4340533,       0.2764118,       0.2164365,
 -20000.0000000,  -77624.0000000,
      0.4814918,       0.2990363,       0.2187070,
 -20000.0000000,  -77859.5000000,
      0.4603269,       0.2742223,       0.2193558,
 -20000.0000000,  -78107.5000000,
      0.4595971,       0.3092538,       0.2206532,
 -20000.0000000,  -78291.5000000,
      0.4398919,       0.3077941,       0.2203289,
 -20000.0000000,  -78577.5000000,
      0.4435410,       0.3333379,       0.2209776,
 -20000.0000000,  -78761.5000000,
      0.4289446,       0.3004959,       0.2219507,
 -20000.0000000,  -79048.0000000,
      0.4223762,       0.2880889,       0.2222750,
 -20000.0000000,  -79231.5000000,
      0.4595971,       0.3085239,       0.2219507,
 -20000.0000000,  -79518.0000000,
      0.4457305,       0.2946573,       0.2225994,
 -20000.0000000,  -79792.0000000,
      0.4274849,       0.2851696,       0.2225994,
 -20000.0000000,  -79975.5000000,
      0.4340533,       0.3158222,       0.2229238,
 -20000.0000000,  -80171.5000000,
      0.4377024,       0.3012257,       0.2232481,
 -20000.0000000,  -80458.0000000,
      0.4464603,       0.2983064,       0.2222750,
 -20000.0000000,  -80641.5000000,
      0.4413516,       0.3012257,       0.2219507,
 -20000.0000000,  -80927.5000000,
      0.4544883,       0.3099836,       0.2229238,
 -20000.0000000,  -81187.5000000,
      0.4165376,       0.2880889,       0.2219507,
 -20000.0000000,  -81347.0000000,
      0.4552182,       0.3056047,       0.2213020,
 -20000.0000000,  -81582.0000000,
      0.4873303,       0.2968468,       0.2203289,
 -20000.0000000,  -81842.0000000,
      0.4924391,       0.3194713,       0.2196801,
 -20000.0000000,  -82103.5000000,
      0.5019268,       0.2866293,       0.2187070,
 -20000.0000000,  -82261.0000000,
      0.4194569,       0.3056047,       0.2183827,
 -20000.0000000,  -82561.0000000,
      0.4771128,       0.2990363,       0.2180583,
 -20000.0000000,  -82833.5000000,
      0.5077654,       0.3048748,       0.2177339,
 -20000.0000000,  -83044.5000000,
      0.4909794,       0.2742223,       0.2164365,
 -20000.0000000,  -83253.5000000,
      0.4902496,       0.2574364,       0.2157877,
 -20000.0000000,  -83488.5000000,
      0.4625164,       0.3194713,       0.2151390,
 -20000.0000000,  -83723.5000000,
      0.5033864,       0.2815205,       0.2138415,
 -20000.0000000,  -83934.0000000,
      0.4982777,       0.3077941,       0.2128685,
 -20000.0000000,  -84194.0000000,
      0.5201723,       0.3114432,       0.2118954,
 -20000.0000000,  -84428.0000000,
      0.5252811,       0.2888187,       0.2102735,
 -20000.0000000,  -84728.0000000,
      0.5500950,       0.2567066,       0.2096248,
 -20000.0000000,  -84898.0000000,
      0.5289302,       0.2640048,       0.2089761,
 -20000.0000000,  -85108.5000000,
      0.5063057,       0.2209453,       0.2080030,
 -20000.0000000,  -85395.0000000,
      0.5559336,       0.2815205,       0.2073542,
 -20000.0000000,  -85578.5000000,
      0.5457161,       0.2450294,       0.2080030,
 -20000.0000000,  -85838.5000000,
      0.5449863,       0.2494084,       0.2073542,
 -20000.0000000,  -86074.0000000,
      0.5427968,       0.2486785,       0.2063811,
 -20000.0000000,  -86284.5000000,
      0.5303898,       0.2713030,       0.2067055,
 -20000.0000000,  -86544.0000000,
      0.5763686,       0.2253242,       0.2067055,
 -20000.0000000,  -86844.0000000,
      0.5785581,       0.2625452,       0.2073542,
 -20000.0000000,  -87028.0000000,
      0.5493652,       0.2172962,       0.2080030,
 -20000.0000000,  -87249.5000000,
      0.5384179,       0.2399207,       0.2089761,
 -20000.0000000,  -87484.5000000,
      0.5595827,       0.2304330,       0.2083273,
 -20000.0000000,  -87771.0000000,
      0.5391477,       0.2180260,       0.2086517,
 -20000.0000000,  -87930.0000000,
      0.5530143,       0.2406505,       0.2096248,
 -20000.0000000,  -88190.0000000,
      0.5625020,       0.2450294,       0.2096248,
 -20000.0000000,  -88424.5000000,
      0.5822072,       0.2107278,       0.2099492,
 -20000.0000000,  -88634.5000000,
      0.5931545,       0.2340821,       0.2099492,
 -20000.0000000,  -88894.0000000,
      0.6223474,       0.2479487,       0.2096248,
 -20000.0000000,  -89129.5000000,
      0.6048317,       0.2238646,       0.2093004,
 -20000.0000000,  -89327.0000000,
      0.6478912,       0.2078085,       0.2093004,
 -20000.0000000,  -89664.5000000,
      0.5814774,       0.1939419,       0.2099492,
 -20000.0000000,  -89900.0000000,
      0.5902352,       0.2034296,       0.2096248,
 -20000.0000000,  -90096.5000000,
      0.6033720,       0.2107278,       0.2122197,
 -20000.0000000,  -90268.0000000,
      0.5822072,       0.1735069,       0.2135172,
 -20000.0000000,  -90605.5000000,
      0.5800177,       0.1654788,       0.2157877,
 -20000.0000000,  -90789.0000000,
      0.5880458,       0.1793454,       0.2151390,
 -20000.0000000,  -90985.5000000,
      0.5989931,       0.1866437,       0.2187070,
 -20000.0000000,  -91245.5000000,
      0.6201579,       0.2092681,       0.2183827,
 -20000.0000000,  -91456.0000000,
      0.6471614,       0.2041594,       0.2187070,
 -20000.0000000,  -91729.5000000,
      0.5807476,       0.2099980,       0.2200045,
 -20000.0000000,  -91926.5000000,
      0.6325649,       0.1866437,       0.2200045,
 -20000.0000000,  -92186.5000000,
      0.6354842,       0.1654788,       0.2200045,
 -20000.0000000,  -92447.0000000,
      0.5953440,       0.1910226,       0.2196801,
 -20000.0000000,  -92655.5000000,
      0.6420526,       0.1924822,       0.2193558,
 -20000.0000000,  -92890.5000000,
      0.6296456,       0.1727770,       0.2196801,
 -20000.0000000,  -93152.0000000,
      0.6157790,       0.1888331,       0.2187070,
 -20000.0000000,  -93425.5000000,
      0.6442421,       0.1910226,       0.2190314,
 -20000.0000000,  -93609.5000000,
      0.6376737,       0.1720472,       0.2187070,
 -20000.0000000,  -93831.0000000,
      0.6362140,       0.1866437,       0.2174096,
 -20000.0000000,  -94080.0000000,
      0.6705157,       0.1662086,       0.2164365,
 -20000.0000000,  -94277.0000000,
      0.6340246,       0.1435842,       0.2164365,
 -20000.0000000,  -94536.5000000,
      0.6296456,       0.1486929,       0.2154634,
 -20000.0000000,  -94747.0000000,
      0.6705157,       0.1713174,       0.2141659,
 -20000.0000000,  -95020.5000000,
      0.6267263,       0.1669385,       0.2138415,
 -20000.0000000,  -95217.0000000,
      0.6369439,       0.1508824,       0.2109223,
 -20000.0000000,  -95491.0000000,
      0.6376737,       0.1355561,       0.2109223,
 -20000.0000000,  -95687.5000000,
      0.6508105,       0.1581806,       0.2105979,
 -20000.0000000,  -95961.0000000,
      0.6909507,       0.1786156,       0.2093004,
 -20000.0000000,  -96156.5000000,
      0.7062769,       0.1421245,       0.2080030,
 -20000.0000000,  -96430.5000000,
      0.6661367,       0.1625595,       0.2076786,
 -20000.0000000,  -96651.5000000,
      0.7289014,       0.1377456,       0.2054080,
 -20000.0000000,  -96886.5000000,
      0.6683262,       0.1267983,       0.2047593,
 -20000.0000000,  -97097.0000000,
      0.6639473,       0.1362859,       0.2047593,
 -20000.0000000,  -97370.5000000,
      0.6814630,       0.0954159,       0.2047593,
 -20000.0000000,  -97567.5000000,
      0.6727051,       0.1253386,       0.2060568,
 -20000.0000000,  -97841.0000000,
      0.6632174,       0.0954159,       0.2050837,
 -20000.0000000,  -98101.0000000,
      0.7128453,       0.1267983,       0.2047593,
 -20000.0000000,  -98311.5000000,
      0.7033577,       0.0706020,       0.2054080,
 -20000.0000000,  -98508.0000000,
      0.7004384,       0.0830089,       0.2044350,
 -20000.0000000,  -98755.0000000,
      0.7383891,       0.0815493,       0.2050837,
 -20000.0000000,  -98978.0000000,
      0.7332804,       0.0749809,       0.2057324,
 -20000.0000000,  -99252.0000000,
      0.7113857,       0.0881177,       0.2057324,
 -20000.0000000,  -99499.5000000,
      0.7055471,       0.0990650,       0.2057324,
 -20000.0000000,  -99657.0000000,
      0.7143050,       0.0691423,       0.2070299,
 -20000.0000000,  -99919.0000000,
      0.7668522,       0.0757107,       0.2063811,
 -20000.0000000, -100191.5000000,
      0.7602838,       0.0443284,       0.2076786,
 -20000.0000000, -100388.0000000,
      0.7347400,       0.0581950,       0.2086517,
 -20000.0000000, -100623.0000000,
      0.7661224,       0.0618441,       0.2086517,
 -20000.0000000, -100883.0000000,
      0.7391189,       0.0384898,       0.2080030,
 -20000.0000000, -101080.5000000,
      0.7690416,       0.0217039,       0.2099492,
 -20000.0000000, -101328.5000000,
      0.7303611,       0.0764405,       0.2105979,
 -20000.0000000, -101602.0000000,
      0.7274418,       0.0333810,       0.2118954,
 -20000.0000000, -101888.5000000,
      0.7770697,       0.0071074,       0.2122197,
 -20000.0000000, -102072.5000000,
      0.7580943,       0.0122162,       0.2131928,
 -20000.0000000, -102242.5000000,
      0.7529856,       0.0311916,       0.2141659,
 -20000.0000000, -102478.0000000,
      0.7763399,       0.0187846,       0.2144903,
 -20000.0000000, -102777.5000000,
      0.7551750,       0.0319214,       0.2148146,
 -20000.0000000, -102948.0000000,
      0.7938556,       0.0443284,       0.2151390,
 -20000.0000000, -103196.5000000,
      0.8004240,       0.0311916,       0.2144903,
 -20000.0000000, -103483.0000000,
      0.7595540,       0.0611143,       0.2148146,
 -20000.0000000, -103756.5000000,
      0.7668522,       0.0384898,       0.2148146,
 -20000.0000000, -103888.5000000,
      0.7741504,       0.0370301,       0.2144903,
 -20000.0000000, -104175.0000000,
      0.7683118,       0.0202442,       0.2154634,
 -20000.0000000, -104358.0000000,
      0.8055327,       0.0114864,       0.2157877,
 -20000.0000000, -104658.0000000,
      0.7683118,      -0.0067592,       0.2154634,
 -20000.0000000, -104893.0000000,
      0.7829083,       0.0304618,       0.2151390,
 -20000.0000000, -105063.0000000,
      0.7639329,      -0.0045697,       0.2148146,
 -20000.0000000, -105298.0000000,
      0.7799890,       0.0297319,       0.2135172,
 -20000.0000000, -105598.0000000,
      0.7726908,       0.0012689,       0.2131928,
 -20000.0000000, -105858.0000000,
      0.7566347,      -0.0125977,       0.2096248,
 -20000.0000000, -106068.5000000,
      0.8245081,       0.0056478,       0.2115710,
 -20000.0000000, -106239.0000000,
      0.7588241,      -0.0206258,       0.2115710,
 -20000.0000000, -106525.0000000,
      0.7632031,       0.0049180,       0.2115710,
 -20000.0000000, -106709.0000000,
      0.8201292,      -0.0206258,       0.2105979,
 -20000.0000000, -107009.0000000,
      0.8142906,      -0.0228153,       0.2089761,
 -20000.0000000, -107178.5000000,
      0.7617434,      -0.0381415,       0.2093004,
 -20000.0000000, -107523.5000000,
      0.8398344,      -0.0213556,       0.2067055,
 -20000.0000000, -107702.0000000,
      0.7923959,      -0.0162469,       0.2073542,
 -20000.0000000, -107977.0000000,
      0.7829083,      -0.0447099,       0.2057324,
 -20000.0000000, -108150.5000000,
      0.8420238,      -0.0301135,       0.2021644,
 -20000.0000000, -108311.0000000,
      0.7770697,      -0.0374117,       0.2047593,
 -20000.0000000, -108637.5000000,
      0.8150204,      -0.0432503,       0.2041106,
 -20000.0000000, -108793.5000000,
      0.8318063,      -0.0468994,       0.2024888,
 -20000.0000000, -108960.5000000,
      0.7960451,      -0.0264644,       0.2034619,
 -20000.0000000, -109230.5000000,
      0.8281572,      -0.0644151,       0.2031375,
 -20000.0000000, -109382.0000000,
      0.8048029,      -0.0658748,       0.2021644,
 -20000.0000000, -109645.5000000,
      0.7996942,      -0.0906887,       0.2018400,
 -20000.0000000, -109848.5000000,
      0.8040731,      -0.0906887,       0.2015157,
 -20000.0000000, -110093.0000000,
      0.8369151,      -0.0651449,       0.2008669,
 -20000.0000000, -110225.5000000,
      0.8223187,      -0.0731730,       0.2011913,
 -20000.0000000, -110485.5000000,
      0.8646483,      -0.0731730,       0.2008669,
 -20000.0000000, -110614.5000000,
      0.8121011,      -0.0892291,       0.2005426,
 -20000.0000000, -110774.5000000,
      0.8259678,      -0.0812010,       0.2015157,
 -20000.0000000, -111015.0000000,
      0.9171955,      -0.0753624,       0.2002182,
 -20000.0000000, -111241.0000000,
      0.8412940,      -0.0833905,       0.2018400,
 -20000.0000000, -111384.0000000,
      0.8347256,      -0.0731730,       0.2015157,
 -20000.0000000, -111603.0000000,
      0.9025991,      -0.0950676,       0.2008669,
 -20000.0000000, -111742.0000000,
      0.8471326,      -0.0863098,       0.2018400,
 -20000.0000000, -111869.5000000,
      0.8493221,      -0.0746326,       0.2011913,
 -20000.0000000, -112128.5000000,
      0.9237639,      -0.1206114,       0.2015157,
 -20000.0000000, -112262.0000000,
      0.8493221,      -0.1096641,       0.2031375,
 -20000.0000000, -112384.0000000,
      0.8471326,      -0.1133132,       0.2008669,
 -20000.0000000, -112605.0000000,
      0.8872728,      -0.1220711,       0.2015157,
 -20000.0000000, -112724.0000000,
      0.8558905,      -0.1476148,       0.2041106,
 -20000.0000000, -112902.0000000,
      0.8938412,      -0.1009062,       0.2037862,
 -20000.0000000, -113104.5000000,
      0.8828939,      -0.1417762,       0.2037862,
 -20000.0000000, -113217.0000000,
      0.8609992,      -0.1023659,       0.2044350,
 -20000.0000000, -113354.5000000,
      0.9281428,      -0.1133132,       0.2041106,
 -20000.0000000, -113521.5000000,
      0.8551606,      -0.0994466,       0.2041106,
 -20000.0000000, -113654.5000000,
      0.8763255,      -0.1016360,       0.2054080,
 -20000.0000000, -113816.0000000,
      0.9193850,      -0.1016360,       0.2041106,
 -20000.0000000, -113998.5000000,
      0.8850833,      -0.0892291,       0.2044350,
 -20000.0000000, -114100.5000000,
      0.8953009,      -0.1279096,       0.2044350,
 -20000.0000000, -114223.5000000,
      0.8792448,      -0.1060150,       0.2047593,
 -20000.0000000, -114389.5000000,
      0.8639185,      -0.0892291,       0.2050837,
 -20000.0000000, -114544.0000000,
      0.8624589,      -0.1373973,       0.2054080,
 -20000.0000000, -114638.5000000,
      0.9098973,      -0.1388570,       0.2028131,
 -20000.0000000, -114802.0000000,
      0.8661080,      -0.1271798,       0.2041106,
 -20000.0000000, -114892.5000000,
      0.8807044,      -0.1111237,       0.2044350,
 -20000.0000000, -115050.0000000,
      0.9069780,      -0.0936080,       0.2037862,
 -20000.0000000, -115137.0000000,
      0.8763255,      -0.0994466,       0.2044350,
 -20000.0000000, -115268.5000000,
      0.9193850,      -0.1293693,       0.2034619,
 -20000.0000000, -115403.0000000,
      0.9142762,      -0.1228009,       0.2037862,
 -20000.0000000, -115485.0000000,
      0.8712167,      -0.1352078,       0.2047593,
 -20000.0000000, -115626.0000000,
      0.9390902,      -0.1483446,       0.2044350,
 -20000.0000000, -115704.0000000,
      0.9098973,      -0.1425061,       0.2037862,
 -20000.0000000, -115839.0000000,
      0.9252236,      -0.1446955,       0.2041106,
 -20000.0000000, -115919.5000000,
      0.9748515,      -0.1738884,       0.2041106,
 -20000.0000000, -116042.0000000,
      0.9420095,      -0.1461552,       0.2041106,
 -20000.0000000, -116119.0000000,
      0.9098973,      -0.1220711,       0.2047593,
 -20000.0000000, -116234.5000000,
      0.9317920,      -0.1359377,       0.2037862,
 -20000.0000000, -116302.0000000,
      0.9376305,      -0.1461552,       0.1992451,
 -20000.0000000, -116417.5000000,
      0.9106271,      -0.1352078,       0.1924334,
 -20000.0000000, -116486.5000000,
      0.9660936,      -0.1578323,       0.1985964,
 -20000.0000000, -116590.5000000,
      0.9288727,      -0.1753481,       0.2054080,
 -20000.0000000, -116655.5000000,
      0.9296025,      -0.1571025,       0.2057324,
 -20000.0000000, -116753.5000000,
      0.9668234,      -0.1687797,       0.2060568,
 -20000.0000000, -116814.5000000,
      0.9084377,      -0.1687797,       0.2067055,
 -20000.0000000, -116906.0000000,
      0.9536866,      -0.1826463,       0.2054080,
 -20000.0000000, -116963.5000000,
      0.9281428,      -0.1622113,       0.2060568,
 -20000.0000000, -117049.0000000,
      0.9215744,      -0.1738884,       0.2067055,
 -20000.0000000, -117102.5000000,
      0.9493077,      -0.1826463,       0.2050837,
 -20000.0000000, -117182.0000000,
      0.9456586,      -0.1629411,       0.2060568,
 -20000.0000000, -117231.5000000,
      0.8916517,      -0.1921340,       0.2060568,
 -20000.0000000, -117301.5000000,
      0.9405498,      -0.1782673,       0.2060568,
 -20000.0000000, -117359.5000000,
      0.9587954,      -0.1797270,       0.2057324,
 -20000.0000000, -117397.0000000,
      0.9252236,      -0.1753481,       0.2060568,
 -20000.0000000, -117462.0000000,
      0.9493077,      -0.1789972,       0.2060568,
 -20000.0000000, -117512.5000000,
      0.8953009,      -0.1965129,       0.2070299,
 -20000.0000000, -117565.5000000,
      0.8953009,      -0.1819165,       0.2067055,
 -20000.0000000, -117613.5000000,
      0.9383604,      -0.1651306,       0.2060568,
 -20000.0000000, -117649.5000000,
      0.8726764,      -0.1833761,       0.2060568,
 -20000.0000000, -117694.0000000,
      0.9354411,      -0.2081900,       0.2060568,
 -20000.0000000, -117728.0000000,
      0.9230341,      -0.1644007,       0.2060568,
 -20000.0000000, -117769.0000000,
      0.9135464,      -0.1811866,       0.2067055,
 -20000.0000000, -117789.5000000,
      0.9573357,      -0.1680498,       0.2063811,
 -20000.0000000, -117827.0000000,
      0.9201148,      -0.1877550,       0.2063811,
 -20000.0000000, -117858.0000000,
      0.9288727,      -0.1972427,       0.2070299,
 -20000.0000000, -117881.0000000,
      0.9544164,      -0.1768077,       0.2060568,
 -20000.0000000, -117906.5000000,
      0.8923816,      -0.1848357,       0.2067055,
 -20000.0000000, -117925.0000000,
      0.8836237,      -0.1571025,       0.2067055,
 -20000.0000000, -117939.0000000,
      0.9434691,      -0.1826463,       0.2050837,
 -20000.0000000, -117961.5000000,
      0.8989500,      -0.1914041,       0.2063811,
 -20000.0000000, -117971.0000000,
      0.9252236,      -0.1884849,       0.2060568,
 -20000.0000000, -117982.0000000,
      0.8858132,      -0.1782673,       0.2060568,
 -20000.0000000, -117990.0000000,
      0.9244937,      -0.2074602,       0.2057324,
 -20000.0000000, -117996.5000000,
      0.9237639,      -0.1819165,       0.2060568,
 -20000.0000000, -117998.5000000,
      0.9033289,      -0.1957831,       0.2063811,
 -20000.0000000, -117999.5000000,
      0.8719465,      -0.2067304,       0.2063811,
 -20000.0000000, -117999.5000000,
      0.9157359,      -0.1797270,       0.2063811,
 -20000.0000000, -117999.5000000,
      0.9215744,      -0.1709691,       0.2063811,
 -20000.0000000, -117999.5000000,
      0.8931114,      -0.2118392,       0.2057324,
 -20000.0000000, -117999.5000000,
      0.8960307,      -0.1965129,       0.2057324,
 -20000.0000000, -117999.5000000,
      0.9062482,      -0.1855656,       0.2057324,
 -20000.0000000, -117999.5000000,
      0.9033289,      -0.1979725,       0.2067055,
 -20000.0000000, -117999.5000000,
      0.9179253,      -0.1687797,       0.2063811,
 -20000.0000000, -117999.5000000,
      0.9004096,      -0.2030813,       0.2054080,
 -20000.0000000, -117999.5000000,
      0.9077078,      -0.2081900,       0.2060568,
 -20000.0000000, -117999.5000000,
      0.9040587,      -0.2081900,       0.2057324,
 -20000.0000000, -118000.0000000,
      0.9383604,      -0.2030813,       0.2060568,
 -20000.0000000, -118000.0000000,
      0.8785149,      -0.2154883,       0.2054080,
 -20000.0000000, -118000.0000000,
      0.9427393,      -0.2081900,       0.2057324,
 -20000.0000000, -118000.0000000,
      0.9390902,      -0.1914041,       0.2057324,
 -20000.0000000, -118000.0000000,
      0.9069780,      -0.1994322,       0.2060568,
 -20000.0000000, -118000.0000000,
      0.9456586,      -0.1987024,       0.2060568,
 -20000.0000000, -118000.0000000,
      0.9018693,      -0.1826463,       0.2063811,
 -20000.0000000, -118000.0000000,
      0.9164657,      -0.1738884,       0.2057324,
 -20000.0000000, -118000.0000000,
      0.9084377,      -0.1826463,       0.2057324,
 -20000.0000000, -118000.0000000,
      0.9171955,      -0.2089199,       0.2054080,
 -20000.0000000, -118000.0000000,
      0.8894623,      -0.1833761,       0.2060568,
 -20000.0000000, -118000.0000000,
      0.9077078,      -0.1709691,       0.2063811,
 -20000.0000000, -118000.0000000,
      0.9011394,      -0.2074602,       0.2057324,
 -20000.0000000, -118000.0000000,
      0.9120868,      -0.2023515,       0.2057324,
 -20000.0000000, -118000.0000000,
      0.8894623,      -0.2111093,       0.2057324,
 -20000.0000000, -118000.0000000,
      0.9266832,      -0.1972427,       0.2060568,
 -20000.0000000, -118000.0000000,
      0.9288727,      -0.2169479,       0.2060568,
 -20000.0000000, -118000.0000000,
      0.9069780,      -0.1680498,       0.2060568,
 -20000.0000000, -118000.0000000,
      0.8763255,      -0.1979725,       0.2057324,
 -20000.0000000, -118000.0000000,
      0.9201148,      -0.1906743,       0.2057324,
 -20000.0000000, -118000.0000000,
      0.8953009,      -0.1972427,       0.2057324,
 -20000.0000000, -118000.0000000,
      0.9244937,      -0.1892147,       0.2060568,
 -20000.0000000, -118000.0000000,
      0.9084377,      -0.2060006,       0.2060568,
 -20000.0000000, -118000.0000000,
      0.9091675,      -0.1695095,       0.2054080,
 -20000.0000000, -118000.0000000,
      0.9113569,      -0.2030813,       0.2057324,
 -20000.0000000, -118000.0000000,
      0.9055184,      -0.2060006,       0.2057324,
 -20000.0000000, -118000.0000000,
      0.8821641,      -0.1768077,       0.2060568,
 -20000.0000000, -118000.0000000,
      0.9098973,      -0.1957831,       0.2054080,
 -20000.0000000, -118000.0000000,
      0.9033289,      -0.1921340,       0.2057324,
 -20000.0000000, -118000.0000000,
      0.9004096,      -0.2330040,       0.2057324,
 -20000.0000000, -118000.0000000,
      0.8901921,      -0.2023515,       0.2063811,
 -20000.0000000, -118000.0000000,
      0.9091675,      -0.1892147,       0.2060568,
 -20000.0000000, -118000.0000000,
      0.9069780,      -0.2081900,       0.2060568,
 -20000.0000000, -118000.0000000,
      0.8953009,      -0.1826463,       0.2057324,
 -20000.0000000, -118000.0000000,
      0.9186552,      -0.2227865,       0.2057324,
 -20000.0000000, -118000.0000000,
      0.8996798,      -0.1914041,       0.2060568,
 -20000.0000000, -118000.0000000,
      0.8770553,      -0.1629411,       0.2060568,
 -20000.0000000, -118000.0000000,
      0.9113569,      -0.1651306,       0.2060568,
 -20000.0000000, -118000.0000000,
      0.9252236,      -0.1789972,       0.2057324,
 -20000.0000000, -118000.0000000,
      0.8836237,      -0.1935936,       0.2050837,
 -20000.0000000, -118000.0000000,
      0.9077078,      -0.2023515,       0.2057324,
 -20000.0000000, -118000.0000000,
      0.9237639,      -0.2001620,       0.2057324,
 -20000.0000000, -118000.0000000,
      0.9171955,      -0.1957831,       0.2057324,
 -20000.0000000, -118000.0000000,
      0.8682974,      -0.2016217,       0.2057324,
 -20000.0000000, -118000.0000000,
      0.9398200,      -0.2125690,       0.2054080,
 -20000.0000000, -118000.0000000,
      0.9098973,      -0.1819165,       0.2057324,
 -20000.0000000, -118000.0000000,
      0.8938412,      -0.1972427,       0.2060568,
 -20000.0000000, -118000.0000000,
      0.8931114,      -0.1935936,       0.2054080,
 -20000.0000000, -118000.0000000,
      0.9266832,      -0.1833761,       0.2060568,
 -20000.0000000, -118000.0000000,
      0.9040587,      -0.1819165,       0.2057324,
 -20000.0000000, -118000.0000000,
      0.8945710,      -0.1906743,       0.2057324,
 -20000.0000000, -118000.0000000,
      0.8719465,      -0.2140286,       0.2060568,
 -20000.0000000, -118000.0000000,
      0.9164657,      -0.2169479,       0.2054080,
 -20000.0000000, -118000.0000000,
      0.8792448,      -0.2132988,       0.2054080,
 -20000.0000000, -118000.0000000,
      0.9201148,      -0.1716989,       0.2060568,
 -20000.0000000, -118000.0000000,
      0.9033289,      -0.2038111,       0.2060568,
 -20000.0000000, -118000.0000000,
      0.8982201,      -0.1782673,       0.2057324,
 -20000.0000000, -118000.0000000,
      0.8799746,      -0.1965129,       0.2054080,
 -20000.0000000, -118000.0000000,
      0.9128166,      -0.1987024,       0.2054080,
 -20000.0000000, -118000.0000000,
      0.9296025,      -0.2213268,       0.2054080,
 -20000.0000000, -118000.0000000,
      0.9274130,      -0.2023515,       0.2060568,
 -20000.0000000, -118000.0000000,
      0.8916517,      -0.1826463,       0.2057324,
 -20000.0000000, -118000.0000000,
      0.8858132,      -0.1665902,       0.2060568,
 -20000.0000000, -118000.0000000,
      0.8770553,      -0.2038111,       0.2060568,
 -20000.0000000, -118000.0000000,
      0.9120868,      -0.2016217,       0.2060568,
 -20000.0000000, -118000.0000000,
      0.8617290,      -0.2016217,       0.2057324,
 -20000.0000000, -118000.0000000,
      0.8850833,      -0.1833761,       0.2057324,
 -20000.0000000, -118000.0000000,
      0.9150060,      -0.1775375,       0.2057324,
 -20000.0000000, -118000.0000000,
      0.9215744,      -0.1906743,       0.2057324,
 -20000.0000000, -118000.0000000,
      0.9106271,      -0.1855656,       0.2057324,
 -20000.0000000, -118000.0000000,
      0.9033289,      -0.1687797,       0.2054080,
 -20000.0000000, -118000.0000000,
      0.9025991,      -0.2308145,       0.2063811,
 -20000.0000000, -118000.0000000,
      0.9025991,      -0.1921340,       0.2057324,
 -20000.0000000, -118000.0000000,
      0.8828939,      -0.1935936,       0.2054080,
 -20000.0000000, -118000.0000000,
      0.9223043,      -0.1987024,       0.2060568,
 -20000.0000000, -118000.0000000,
      0.8690273,      -0.1760779,       0.2060568,
 -20000.0000000, -118000.0000000,
      0.9047885,      -0.1644007,       0.2054080,
 -20000.0000000, -118000.0000000,
      0.9113569,      -0.1884849,       0.2060568,
 -20000.0000000, -118000.0000000,
      0.9536866,      -0.1965129,       0.2054080,
 -20000.0000000, -118000.0000000,
      0.9025991,      -0.2038111,       0.2054080,
 -20000.0000000, -118000.0000000,
      0.9259534,      -0.2052708,       0.2057324,
 -20000.0000000, -118000.0000000,
      0.9310621,      -0.1811866,       0.2060568,
 -20000.0000000, -118000.0000000,
