     -0.0709835,      -0.1833761,       0.2128685,
 -12000.0000000,  -12000.0000000,
     -0.0541976,      -0.1687797,       0.2125441,
 -12000.0000000,  -12000.0000000,
     -0.0585765,      -0.1855656,       0.2125441,
 -12000.0000000,  -12000.0000000,
     -0.0826607,      -0.1884849,       0.2122197,
 -12000.0000000,  -12000.0000000,
     -0.0527380,      -0.1731586,       0.2122197,
 -12000.0000000,  -12000.0000000,
     -0.0578467,      -0.1833761,       0.2122197,
 -12000.0000000,  -12000.0000000,
     -0.0746326,      -0.1811866,       0.2122197,
 -12000.0000000,  -12000.5000000,
     -0.0293837,      -0.1636709,       0.2118954,
 -12000.0000000,  -12003.0000000,
     -0.0257345,      -0.1600218,       0.2112466,
 -12000.0000000,  -12010.0000000,
     -0.0848501,      -0.1819165,       0.2118954,
 -12000.0000000,  -12017.0000000,
      0.0041882,      -0.1760779,       0.2125441,
 -12000.0000000,  -12031.0000000,
     -0.0680642,      -0.1921340,       0.2131928,
 -12000.0000000,  -12040.5000000,
     -0.0739028,      -0.2038111,       0.2122197,
 -12000.0000000,  -12061.5000000,
     -0.0425205,      -0.1592920,       0.2125441,
 -12000.0000000,  -12074.0000000,
     -0.1257202,      -0.1585622,       0.2122197,
 -12000.0000000,  -12098.0000000,
     -0.0206258,      -0.1695095,       0.2128685,
 -12000.0000000,  -12122.5000000,
     -0.0804712,      -0.1746182,       0.2131928,
 -12000.0000000,  -12143.0000000,
     -0.0330328,      -0.1571025,       0.2131928,
 -12000.0000000,  -12180.5000000,
     -0.0658748,      -0.1943234,       0.2135172,
 -12000.0000000,  -12202.0000000,
     -0.0169767,      -0.1111237,       0.2131928,
 -12000.0000000,  -12246.0000000,
     -0.0512783,      -0.2096497,       0.2141659,
 -12000.0000000,  -12270.5000000,
     -0.0425205,      -0.1972427,       0.2151390,
 -12000.0000000,  -12317.0000000,
     -0.0147872,      -0.1242605,       0.2151390,
 -12000.0000000,  -12349.5000000,
     -0.0169767,      -0.1571025,       0.2151390,
 -12000.0000000,  -12402.0000000,
     -0.0220854,      -0.1819165,       0.2154634,
 -12000.0000000,  -12438.0000000,
     -0.0220854,      -0.1366675,       0.2157877,
 -12000.0000000,  -12496.5000000,
     -0.0228153,      -0.1527236,       0.2161121,
 -12000.0000000,  -12536.5000000,
     -0.0374117,      -0.1848357,       0.2164365,
 -12000.0000000,  -12607.5000000,
     -0.0104083,      -0.1658604,       0.2157877,
 -12000.0000000,  -12645.0000000,
     -0.0344924,      -0.1096641,       0.2157877,
 -12000.0000000,  -12716.0000000,
      0.0085671,      -0.1578323,       0.2164365,
 -12000.0000000,  -12763.5000000,
     -0.0498187,      -0.1461552,       0.2167608,
 -12000.0000000,  -12833.5000000,
     -0.0344924,      -0.1519938,       0.2167608,
 -12000.0000000,  -12899.5000000,
     -0.0425205,      -0.1417762,       0.2164365,
 -12000.0000000,  -12975.5000000,
     -0.0476292,      -0.1352078,       0.2164365,
 -12000.0000000,  -13031.0000000,
     -0.0381415,      -0.1242605,       0.2177339,
 -12000.0000000,  -13104.0000000,
     -0.0344924,      -0.1388570,       0.2177339,
 -12000.0000000,  -13196.5000000,
     -0.0651449,      -0.1782673,       0.2183827,
 -12000.0000000,  -13266.5000000,
     -0.0374117,      -0.1023659,       0.2183827,
 -12000.0000000,  -13356.5000000,
     -0.0337626,      -0.1571025,       0.2190314,
 -12000.0000000,  -13431.0000000,
     -0.0417906,      -0.1381271,       0.2206532,
 -12000.0000000,  -13526.0000000,
     -0.0505485,      -0.1271798,       0.2219507,
 -12000.0000000,  -13605.5000000,
     -0.0074890,      -0.1417762,       0.2235725,
 -12000.0000000,  -13686.0000000,
     -0.0074890,      -0.1009062,       0.2242212,
 -12000.0000000,  -13799.5000000,
      0.0341109,      -0.1067448,       0.2242212,
 -12000.0000000,  -13874.5000000,
      0.0487073,      -0.0914185,       0.2238969,
 -12000.0000000,  -14005.5000000,
      0.0720616,      -0.0884992,       0.2248700,
 -12000.0000000,  -14073.5000000,
      0.1662086,      -0.0950676,       0.2245456,
 -12000.0000000,  -14199.5000000,
      0.1581806,      -0.0651449,       0.2229238,
 -12000.0000000,  -14282.5000000,
      0.1829946,      -0.1082044,       0.2209776,
 -12000.0000000,  -14414.5000000,
      0.2194857,      -0.0936080,       0.2219507,
 -12000.0000000,  -14501.0000000,
      0.2340821,      -0.1125834,       0.2232481,
 -12000.0000000,  -14626.5000000,
      0.2026997,      -0.1103939,       0.2206532,
 -12000.0000000,  -14736.5000000,
      0.2632750,      -0.1133132,       0.2206532,
 -12000.0000000,  -14874.0000000,
      0.2326225,      -0.1235307,       0.2222750,
 -12000.0000000,  -14968.5000000,
      0.2070787,      -0.1023659,       0.2225994,
 -12000.0000000,  -15092.0000000,
      0.2245944,      -0.0578467,       0.2203289,
 -12000.0000000,  -15238.5000000,
      0.1778858,      -0.0490888,       0.2157877,
 -12000.0000000,  -15331.0000000,
      0.1990506,      -0.0366819,       0.2125441,
 -12000.0000000,  -15505.0000000,
      0.2661943,      -0.0709835,       0.2112466,
 -12000.0000000,  -15609.0000000,
      0.2326225,      -0.0855799,       0.2096248,
 -12000.0000000,  -15789.5000000,
      0.1968612,      -0.1279096,       0.2099492,
 -12000.0000000,  -15883.0000000,
      0.1727770,      -0.1884849,       0.2109223,
 -12000.0000000,  -16070.0000000,
      0.1136615,      -0.1862954,       0.2115710,
 -12000.0000000,  -16167.0000000,
      0.0917668,      -0.1797270,       0.2128685,
 -12000.0000000,  -16360.5000000,
      0.0494371,      -0.1527236,       0.2157877,
 -12000.0000000,  -16460.5000000,
      0.0406793,      -0.1753481,       0.2154634,
 -12000.0000000,  -16661.0000000,
      0.0363003,      -0.1541832,       0.2112466,
 -12000.0000000,  -16747.0000000,
      0.0100267,      -0.1016360,       0.2135172,
 -12000.0000000,  -16971.5000000,
     -0.0155170,      -0.1118535,       0.2144903,
 -12000.0000000,  -17078.0000000,
      0.0071074,      -0.1235307,       0.2144903,
 -12000.0000000,  -17291.5000000,
     -0.0556572,      -0.1352078,       0.2128685,
 -12000.0000000,  -17401.5000000,
     -0.0833905,      -0.1308289,       0.2118954,
 -12000.0000000,  -17602.5000000,
      0.0209741,      -0.1220711,       0.2115710,
 -12000.0000000,  -17772.0000000,
     -0.0228153,      -0.1549130,       0.2118954,
 -12000.0000000,  -17906.0000000,
     -0.0461696,      -0.1476148,       0.2112466,
 -12000.0000000,  -18107.5000000,
      0.0268126,      -0.1498043,       0.2112466,
 -12000.0000000,  -18235.0000000,
     -0.0286538,      -0.1731586,       0.2128685,
 -12000.0000000,  -18471.5000000,
     -0.0352222,      -0.1257202,       0.2118954,
 -12000.0000000,  -18613.0000000,
     -0.0133276,      -0.1344780,       0.2083273,
 -12000.0000000,  -18836.0000000,
     -0.0439801,      -0.1665902,       0.2115710,
 -12000.0000000,  -18981.5000000,
      0.0085671,      -0.1213412,       0.2122197,
 -12000.0000000,  -19169.5000000,
     -0.0038399,      -0.1695095,       0.2115710,
 -12000.0000000,  -19508.0000000,
     -0.0702537,      -0.1702393,       0.2118954,
 -12000.0000000,  -19563.5000000,
     -0.0213556,      -0.1344780,       0.2122197,
 -12000.0000000,  -19771.0000000,
     -0.0651449,      -0.1359377,       0.2122197,
 -12000.0000000,  -20013.5000000,
     -0.0658748,      -0.1724288,       0.2115710,
 -12000.0000000,  -20159.0000000,
     -0.0308433,      -0.1425061,       0.2105979,
 -12000.0000000,  -20362.5000000,
     -0.0483590,      -0.2067304,       0.2063811,
 -12000.0000000,  -20625.5000000,
     -0.0585765,      -0.1030957,       0.2047593,
 -12000.0000000,  -20776.0000000,
      0.0209741,      -0.1300991,       0.2105979,
 -12000.0000000,  -20986.0000000,
     -0.0870396,      -0.1527236,       0.2096248,
 -12000.0000000,  -21199.5000000,
     -0.0702537,      -0.1541832,       0.2102735,
 -12000.0000000,  -21415.0000000,
     -0.0016504,      -0.1337482,       0.2096248,
 -12000.0000000,  -21633.0000000,
     -0.0760923,      -0.1476148,       0.2093004,
 -12000.0000000,  -21877.5000000,
     -0.0177065,      -0.1432359,       0.2083273,
 -12000.0000000,  -22052.0000000,
      0.0209741,      -0.1695095,       0.2067055,
 -12000.0000000,  -22301.5000000,
     -0.0578467,      -0.1388570,       0.2067055,
 -12000.0000000,  -22529.5000000,
      0.0180548,      -0.1206114,       0.2047593,
 -12000.0000000,  -22760.0000000,
     -0.0074890,      -0.1315587,       0.2044350,
 -12000.0000000,  -22993.0000000,
     -0.0447099,      -0.1381271,       0.2041106,
 -12000.0000000,  -23242.0000000,
      0.0129460,      -0.1563727,       0.2044350,
 -12000.0000000,  -23477.0000000,
     -0.0476292,      -0.1687797,       0.2050837,
 -12000.0000000,  -23698.5000000,
     -0.0709835,      -0.2038111,       0.2057324,
 -12000.0000000,  -23998.5000000,
     -0.0629555,      -0.1731586,       0.2054080,
 -12000.0000000,  -24195.5000000,
     -0.0461696,      -0.1636709,       0.2054080,
 -12000.0000000,  -24469.0000000,
     -0.0790116,      -0.1833761,       0.2054080,
 -12000.0000000,  -24653.0000000,
     -0.0359521,      -0.1585622,       0.2054080,
 -12000.0000000,  -24939.0000000,
     -0.0812010,      -0.2045409,       0.2060568,
 -12000.0000000,  -25123.0000000,
     -0.0330328,      -0.2074602,       0.2057324,
 -12000.0000000,  -25293.5000000,
     -0.0111381,      -0.1680498,       0.2057324,
 -12000.0000000,  -25643.5000000,
     -0.0812010,      -0.1738884,       0.2047593,
 -12000.0000000,  -25827.5000000,
     -0.0250047,      -0.1709691,       0.2044350,
 -12000.0000000,  -26114.0000000,
     -0.0520081,      -0.1614814,       0.2034619,
 -12000.0000000,  -26298.0000000,
     -0.0432503,      -0.1622113,       0.2021644,
 -12000.0000000,  -26584.5000000,
     -0.0301135,      -0.1738884,       0.2018400,
 -12000.0000000,  -26754.0000000,
      0.0041882,      -0.2089199,       0.2008669,
 -12000.0000000,  -26964.5000000,
     -0.0001908,      -0.1738884,       0.1985964,
 -12000.0000000,  -27238.5000000,
     -0.0038399,      -0.1198816,       0.1985964,
 -12000.0000000,  -27435.0000000,
     -0.0520081,      -0.1819165,       0.1979476,
 -12000.0000000,  -27670.0000000,
     -0.0892291,      -0.1957831,       0.1989207,
 -12000.0000000,  -27930.0000000,
     -0.0301135,      -0.1622113,       0.1998938,
 -12000.0000000,  -28179.0000000,
     -0.0476292,      -0.2125690,       0.1989207,
 -12000.0000000,  -28349.0000000,
     -0.0753624,      -0.1819165,       0.2005426,
 -12000.0000000,  -28611.0000000,
     -0.0242749,      -0.1965129,       0.2015157,
 -12000.0000000,  -28897.0000000,
     -0.0498187,      -0.1614814,       0.2008669,
 -12000.0000000,  -29144.0000000,
     -0.0271942,      -0.1673200,       0.2008669,
 -12000.0000000,  -29354.5000000,
     -0.0323029,      -0.1928638,       0.2005426,
 -12000.0000000,  -29639.5000000,
     -0.0629555,      -0.1848357,       0.1969746,
 -12000.0000000,  -29810.0000000,
     -0.0308433,      -0.1892147,       0.1995695,
 -12000.0000000,  -30110.0000000,
     -0.0593064,      -0.2067304,       0.1995695,
 -12000.0000000,  -30280.5000000,
     -0.0505485,      -0.1957831,       0.1995695,
 -12000.0000000,  -30515.5000000,
     -0.0563871,      -0.1957831,       0.2002182,
 -12000.0000000,  -30815.5000000,
     -0.0344924,      -0.1855656,       0.1995695,
 -12000.0000000,  -30934.5000000,
     -0.0702537,      -0.1892147,       0.2005426,
 -12000.0000000,  -31285.5000000,
     -0.0593064,      -0.1994322,       0.2005426,
 -12000.0000000,  -31456.0000000,
     -0.0563871,      -0.2096497,       0.1989207,
 -12000.0000000,  -31704.5000000,
     -0.0965273,      -0.1578323,       0.1979476,
 -12000.0000000,  -31926.0000000,
     -0.0271942,      -0.1629411,       0.1985964,
 -12000.0000000,  -32226.5000000,
     -0.0804712,      -0.1884849,       0.2005426,
 -12000.0000000,  -32396.5000000,
     -0.0410608,      -0.2081900,       0.2018400,
 -12000.0000000,  -32580.5000000,
     -0.0768221,      -0.2213268,       0.2011913,
 -12000.0000000,  -32931.5000000,
     -0.0936080,      -0.2286251,       0.2034619,
 -12000.0000000,  -33115.5000000,
     -0.1082044,      -0.2052708,       0.2028131,
 -12000.0000000,  -33402.0000000,
     -0.0520081,      -0.1724288,       0.2028131,
 -12000.0000000,  -33572.0000000,
     -0.0366819,      -0.1943234,       0.2015157,
 -12000.0000000,  -33806.0000000,
     -0.0622256,      -0.1782673,       0.2011913,
 -12000.0000000,  -34055.0000000,
     -0.0133276,      -0.1950533,       0.2005426,
 -12000.0000000,  -34252.0000000,
     -0.0563871,      -0.2249760,       0.2008669,
 -12000.0000000,  -34525.5000000,
     -0.0220854,      -0.1965129,       0.2008669,
 -12000.0000000,  -34811.5000000,
     -0.0286538,      -0.2067304,       0.1998938,
 -12000.0000000,  -35046.5000000,
     -0.0717133,      -0.1578323,       0.1998938,
 -12000.0000000,  -35230.5000000,
     -0.0220854,      -0.2162181,       0.2002182,
 -12000.0000000,  -35452.0000000,
     -0.0337626,      -0.1862954,       0.2011913,
 -12000.0000000,  -35701.0000000,
     -0.0739028,      -0.2257058,       0.2021644,
 -12000.0000000,  -35871.0000000,
     -0.0804712,      -0.1746182,       0.2024888,
 -12000.0000000,  -36157.5000000,
     -0.0994466,      -0.2125690,       0.2041106,
 -12000.0000000,  -36406.5000000,
     -0.1249903,      -0.2184076,       0.2047593,
 -12000.0000000,  -36576.5000000,
     -0.0739028,      -0.2366531,       0.2044350,
 -12000.0000000,  -36863.0000000,
     -0.0936080,      -0.2118392,       0.2047593,
 -12000.0000000,  -37111.5000000,
     -0.0884992,      -0.1928638,       0.2024888,
 -12000.0000000,  -37282.0000000,
      0.0114864,      -0.1987024,       0.2034619,
 -12000.0000000,  -37581.0000000,
     -0.0644151,      -0.2154883,       0.2047593,
 -12000.0000000,  -37867.5000000,
     -0.0381415,      -0.2797126,       0.2057324,
 -12000.0000000,  -38051.5000000,
      0.0085671,      -0.2125690,       0.2057324,
 -12000.0000000,  -38338.0000000,
     -0.0118679,      -0.2235163,       0.2070299,
 -12000.0000000,  -38521.5000000,
     -0.0096785,      -0.1811866,       0.2060568,
 -12000.0000000,  -38756.5000000,
      0.0209741,      -0.1811866,       0.2067055,
 -12000.0000000,  -38926.5000000,
     -0.0520081,      -0.2016217,       0.2060568,
 -12000.0000000,  -39227.0000000,
     -0.0177065,      -0.1928638,       0.2054080,
 -12000.0000000,  -39397.0000000,
      0.0034583,      -0.1819165,       0.2063811,
 -12000.0000000,  -39632.0000000,
     -0.0213556,      -0.1731586,       0.2060568,
 -12000.0000000,  -39906.0000000,
     -0.0038399,      -0.1906743,       0.2060568,
 -12000.0000000,  -40116.5000000,
      0.0078373,      -0.1768077,       0.2050837,
 -12000.0000000,  -40338.0000000,
     -0.0644151,      -0.1556429,       0.2047593,
 -12000.0000000,  -40573.0000000,
      0.0085671,      -0.1957831,       0.2041106,
 -12000.0000000,  -40808.0000000,
      0.0085671,      -0.1665902,       0.2015157,
 -12000.0000000,  -41056.5000000,
     -0.0038399,      -0.1585622,       0.2011913,
 -12000.0000000,  -41343.0000000,
     -0.0133276,      -0.1899445,       0.2011913,
 -12000.0000000,  -41513.0000000,
     -0.0125977,      -0.1716989,       0.2008669,
 -12000.0000000,  -41747.0000000,
     -0.0337626,      -0.1972427,       0.2021644,
 -12000.0000000,  -42099.0000000,
     -0.0279240,      -0.1789972,       0.2018400,
 -12000.0000000,  -42282.5000000,
     -0.0687940,      -0.1819165,       0.2021644,
 -12000.0000000,  -42518.0000000,
     -0.0315731,      -0.1987024,       0.2024888,
 -12000.0000000,  -42688.0000000,
     -0.0169767,      -0.1549130,       0.2028131,
 -12000.0000000,  -42974.0000000,
     -0.0045697,      -0.2089199,       0.2018400,
 -12000.0000000,  -43223.0000000,
     -0.0169767,      -0.1899445,       0.2021644,
 -12000.0000000,  -43393.0000000,
     -0.0323029,      -0.1614814,       0.1956771,
 -12000.0000000,  -43628.5000000,
     -0.0432503,      -0.1738884,       0.2008669,
 -12000.0000000,  -43914.5000000,
     -0.0257345,      -0.1629411,       0.2018400,
 -12000.0000000,  -44137.0000000,
     -0.0111381,      -0.1279096,       0.1966502,
 -12000.0000000,  -44450.0000000,
     -0.0337626,      -0.1673200,       0.1995695,
 -12000.0000000,  -44607.5000000,
      0.0122162,      -0.1600218,       0.1989207,
 -12000.0000000,  -44804.0000000,
     -0.0125977,      -0.1797270,       0.1985964,
 -12000.0000000,  -45104.0000000,
     -0.0293837,      -0.1468850,       0.1989207,
 -12000.0000000,  -45274.0000000,
     -0.0410608,      -0.1461552,       0.1989207,
 -12000.0000000,  -45573.0000000,
     -0.0242749,      -0.1432359,       0.1992451,
 -12000.0000000,  -45743.5000000,
     -0.0381415,      -0.1330184,       0.1998938,
 -12000.0000000,  -45978.5000000,
     -0.0089486,      -0.1519938,       0.2002182,
 -12000.0000000,  -46265.0000000,
     -0.0250047,      -0.1519938,       0.2015157,
 -12000.0000000,  -46514.0000000,
     -0.0250047,      -0.1352078,       0.2024888,
 -12000.0000000,  -46684.0000000,
     -0.0483590,      -0.1527236,       0.2021644,
 -12000.0000000,  -46984.0000000,
     -0.0045697,      -0.1067448,       0.2018400,
 -12000.0000000,  -47154.0000000,
     -0.0213556,      -0.1432359,       0.2021644,
 -12000.0000000,  -47389.0000000,
      0.0253530,      -0.1373973,       0.2024888,
 -12000.0000000,  -47675.5000000,
      0.0363003,      -0.1461552,       0.2024888,
 -12000.0000000,  -47924.5000000,
      0.0355705,      -0.1322886,       0.2021644,
 -12000.0000000,  -48095.0000000,
      0.0771704,      -0.1614814,       0.2034619,
 -12000.0000000,  -48344.0000000,
     -0.0016504,      -0.1775375,       0.2044350,
 -12000.0000000,  -48630.0000000,
      0.0209741,      -0.1614814,       0.2060568,
 -12000.0000000,  -48814.0000000,
      0.0290021,      -0.1417762,       0.2060568,
 -12000.0000000,  -49100.0000000,
      0.0034583,      -0.1155027,       0.2063811,
 -12000.0000000,  -49284.0000000,
      0.0939563,      -0.1228009,       0.2057324,
 -12000.0000000,  -49518.0000000,
      0.0625739,      -0.1300991,       0.2050837,
 -12000.0000000,  -49804.5000000,
      0.0421389,      -0.1571025,       0.2054080,
 -12000.0000000,  -49974.5000000,
      0.0932264,      -0.1549130,       0.2057324,
 -12000.0000000,  -50275.0000000,
      0.0793598,      -0.1585622,       0.2054080,
 -12000.0000000,  -50459.0000000,
      0.0997948,      -0.1541832,       0.2047593,
 -12000.0000000,  -50745.0000000,
      0.0727914,      -0.1096641,       0.2054080,
 -12000.0000000,  -50929.0000000,
      0.0691423,      -0.1381271,       0.2050837,
 -12000.0000000,  -51164.0000000,
      0.0435985,      -0.1563727,       0.2041106,
 -12000.0000000,  -51450.5000000,
      0.0633037,      -0.1366675,       0.2057324,
 -12000.0000000,  -51634.5000000,
      0.0333810,      -0.1446955,       0.2057324,
 -12000.0000000,  -51921.0000000,
      0.0253530,      -0.1293693,       0.2047593,
 -12000.0000000,  -52105.0000000,
      0.0786300,      -0.1359377,       0.2057324,
 -12000.0000000,  -52404.0000000,
      0.0633037,      -0.1819165,       0.2057324,
 -12000.0000000,  -52575.0000000,
      0.0625739,      -0.1906743,       0.2076786,
 -12000.0000000,  -52861.5000000,
      0.0268126,      -0.1870252,       0.2089761,
 -12000.0000000,  -53045.0000000,
     -0.0162469,      -0.1848357,       0.2089761,
 -12000.0000000,  -53331.5000000,
     -0.0651449,      -0.1629411,       0.2102735,
 -12000.0000000,  -53514.5000000,
     -0.0242749,      -0.1563727,       0.2105979,
 -12000.0000000,  -53801.0000000,
     -0.0250047,      -0.1468850,       0.2083273,
 -12000.0000000,  -53984.5000000,
      0.0129460,      -0.1176921,       0.2041106,
 -12000.0000000,  -54271.5000000,
     -0.0250047,      -0.1308289,       0.2031375,
 -12000.0000000,  -54455.0000000,
      0.0151355,      -0.1417762,       0.2031375,
 -12000.0000000,  -54727.5000000,
     -0.0534678,      -0.2140286,       0.2044350,
 -12000.0000000,  -54976.5000000,
     -0.0622256,      -0.2227865,       0.2086517,
 -12000.0000000,  -55160.5000000,
     -0.0928782,      -0.2490601,       0.2112466,
 -12000.0000000,  -55446.5000000,
     -0.0914185,      -0.2052708,       0.2148146,
 -12000.0000000,  -55630.5000000,
     -0.0563871,      -0.2490601,       0.2170852,
 -12000.0000000,  -55917.0000000,
     -0.0870396,      -0.1899445,       0.2200045,
 -12000.0000000,  -56101.0000000,
      0.0465178,      -0.2023515,       0.2216263,
 -12000.0000000,  -56387.5000000,
     -0.0162469,      -0.1884849,       0.2229238,
 -12000.0000000,  -56571.5000000,
     -0.0235451,      -0.1760779,       0.2238969,
 -12000.0000000,  -56857.5000000,
      0.0399494,      -0.1914041,       0.2245456,
 -12000.0000000,  -57041.5000000,
      0.0129460,      -0.1914041,       0.2242212,
 -12000.0000000,  -57328.0000000,
      0.0202442,      -0.1972427,       0.2245456,
 -12000.0000000,  -57510.5000000,
      0.0808195,      -0.1972427,       0.2242212,
 -12000.0000000,  -57797.0000000,
      0.0786300,      -0.1644007,       0.2229238,
 -12000.0000000,  -57981.0000000,
      0.0056478,      -0.1965129,       0.2232481,
 -12000.0000000,  -58267.5000000,
      0.0749809,      -0.1797270,       0.2229238,
 -12000.0000000,  -58451.5000000,
      0.0633037,      -0.1935936,       0.2209776,
 -12000.0000000,  -58737.5000000,
      0.0363003,      -0.1768077,       0.2213020,
 -12000.0000000,  -58921.0000000,
      0.0815493,      -0.1644007,       0.2203289,
 -12000.0000000,  -59207.5000000,
      0.0808195,      -0.1760779,       0.2200045,
 -12000.0000000,  -59429.0000000,
      0.0523564,      -0.1877550,       0.2190314,
 -12000.0000000,  -59678.0000000,
      0.1187702,      -0.1892147,       0.2180583,
 -12000.0000000,  -59835.0000000,
      0.0786300,      -0.1943234,       0.2174096,
 -12000.0000000,  -60148.5000000,
      0.0713318,      -0.1935936,       0.2157877,
 -12000.0000000,  -60332.5000000,
      0.1100124,      -0.1549130,       0.2164365,
 -12000.0000000,  -60567.5000000,
      0.0523564,      -0.1804568,       0.2161121,
 -12000.0000000,  -60853.5000000,
      0.0771704,      -0.1571025,       0.2151390,
 -12000.0000000,  -61011.0000000,
      0.0771704,      -0.1753481,       0.2151390,
 -12000.0000000,  -61324.0000000,
     -0.0031101,      -0.1709691,       0.2151390,
 -12000.0000000,  -61506.5000000,
      0.0319214,      -0.1600218,       0.2148146,
 -12000.0000000,  -61793.0000000,
      0.0538161,      -0.1629411,       0.2141659,
 -12000.0000000,  -61977.0000000,
     -0.0001908,      -0.1600218,       0.2144903,
 -12000.0000000,  -62263.5000000,
      0.0275425,      -0.1862954,       0.2141659,
 -12000.0000000,  -62447.5000000,
      0.0238934,      -0.1914041,       0.2151390,
 -12000.0000000,  -62733.5000000,
     -0.0760923,      -0.1702393,       0.2154634,
 -12000.0000000,  -62917.5000000,
     -0.0184363,      -0.1833761,       0.2167608,
 -12000.0000000,  -63152.5000000,
     -0.0293837,      -0.2016217,       0.2174096,
 -12000.0000000,  -63426.5000000,
     -0.0571169,      -0.1680498,       0.2183827,
 -12000.0000000,  -63674.0000000,
      0.0355705,      -0.1695095,       0.2183827,
 -12000.0000000,  -63858.0000000,
     -0.0396012,      -0.1819165,       0.2193558,
 -12000.0000000,  -64093.5000000,
     -0.0826607,      -0.1877550,       0.2200045,
 -12000.0000000,  -64380.0000000,
      0.0085671,      -0.1651306,       0.2213020,
 -12000.0000000,  -64563.5000000,
     -0.0323029,      -0.2140286,       0.2216263,
 -12000.0000000,  -64850.0000000,
     -0.0264644,      -0.1921340,       0.2216263,
 -12000.0000000,  -65007.0000000,
      0.0428687,      -0.1782673,       0.2222750,
 -12000.0000000,  -65320.0000000,
     -0.0352222,      -0.2052708,       0.2232481,
 -12000.0000000,  -65503.0000000,
      0.0282723,      -0.2030813,       0.2235725,
 -12000.0000000,  -65738.0000000,
      0.0122162,      -0.1899445,       0.2190314,
 -12000.0000000,  -66024.5000000,
     -0.0016504,      -0.1658604,       0.2225994,
 -12000.0000000,  -66208.5000000,
      0.0144057,      -0.1950533,       0.2232481,
 -12000.0000000,  -66495.0000000,
      0.0399494,      -0.1468850,       0.2219507,
 -12000.0000000,  -66678.5000000,
      0.0019987,      -0.1892147,       0.2229238,
 -12000.0000000,  -66965.0000000,
      0.0487073,      -0.1833761,       0.2225994,
 -12000.0000000,  -67149.0000000,
      0.0457880,      -0.1644007,       0.2225994,
 -12000.0000000,  -67435.0000000,
      0.0260828,      -0.1906743,       0.2219507,
 -12000.0000000,  -67619.0000000,
      0.0851984,      -0.1680498,       0.2216263,
 -12000.0000000,  -67854.0000000,
      0.0487073,      -0.1563727,       0.2209776,
 -12000.0000000,  -68128.0000000,
      0.0406793,      -0.1651306,       0.2196801,
 -12000.0000000,  -68376.0000000,
      0.0924966,      -0.1454254,       0.2190314,
 -12000.0000000,  -68560.0000000,
      0.0275425,      -0.1753481,       0.2180583,
 -12000.0000000,  -68794.5000000,
      0.0706020,      -0.1410464,       0.2174096,
 -12000.0000000,  -69081.0000000,
      0.0990650,      -0.1417762,       0.2174096,
 -12000.0000000,  -69265.0000000,
      0.0487073,      -0.1519938,       0.2161121,
 -12000.0000000,  -69550.5000000,
      0.0662230,      -0.1716989,       0.2154634,
 -12000.0000000,  -69734.0000000,
      0.0501669,      -0.1731586,       0.2131928,
 -12000.0000000,  -70021.0000000,
      0.0063776,      -0.1877550,       0.2151390,
 -12000.0000000,  -70204.5000000,
      0.0238934,      -0.1665902,       0.2148146,
 -12000.0000000,  -70491.0000000,
     -0.0067592,      -0.1651306,       0.2144903,
 -12000.0000000,  -70675.0000000,
     -0.0001908,      -0.1833761,       0.2141659,
 -12000.0000000,  -70961.0000000,
      0.0041882,      -0.1571025,       0.2141659,
 -12000.0000000,  -71145.0000000,
     -0.0293837,      -0.1410464,       0.2141659,
 -12000.0000000,  -71431.5000000,
     -0.0038399,      -0.1242605,       0.2138415,
 -12000.0000000,  -71666.5000000,
      0.0144057,      -0.1191518,       0.2131928,
 -12000.0000000,  -71850.5000000,
     -0.0344924,      -0.1410464,       0.2135172,
 -12000.0000000,  -72124.5000000,
     -0.0067592,      -0.1176921,       0.2131928,
 -12000.0000000,  -72321.0000000,
     -0.0162469,      -0.1417762,       0.2138415,
 -12000.0000000,  -72607.5000000,
      0.0063776,      -0.1592920,       0.2141659,
 -12000.0000000,  -72816.0000000,
     -0.0162469,      -0.2081900,       0.2151390,
 -12000.0000000,  -73077.5000000,
     -0.0147872,      -0.1541832,       0.2148146,
 -12000.0000000,  -73234.5000000,
     -0.0447099,      -0.1322886,       0.2157877,
 -12000.0000000,  -73546.5000000,
     -0.0067592,      -0.1454254,       0.2164365,
 -12000.0000000,  -73704.0000000,
     -0.0279240,      -0.1169623,       0.2144903,
 -12000.0000000,  -74017.0000000,
     -0.0301135,      -0.1381271,       0.2180583,
 -12000.0000000,  -74174.5000000,
     -0.0213556,      -0.1468850,       0.2183827,
 -12000.0000000,  -74474.5000000,
     -0.0155170,      -0.1373973,       0.2190314,
 -12000.0000000,  -74671.0000000,
     -0.0381415,      -0.1176921,       0.2193558,
 -12000.0000000,  -74957.0000000,
     -0.0374117,      -0.1140430,       0.2193558,
 -12000.0000000,  -75114.5000000,
     -0.0432503,      -0.1249903,       0.2183827,
 -12000.0000000,  -75427.5000000,
      0.0063776,      -0.1067448,       0.2206532,
 -12000.0000000,  -75611.5000000,
      0.0049180,      -0.0812010,       0.2206532,
 -12000.0000000,  -75898.0000000,
     -0.0038399,      -0.1140430,       0.2200045,
 -12000.0000000,  -76055.5000000,
      0.0209741,      -0.1001764,       0.2209776,
 -12000.0000000,  -76368.5000000,
      0.0165951,      -0.1082044,       0.2196801,
 -12000.0000000,  -76552.0000000,
     -0.0133276,      -0.1337482,       0.2200045,
 -12000.0000000,  -76812.0000000,
     -0.0009206,      -0.1045553,       0.2183827,
 -12000.0000000,  -77060.5000000,
      0.0399494,      -0.0877694,       0.2203289,
 -12000.0000000,  -77257.5000000,
      0.0414091,      -0.1235307,       0.2170852,
 -12000.0000000,  -77530.0000000,
      0.0129460,      -0.1169623,       0.2190314,
 -12000.0000000,  -77778.0000000,
      0.0238934,      -0.0979869,       0.2180583,
 -12000.0000000,  -77962.0000000,
      0.0421389,      -0.1206114,       0.2174096,
 -12000.0000000,  -78197.0000000,
      0.0465178,      -0.0987167,       0.2161121,
 -12000.0000000,  -78483.5000000,
      0.0421389,      -0.0863098,       0.2157877,
 -12000.0000000,  -78667.0000000,
      0.0275425,      -0.0863098,       0.2148146,
 -12000.0000000,  -78953.5000000,
      0.0414091,      -0.0717133,       0.2151390,
 -12000.0000000,  -79188.5000000,
      0.0333810,      -0.1016360,       0.2138415,
 -12000.0000000,  -79397.0000000,
      0.0063776,      -0.0906887,       0.2135172,
 -12000.0000000,  -79632.0000000,
      0.0355705,      -0.0950676,       0.2125441,
 -12000.0000000,  -79830.0000000,
      0.0136758,      -0.1074746,       0.2115710,
 -12000.0000000,  -80078.0000000,
      0.0501669,      -0.1023659,       0.2112466,
 -12000.0000000,  -80351.5000000,
      0.0421389,      -0.0914185,       0.2112466,
 -12000.0000000,  -80548.5000000,
      0.0180548,      -0.1206114,       0.2099492,
 -12000.0000000,  -80834.5000000,
      0.0129460,      -0.0928782,       0.2102735,
 -12000.0000000,  -81069.5000000,
      0.0187846,      -0.0644151,       0.2102735,
 -12000.0000000,  -81253.5000000,
     -0.0074890,      -0.0534678,       0.2093004,
 -12000.0000000,  -81526.0000000,
      0.0326512,      -0.0768221,       0.2086517,
 -12000.0000000,  -81696.0000000,
      0.0092969,      -0.0534678,       0.2076786,
 -12000.0000000,  -81958.0000000,
     -0.0104083,      -0.0666046,       0.2054080,
 -12000.0000000,  -82180.5000000,
      0.0348407,      -0.0687940,       0.2037862,
 -12000.0000000,  -82428.5000000,
      0.0246232,      -0.0863098,       0.2031375,
 -12000.0000000,  -82714.5000000,
     -0.0169767,      -0.1184219,       0.2021644,
 -12000.0000000,  -82898.5000000,
      0.0049180,      -0.0644151,       0.2028131,
 -12000.0000000,  -83158.0000000,
     -0.0965273,      -0.0520081,       0.2031375,
 -12000.0000000,  -83368.5000000,
     -0.0330328,      -0.0797414,       0.2024888,
 -12000.0000000,  -83628.5000000,
     -0.0556572,      -0.0425205,       0.2011913,
 -12000.0000000,  -83839.0000000,
     -0.0512783,      -0.0468994,       0.1992451,
 -12000.0000000,  -84099.0000000,
     -0.0228153,      -0.0666046,       0.1963258,
 -12000.0000000,  -84348.0000000,
      0.0041882,      -0.0877694,       0.1937309,
 -12000.0000000,  -84531.5000000,
      0.0122162,      -0.0673344,       0.1914603,
 -12000.0000000,  -84804.0000000,
      0.0311916,      -0.0979869,       0.1911360,
 -12000.0000000,  -85014.5000000,
      0.0297319,      -0.0673344,       0.1914603,
 -12000.0000000,  -85301.0000000,
      0.0224337,      -0.0775519,       0.1908116,
 -12000.0000000,  -85471.0000000,
      0.0304618,      -0.0797414,       0.1914603,
 -12000.0000000,  -85757.5000000,
      0.0114864,      -0.1067448,       0.1930822,
 -12000.0000000,  -85927.5000000,
      0.0019987,      -0.1373973,       0.1963258,
 -12000.0000000,  -86163.0000000,
      0.0180548,      -0.1264500,       0.1995695,
 -12000.0000000,  -86476.0000000,
      0.0063776,      -0.0936080,       0.2021644,
 -12000.0000000,  -86711.0000000,
      0.0348407,      -0.0979869,       0.2034619,
 -12000.0000000,  -86868.0000000,
     -0.0206258,      -0.0512783,       0.2044350,
 -12000.0000000,  -87168.5000000,
     -0.0417906,      -0.1023659,       0.2050837,
 -12000.0000000,  -87365.0000000,
     -0.0293837,      -0.1191518,       0.2047593,
 -12000.0000000,  -87651.5000000,
     -0.0381415,      -0.1016360,       0.2037862,
 -12000.0000000,  -87835.0000000,
     -0.0614958,      -0.1169623,       0.2037862,
 -12000.0000000,  -88122.0000000,
     -0.0994466,      -0.0841203,       0.2034619,
 -12000.0000000,  -88293.0000000,
     -0.0505485,      -0.0614958,       0.2011913,
 -12000.0000000,  -88592.0000000,
     -0.0819308,      -0.0490888,       0.1995695,
 -12000.0000000,  -88749.5000000,
     -0.0717133,      -0.0593064,       0.1985964,
 -12000.0000000,  -89062.0000000,
     -0.0614958,      -0.0483590,       0.1982720,
 -12000.0000000,  -89219.5000000,
     -0.1169623,      -0.0994466,       0.1982720,
 -12000.0000000,  -89480.0000000,
     -0.0709835,      -0.0731730,       0.1985964,
 -12000.0000000,  -89766.5000000,
     -0.0374117,      -0.1249903,       0.1998938,
 -12000.0000000,  -89924.0000000,
     -0.0578467,      -0.0746326,       0.2002182,
 -12000.0000000,  -90237.0000000,
     -0.0498187,      -0.0987167,       0.2015157,
 -12000.0000000,  -90420.5000000,
     -0.0578467,      -0.0717133,       0.2018400,
 -12000.0000000,  -90707.0000000,
     -0.0906887,      -0.0680642,       0.2008669,
 -12000.0000000,  -90864.0000000,
     -0.0585765,      -0.0768221,       0.2028131,
 -12000.0000000,  -91177.0000000,
     -0.0483590,      -0.0753624,       0.2041106,
 -12000.0000000,  -91361.0000000,
     -0.0812010,      -0.0775519,       0.2054080,
 -12000.0000000,  -91621.0000000,
     -0.0512783,      -0.0702537,       0.2070299,
 -12000.0000000,  -91870.0000000,
      0.0019987,      -0.0826607,       0.2076786,
 -12000.0000000,  -92066.5000000,
     -0.0585765,      -0.0921483,       0.2080030,
 -12000.0000000,  -92353.0000000,
      0.0341109,      -0.0819308,       0.2073542,
 -12000.0000000,  -92561.5000000,
     -0.0023802,      -0.0381415,       0.2063811,
 -12000.0000000,  -92796.5000000,
     -0.0461696,      -0.0257345,       0.2054080,
 -12000.0000000,  -93058.0000000,
     -0.0308433,      -0.0520081,       0.2034619,
 -12000.0000000,  -93242.0000000,
     -0.0344924,      -0.0271942,       0.2018400,
 -12000.0000000,  -93502.0000000,
     -0.0330328,      -0.0169767,       0.2002182,
 -12000.0000000,  -93711.0000000,
      0.0114864,      -0.0352222,       0.1982720,
 -12000.0000000,  -93971.0000000,
     -0.0432503,      -0.0330328,       0.1969746,
 -12000.0000000,  -94220.0000000,
      0.0304618,      -0.0585765,       0.1969746,
 -12000.0000000,  -94417.0000000,
     -0.0206258,      -0.0520081,       0.1985964,
 -12000.0000000,  -94703.0000000,
     -0.0593064,      -0.1140430,       0.2024888,
 -12000.0000000,  -94911.5000000,
     -0.0782817,      -0.0965273,       0.2073542,
 -12000.0000000,  -95146.5000000,
     -0.0454397,      -0.0899589,       0.2115710,
 -12000.0000000,  -95408.5000000,
     -0.0468994,      -0.0753624,       0.2102735,
 -12000.0000000,  -95592.5000000,
     -0.0425205,      -0.0680642,       0.2161121,
 -12000.0000000,  -95852.0000000,
     -0.0410608,      -0.0147872,       0.2180583,
 -12000.0000000,  -96114.0000000,
     -0.0396012,      -0.0140574,       0.2180583,
 -12000.0000000,  -96271.5000000,
     -0.0213556,      -0.0308433,       0.2174096,
 -12000.0000000,  -96506.5000000,
     -0.0417906,      -0.0352222,       0.2180583,
 -12000.0000000,  -96792.5000000,
     -0.0622256,      -0.0169767,       0.2183827,
 -12000.0000000,  -97003.5000000,
     -0.0629555,      -0.0695239,       0.2174096,
 -12000.0000000,  -97263.5000000,
     -0.0264644,      -0.0366819,       0.2170852,
 -12000.0000000,  -97447.5000000,
     -0.0476292,      -0.0344924,       0.2167608,
 -12000.0000000,  -97732.5000000,
     -0.0512783,      -0.0009206,       0.2164365,
 -12000.0000000,  -97916.5000000,
     -0.0914185,      -0.0001908,       0.2157877,
 -12000.0000000,  -98217.0000000,
     -0.0505485,       0.0071074,       0.2154634,
 -12000.0000000,  -98414.0000000,
     -0.0505485,      -0.0060293,       0.2154634,
 -12000.0000000,  -98687.5000000,
     -0.0541976,      -0.0286538,       0.2157877,
 -12000.0000000,  -98857.5000000,
     -0.0337626,      -0.0140574,       0.2157877,
 -12000.0000000,  -99144.0000000,
     -0.0447099,      -0.0257345,       0.2161121,
 -12000.0000000,  -99328.0000000,
     -0.0607660,      -0.0417906,       0.2154634,
 -12000.0000000,  -99614.0000000,
     -0.0337626,      -0.0286538,       0.2151390,
 -12000.0000000,  -99798.0000000,
     -0.0220854,       0.0019987,       0.2154634,
 -12000.0000000, -100084.5000000,
     -0.0658748,      -0.0140574,       0.2148146,
 -12000.0000000, -100268.5000000,
     -0.0527380,      -0.0082188,       0.2148146,
 -12000.0000000, -100504.0000000,
     -0.0184363,       0.0085671,       0.2141659,
 -12000.0000000, -100790.0000000,
     -0.0578467,      -0.0235451,       0.2131928,
 -12000.0000000, -101039.0000000,
     -0.0614958,      -0.0096785,       0.2125441,
 -12000.0000000, -101209.0000000,
     -0.0578467,      -0.0096785,       0.2141659,
 -12000.0000000, -101444.0000000,
     -0.0629555,      -0.0344924,       0.2144903,
 -12000.0000000, -101678.0000000,
     -0.0571169,      -0.0432503,       0.2135172,
 -12000.0000000, -101978.5000000,
     -0.0556572,      -0.0410608,       0.2131928,
 -12000.0000000, -102148.5000000,
     -0.0746326,      -0.0512783,       0.2131928,
 -12000.0000000, -102384.0000000,
     -0.0359521,      -0.0330328,       0.2125441,
 -12000.0000000, -102619.0000000,
     -0.0388713,      -0.0206258,       0.2125441,
 -12000.0000000, -102905.0000000,
     -0.0549274,      -0.0213556,       0.2115710,
 -12000.0000000, -103116.0000000,
     -0.0191661,      -0.0250047,       0.2109223,
 -12000.0000000, -103389.5000000,
     -0.0337626,      -0.0461696,       0.2109223,
 -12000.0000000, -103560.0000000,
     -0.0162469,      -0.0198960,       0.2099492,
 -12000.0000000, -103795.0000000,
     -0.0651449,      -0.0374117,       0.2096248,
 -12000.0000000, -104030.0000000,
     -0.0804712,      -0.0439801,       0.2096248,
 -12000.0000000, -104330.5000000,
     -0.0812010,      -0.0366819,       0.2099492,
 -12000.0000000, -104514.5000000,
     -0.0702537,      -0.0461696,       0.2102735,
 -12000.0000000, -104786.5000000,
     -0.0797414,      -0.0556572,       0.2105979,
 -12000.0000000, -104970.5000000,
     -0.0250047,      -0.0549274,       0.2105979,
 -12000.0000000, -105206.0000000,
     -0.0746326,      -0.0527380,       0.2099492,
 -12000.0000000, -105453.5000000,
     -0.0425205,      -0.0534678,       0.2105979,
 -12000.0000000, -105740.0000000,
     -0.0534678,      -0.0527380,       0.2096248,
 -12000.0000000, -105910.0000000,
     -0.0695239,      -0.0644151,       0.2102735,
 -12000.0000000, -106196.5000000,
     -0.0505485,      -0.0702537,       0.2112466,
 -12000.0000000, -106394.5000000,
     -0.0636853,      -0.0680642,       0.2105979,
 -12000.0000000, -106615.5000000,
     -0.0826607,      -0.0768221,       0.2115710,
 -12000.0000000, -106901.5000000,
     -0.0666046,      -0.0870396,       0.2112466,
 -12000.0000000, -107136.5000000,
     -0.0717133,      -0.0724432,       0.2112466,
 -12000.0000000, -107318.0000000,
     -0.1322886,      -0.0826607,       0.2112466,
 -12000.0000000, -107598.0000000,
     -0.1176921,      -0.0571169,       0.2112466,
 -12000.0000000, -107789.0000000,
     -0.1103939,      -0.0775519,       0.2112466,
 -12000.0000000, -108075.0000000,
     -0.0950676,      -0.0454397,       0.2099492,
 -12000.0000000, -108224.0000000,
     -0.0687940,      -0.0928782,       0.2096248,
 -12000.0000000, -108457.0000000,
     -0.0790116,      -0.0563871,       0.2118954,
 -12000.0000000, -108720.5000000,
     -0.0950676,      -0.0928782,       0.2112466,
 -12000.0000000, -108936.0000000,
     -0.0731730,      -0.0928782,       0.2112466,
 -12000.0000000, -109089.5000000,
     -0.1125834,      -0.1009062,       0.2115710,
 -12000.0000000, -109356.5000000,
     -0.0979869,      -0.0936080,       0.2115710,
 -12000.0000000, -109519.0000000,
     -0.1030957,      -0.0680642,       0.2122197,
 -12000.0000000, -109790.0000000,
     -0.1235307,      -0.0636853,       0.2105979,
 -12000.0000000, -109914.0000000,
     -0.0899589,      -0.1125834,       0.2105979,
 -12000.0000000, -110168.5000000,
     -0.1359377,      -0.0819308,       0.2099492,
 -12000.0000000, -110311.5000000,
     -0.0994466,      -0.0359521,       0.2105979,
 -12000.0000000, -110506.5000000,
     -0.1373973,      -0.0892291,       0.2115710,
 -12000.0000000, -110751.0000000,
     -0.1038255,      -0.0965273,       0.2109223,
 -12000.0000000, -110899.5000000,
     -0.0979869,      -0.0972571,       0.2115710,
 -12000.0000000, -111127.5000000,
     -0.0855799,      -0.0804712,       0.2122197,
 -12000.0000000, -111311.5000000,
     -0.0717133,      -0.1271798,       0.2125441,
 -12000.0000000, -111454.0000000,
     -0.1060150,      -0.1271798,       0.2125441,
 -12000.0000000, -111672.5000000,
     -0.0724432,      -0.0848501,       0.2131928,
 -12000.0000000, -111811.0000000,
     -0.1023659,      -0.0812010,       0.2112466,
 -12000.0000000, -112004.0000000,
     -0.0892291,      -0.0965273,       0.2118954,
 -12000.0000000, -112176.5000000,
     -0.0950676,      -0.0877694,       0.2131928,
 -12000.0000000, -112345.5000000,
     -0.0892291,      -0.0607660,       0.2118954,
 -12000.0000000, -112494.5000000,
     -0.0855799,      -0.0563871,       0.2109223,
 -12000.0000000, -112685.5000000,
     -0.0994466,      -0.0936080,       0.2128685,
 -12000.0000000, -112812.0000000,
     -0.0833905,      -0.0782817,       0.2125441,
 -12000.0000000, -113016.0000000,
     -0.1096641,      -0.1016360,       0.2122197,
 -12000.0000000, -113139.0000000,
     -0.0979869,      -0.0826607,       0.2109223,
 -12000.0000000, -113327.0000000,
     -0.1067448,      -0.0957975,       0.2115710,
 -12000.0000000, -113445.5000000,
     -0.0804712,      -0.1016360,       0.2102735,
 -12000.0000000, -113611.0000000,
     -0.0687940,      -0.0629555,       0.2093004,
 -12000.0000000, -113742.5000000,
     -0.1169623,      -0.0666046,       0.2086517,
 -12000.0000000, -113918.5000000,
     -0.0746326,      -0.0833905,       0.2083273,
 -12000.0000000, -114029.5000000,
     -0.1140430,      -0.1030957,       0.2073542,
 -12000.0000000, -114199.5000000,
     -0.1257202,      -0.0782817,       0.2060568,
 -12000.0000000, -114321.5000000,
     -0.1030957,      -0.0753624,       0.2057324,
 -12000.0000000, -114470.5000000,
     -0.1052851,      -0.1009062,       0.2057324,
 -12000.0000000, -114573.5000000,
     -0.0950676,      -0.0877694,       0.2054080,
 -12000.0000000, -114703.0000000,
     -0.0782817,      -0.1118535,       0.2050837,
 -12000.0000000, -114857.5000000,
     -0.1082044,      -0.1206114,       0.2057324,
 -12000.0000000, -114954.5000000,
     -0.0972571,      -0.1030957,       0.2067055,
 -12000.0000000, -115103.0000000,
     -0.0972571,      -0.0782817,       0.2070299,
 -12000.0000000, -115196.0000000,
     -0.1103939,      -0.0804712,       0.2070299,
 -12000.0000000, -115345.0000000,
     -0.1082044,      -0.0950676,       0.2083273,
 -12000.0000000, -115421.5000000,
     -0.1045553,      -0.0987167,       0.2083273,
 -12000.0000000, -115540.5000000,
     -0.1213412,      -0.0979869,       0.2089761,
 -12000.0000000, -115673.5000000,
     -0.1111237,      -0.0979869,       0.2089761,
 -12000.0000000, -115757.0000000,
     -0.1125834,      -0.1249903,       0.2089761,
 -12000.0000000, -115895.5000000,
     -0.1125834,      -0.0892291,       0.2093004,
 -12000.0000000, -115964.0000000,
     -0.0782817,      -0.1082044,       0.2093004,
 -12000.0000000, -116090.5000000,
     -0.1023659,      -0.0848501,       0.2093004,
 -12000.0000000, -116161.0000000,
     -0.0833905,      -0.1067448,       0.2099492,
 -12000.0000000, -116276.0000000,
     -0.0687940,      -0.0804712,       0.2089761,
 -12000.0000000, -116387.5000000,
     -0.0987167,      -0.1308289,       0.1998938,
 -12000.0000000, -116457.0000000,
     -0.1169623,      -0.0914185,       0.2018400,
 -12000.0000000, -116525.0000000,
     -0.0848501,      -0.0884992,       0.2099492,
 -12000.0000000, -116627.5000000,
     -0.1454254,      -0.0782817,       0.2118954,
 -12000.0000000, -116722.0000000,
     -0.1184219,      -0.0899589,       0.2122197,
 -12000.0000000, -116788.0000000,
     -0.1147728,      -0.1030957,       0.2122197,
 -12000.0000000, -116848.0000000,
     -0.1322886,      -0.0863098,       0.2122197,
 -12000.0000000, -116934.0000000,
     -0.1140430,      -0.1155027,       0.2118954,
 -12000.0000000, -117002.5000000,
     -0.1155027,      -0.1169623,       0.2122197,
 -12000.0000000, -117079.0000000,
     -0.1213412,      -0.1228009,       0.2118954,
 -12000.0000000, -117135.0000000,
     -0.1001764,      -0.0709835,       0.2118954,
 -12000.0000000, -117210.0000000,
     -0.1074746,      -0.0841203,       0.2122197,
 -12000.0000000, -117258.5000000,
     -0.1381271,      -0.1030957,       0.2118954,
 -12000.0000000, -117330.5000000,
     -0.1096641,      -0.1001764,       0.2122197,
 -12000.0000000, -117375.0000000,
     -0.1410464,      -0.1147728,       0.2118954,
 -12000.0000000, -117447.0000000,
     -0.1155027,      -0.0994466,       0.2118954,
 -12000.0000000, -117482.0000000,
     -0.1060150,      -0.1103939,       0.2122197,
 -12000.0000000, -117536.5000000,
     -0.1176921,      -0.0921483,       0.2122197,
 -12000.0000000, -117578.5000000,
     -0.1403166,      -0.1045553,       0.2131928,
 -12000.0000000, -117632.5000000,
     -0.1074746,      -0.1052851,       0.2128685,
 -12000.0000000, -117665.5000000,
     -0.1476148,      -0.1103939,       0.2122197,
 -12000.0000000, -117713.0000000,
     -0.1468850,      -0.1009062,       0.2125441,
 -12000.0000000, -117742.0000000,
     -0.1169623,      -0.1016360,       0.2125441,
 -12000.0000000, -117784.0000000,
     -0.1352078,      -0.0943378,       0.2122197,
 -12000.0000000, -117809.0000000,
     -0.1228009,      -0.0906887,       0.2125441,
 -12000.0000000, -117844.5000000,
     -0.0724432,      -0.1118535,       0.2131928,
 -12000.0000000, -117868.5000000,
     -0.1716989,      -0.1052851,       0.2122197,
 -12000.0000000, -117892.5000000,
     -0.1125834,      -0.1103939,       0.2125441,
 -12000.0000000, -117912.5000000,
     -0.1483446,      -0.1030957,       0.2125441,
 -12000.0000000, -117932.0000000,
     -0.1614814,      -0.1067448,       0.2125441,
 -12000.0000000, -117955.0000000,
     -0.1140430,      -0.1060150,       0.2122197,
 -12000.0000000, -117966.5000000,
     -0.1096641,      -0.1366675,       0.2125441,
 -12000.0000000, -117976.0000000,
     -0.1746182,      -0.1133132,       0.2118954,
 -12000.0000000, -117987.5000000,
     -0.1133132,      -0.1162325,       0.2122197,
 -12000.0000000, -117992.5000000,
     -0.1571025,      -0.1038255,       0.2118954,
 -12000.0000000, -117997.5000000,
     -0.1622113,      -0.1235307,       0.2125441,
 -12000.0000000, -117999.5000000,
     -0.1045553,      -0.1228009,       0.2118954,
 -12000.0000000, -117999.5000000,
     -0.1373973,      -0.0841203,       0.2122197,
 -12000.0000000, -117999.5000000,
     -0.1425061,      -0.1359377,       0.2118954,
 -12000.0000000, -117999.5000000,
     -0.1308289,      -0.0928782,       0.2122197,
 -12000.0000000, -117999.5000000,
     -0.1454254,      -0.1133132,       0.2118954,
 -12000.0000000, -117999.5000000,
     -0.1476148,      -0.1264500,       0.2118954,
 -12000.0000000, -117999.5000000,
     -0.1468850,      -0.0702537,       0.2118954,
 -12000.0000000, -117999.5000000,
     -0.1308289,      -0.1052851,       0.2118954,
 -12000.0000000, -117999.5000000,
     -0.1118535,      -0.1140430,       0.2115710,
 -12000.0000000, -117999.5000000,
     -0.1563727,      -0.1023659,       0.2118954,
 -12000.0000000, -117999.5000000,
     -0.1286394,      -0.1344780,       0.2118954,
 -12000.0000000, -118000.0000000,
     -0.1498043,      -0.0987167,       0.2118954,
 -12000.0000000, -118000.0000000,
     -0.1439657,      -0.1133132,       0.2118954,
 -12000.0000000, -118000.0000000,
     -0.1578323,      -0.1330184,       0.2118954,
 -12000.0000000, -118000.0000000,
     -0.1103939,      -0.1074746,       0.2118954,
 -12000.0000000, -118000.0000000,
     -0.1330184,      -0.1388570,       0.2122197,
 -12000.0000000, -118000.0000000,
     -0.1220711,      -0.1300991,       0.2118954,
 -12000.0000000, -118000.0000000,
     -0.1249903,      -0.1067448,       0.2118954,
 -12000.0000000, -118000.0000000,
     -0.1658604,      -0.1235307,       0.2115710,
 -12000.0000000, -118000.0000000,
     -0.1673200,      -0.1228009,       0.2122197,
 -12000.0000000, -118000.0000000,
     -0.0928782,      -0.1162325,       0.2115710,
 -12000.0000000, -118000.0000000,
     -0.1446955,      -0.0994466,       0.2115710,
 -12000.0000000, -118000.0000000,
     -0.1133132,      -0.0841203,       0.2118954,
 -12000.0000000, -118000.0000000,
     -0.1264500,      -0.0936080,       0.2118954,
 -12000.0000000, -118000.0000000,
     -0.1607516,      -0.0936080,       0.2118954,
 -12000.0000000, -118000.0000000,
     -0.1206114,      -0.0979869,       0.2118954,
 -12000.0000000, -118000.0000000,
     -0.1373973,      -0.1300991,       0.2118954,
 -12000.0000000, -118000.0000000,
     -0.1264500,      -0.1271798,       0.2118954,
 -12000.0000000, -118000.0000000,
     -0.1096641,      -0.1213412,       0.2118954,
 -12000.0000000, -118000.0000000,
     -0.1228009,      -0.1096641,       0.2118954,
 -12000.0000000, -118000.0000000,
     -0.1425061,      -0.1133132,       0.2118954,
 -12000.0000000, -118000.0000000,
     -0.1191518,      -0.1300991,       0.2122197,
 -12000.0000000, -118000.0000000,
     -0.1446955,      -0.0965273,       0.2118954,
 -12000.0000000, -118000.0000000,
     -0.1454254,      -0.1184219,       0.2115710,
 -12000.0000000, -118000.0000000,
     -0.1403166,      -0.1140430,       0.2118954,
 -12000.0000000, -118000.0000000,
     -0.1111237,      -0.1425061,       0.2118954,
 -12000.0000000, -118000.0000000,
     -0.1235307,      -0.1074746,       0.2118954,
 -12000.0000000, -118000.0000000,
     -0.1381271,      -0.0914185,       0.2118954,
 -12000.0000000, -118000.0000000,
     -0.1614814,      -0.1257202,       0.2122197,
 -12000.0000000, -118000.0000000,
     -0.1169623,      -0.1191518,       0.2122197,
 -12000.0000000, -118000.0000000,
     -0.1476148,      -0.1023659,       0.2118954,
 -12000.0000000, -118000.0000000,
     -0.1381271,      -0.1395868,       0.2115710,
 -12000.0000000, -118000.0000000,
     -0.1169623,      -0.1052851,       0.2118954,
 -12000.0000000, -118000.0000000,
     -0.1344780,      -0.1140430,       0.2122197,
 -12000.0000000, -118000.0000000,
     -0.1162325,      -0.1198816,       0.2122197,
 -12000.0000000, -118000.0000000,
     -0.1388570,      -0.1067448,       0.2118954,
 -12000.0000000, -118000.0000000,
     -0.1446955,      -0.1133132,       0.2115710,
 -12000.0000000, -118000.0000000,
     -0.1293693,      -0.1133132,       0.2118954,
 -12000.0000000, -118000.0000000,
     -0.1103939,      -0.1118535,       0.2122197,
 -12000.0000000, -118000.0000000,
     -0.1206114,      -0.1103939,       0.2122197,
 -12000.0000000, -118000.0000000,
     -0.1264500,      -0.1162325,       0.2115710,
 -12000.0000000, -118000.0000000,
     -0.1410464,      -0.1330184,       0.2122197,
 -12000.0000000, -118000.0000000,
     -0.1775375,      -0.1249903,       0.2118954,
 -12000.0000000, -118000.0000000,
     -0.1111237,      -0.1220711,       0.2118954,
 -12000.0000000, -118000.0000000,
     -0.1359377,      -0.0906887,       0.2118954,
 -12000.0000000, -118000.0000000,
     -0.1519938,      -0.1074746,       0.2118954,
 -12000.0000000, -118000.0000000,
     -0.0979869,      -0.1300991,       0.2122197,
 -12000.0000000, -118000.0000000,
     -0.1198816,      -0.1089343,       0.2118954,
 -12000.0000000, -118000.0000000,
     -0.1125834,      -0.0936080,       0.2118954,
 -12000.0000000, -118000.0000000,
     -0.1213412,      -0.1264500,       0.2122197,
 -12000.0000000, -118000.0000000,
     -0.1337482,      -0.1191518,       0.2118954,
 -12000.0000000, -118000.0000000,
     -0.1220711,      -0.1030957,       0.2118954,
 -12000.0000000, -118000.0000000,
     -0.1279096,      -0.1176921,       0.2118954,
 -12000.0000000, -118000.0000000,
     -0.1454254,      -0.1074746,       0.2122197,
 -12000.0000000, -118000.0000000,
     -0.1483446,      -0.1300991,       0.2122197,
 -12000.0000000, -118000.0000000,
     -0.1454254,      -0.1228009,       0.2118954,
 -12000.0000000, -118000.0000000,
     -0.1775375,      -0.1176921,       0.2118954,
 -12000.0000000, -118000.0000000,
     -0.1439657,      -0.0965273,       0.2118954,
 -12000.0000000, -118000.0000000,
     -0.1446955,      -0.1315587,       0.2122197,
 -12000.0000000, -118000.0000000,
     -0.1242605,      -0.1184219,       0.2118954,
 -12000.0000000, -118000.0000000,
     -0.1709691,      -0.1293693,       0.2118954,
 -12000.0000000, -118000.0000000,
     -0.1279096,      -0.0994466,       0.2118954,
 -12000.0000000, -118000.0000000,
     -0.1257202,      -0.1162325,       0.2122197,
 -12000.0000000, -118000.0000000,
     -0.1571025,      -0.0987167,       0.2118954,
 -12000.0000000, -118000.0000000,
     -0.1198816,      -0.1001764,       0.2115710,
 -12000.0000000, -118000.0000000,
     -0.1111237,      -0.1052851,       0.2122197,
 -12000.0000000, -118000.0000000,
     -0.1359377,      -0.1279096,       0.2118954,
 -12000.0000000, -118000.0000000,
     -0.1279096,      -0.1111237,       0.2118954,
 -12000.0000000, -118000.0000000,
     -0.1410464,      -0.1074746,       0.2118954,
 -12000.0000000, -118000.0000000,
     -0.1184219,      -0.1023659,       0.2118954,
 -12000.0000000, -118000.0000000,
     -0.1505341,      -0.1220711,       0.2118954,
 -12000.0000000, -118000.0000000,
     -0.1811866,      -0.1016360,       0.2122197,
 -12000.0000000, -118000.0000000,
     -0.1264500,      -0.1206114,       0.2122197,
 -12000.0000000, -118000.0000000,
     -0.1417762,      -0.1249903,       0.2118954,
 -12000.0000000, -118000.0000000,
     -0.1176921,      -0.0987167,       0.2118954,
 -12000.0000000, -118000.0000000,
     -0.1461552,      -0.1286394,       0.2125441,
 -12000.0000000, -118000.0000000,
     -0.1060150,      -0.1074746,       0.2118954,
 -12000.0000000, -118000.0000000,
     -0.1198816,      -0.1133132,       0.2115710,
 -12000.0000000, -118000.0000000,
     -0.1373973,      -0.0950676,       0.2118954,
 -12000.0000000, -118000.0000000,
     -0.1454254,      -0.1060150,       0.2118954,
 -12000.0000000, -118000.0000000,
