      0.9033289,      -0.2731442,       0.2070299,
 -19000.0000000, -118000.0000000,
      0.8478624,      -0.2862810,       0.2073542,
 -19000.0000000, -118000.0000000,
      0.8507817,      -0.3008774,       0.2070299,
 -19000.0000000, -118000.0000000,
      0.8704869,      -0.2950389,       0.2070299,
 -19000.0000000, -118000.0000000,
      0.8726764,      -0.3023371,       0.2073542,
 -19000.0000000, -118000.0000000,
      0.8485922,      -0.2950389,       0.2070299,
 -19000.0000000, -117997.0000000,
      0.8602694,      -0.3154739,       0.2067055,
 -19000.0000000, -117993.0000000,
      0.8850833,      -0.3147441,       0.2070299,
 -19000.0000000, -117983.5000000,
      0.8770553,      -0.3037967,       0.2070299,
 -19000.0000000, -117974.5000000,
      0.8500519,      -0.2833617,       0.2076786,
 -19000.0000000, -117958.5000000,
      0.9011394,      -0.2702249,       0.2067055,
 -19000.0000000, -117946.5000000,
      0.8609992,      -0.3037967,       0.2073542,
 -19000.0000000, -117928.5000000,
      0.8909219,      -0.3198528,       0.2070299,
 -19000.0000000, -117903.0000000,
      0.8953009,      -0.2899301,       0.2076786,
 -19000.0000000, -117879.5000000,
      0.8850833,      -0.2870108,       0.2080030,
 -19000.0000000, -117860.0000000,
      0.9011394,      -0.3213125,       0.2083273,
 -19000.0000000, -117831.5000000,
      0.8982201,      -0.2833617,       0.2076786,
 -19000.0000000, -117794.5000000,
      0.8734062,      -0.3154739,       0.2076786,
 -19000.0000000, -117770.5000000,
      0.8836237,      -0.2797126,       0.2070299,
 -19000.0000000, -117725.0000000,
      0.8712167,      -0.2935792,       0.2073542,
 -19000.0000000, -117698.0000000,
      0.9084377,      -0.2928494,       0.2076786,
 -19000.0000000, -117662.0000000,
      0.9157359,      -0.2950389,       0.2073542,
 -19000.0000000, -117615.0000000,
      0.9157359,      -0.2848214,       0.2070299,
 -19000.0000000, -117556.5000000,
      0.8909219,      -0.3140142,       0.2073542,
 -19000.0000000, -117522.0000000,
      0.9266832,      -0.2621969,       0.2070299,
 -19000.0000000, -117457.5000000,
      0.8858132,      -0.2943090,       0.2063811,
 -19000.0000000, -117416.0000000,
      0.9055184,      -0.2906599,       0.2070299,
 -19000.0000000, -117369.5000000,
      0.9317920,      -0.3008774,       0.2067055,
 -19000.0000000, -117306.0000000,
      0.8639185,      -0.3045266,       0.2070299,
 -19000.0000000, -117239.0000000,
      0.8828939,      -0.2840915,       0.2067055,
 -19000.0000000, -117189.5000000,
      0.9106271,      -0.3001476,       0.2070299,
 -19000.0000000, -117118.0000000,
      0.8974903,      -0.3081757,       0.2067055,
 -19000.0000000, -117057.5000000,
      0.9011394,      -0.3074458,       0.2063811,
 -19000.0000000, -116975.5000000,
      0.8953009,      -0.2870108,       0.2063811,
 -19000.0000000, -116915.0000000,
      0.8828939,      -0.2972283,       0.2070299,
 -19000.0000000, -116810.5000000,
      0.8923816,      -0.3081757,       0.2063811,
 -19000.0000000, -116750.0000000,
      0.9361709,      -0.2446812,       0.2057324,
 -19000.0000000, -116651.5000000,
      0.9047885,      -0.2775231,       0.2057324,
 -19000.0000000, -116568.5000000,
      0.9369007,      -0.2578179,       0.2008669,
 -19000.0000000, -116501.5000000,
      0.9171955,      -0.2519794,       0.1930822,
 -19000.0000000, -116394.0000000,
      0.9055184,      -0.2629267,       0.1972989,
 -19000.0000000, -116323.0000000,
      0.8982201,      -0.2782530,       0.2034619,
 -19000.0000000, -116245.5000000,
      0.8814342,      -0.2716846,       0.2034619,
 -19000.0000000, -116134.5000000,
      0.8909219,      -0.2694951,       0.2034619,
 -19000.0000000, -116053.0000000,
      0.8807044,      -0.2403022,       0.2028131,
 -19000.0000000, -115936.0000000,
      0.9004096,      -0.2519794,       0.2024888,
 -19000.0000000, -115810.5000000,
      0.8777851,      -0.2337338,       0.2028131,
 -19000.0000000, -115734.0000000,
      0.9369007,      -0.2527092,       0.2024888,
 -19000.0000000, -115637.5000000,
      0.8719465,      -0.2344636,       0.2028131,
 -19000.0000000, -115516.0000000,
      0.8646483,      -0.2424917,       0.2021644,
 -19000.0000000, -115415.0000000,
      0.9011394,      -0.2432215,       0.2011913,
 -19000.0000000, -115288.0000000,
      0.8602694,      -0.2176777,       0.2024888,
 -19000.0000000, -115163.0000000,
      0.8690273,      -0.2337338,       0.2018400,
 -19000.0000000, -115023.5000000,
      0.8661080,      -0.2096497,       0.2024888,
 -19000.0000000, -114940.5000000,
      0.8193994,      -0.2351935,       0.2015157,
 -19000.0000000, -114795.0000000,
      0.8434835,      -0.2220567,       0.2002182,
 -19000.0000000, -114667.0000000,
      0.8646483,      -0.2300847,       0.2021644,
 -19000.0000000, -114573.0000000,
      0.8405642,      -0.1957831,       0.2021644,
 -19000.0000000, -114404.0000000,
      0.8609992,      -0.2271654,       0.2021644,
 -19000.0000000, -114238.5000000,
      0.8230485,      -0.2016217,       0.2024888,
 -19000.0000000, -114130.5000000,
      0.8529712,      -0.2125690,       0.2021644,
 -19000.0000000, -113959.0000000,
      0.8748658,      -0.2001620,       0.2028131,
 -19000.0000000, -113847.0000000,
      0.8383747,      -0.2278952,       0.2024888,
 -19000.0000000, -113742.0000000,
      0.8697571,      -0.2081900,       0.2028131,
 -19000.0000000, -113594.5000000,
      0.8595396,      -0.2308145,       0.2021644,
 -19000.0000000, -113370.0000000,
      0.8880026,      -0.2023515,       0.2015157,
 -19000.0000000, -113267.5000000,
      0.8485922,      -0.2220567,       0.2015157,
 -19000.0000000, -113060.5000000,
      0.9055184,      -0.1498043,       0.2011913,
 -19000.0000000, -112937.0000000,
      0.8872728,      -0.1731586,       0.2011913,
 -19000.0000000, -112768.0000000,
      0.8712167,      -0.2067304,       0.2002182,
 -19000.0000000, -112659.5000000,
      0.8836237,      -0.1789972,       0.1985964,
 -19000.0000000, -112449.5000000,
      0.8471326,      -0.1935936,       0.2005426,
 -19000.0000000, -112328.5000000,
      0.8697571,      -0.2052708,       0.2008669,
 -19000.0000000, -112158.5000000,
      0.8807044,      -0.2052708,       0.1992451,
 -19000.0000000, -111900.0000000,
      0.8427537,      -0.2023515,       0.1998938,
 -19000.0000000, -111763.0000000,
      0.8515115,      -0.1841059,       0.1995695,
 -19000.0000000, -111545.5000000,
      0.8449431,      -0.2060006,       0.1995695,
 -19000.0000000, -111404.5000000,
      0.8639185,      -0.1826463,       0.2002182,
 -19000.0000000, -111272.5000000,
      0.8872728,      -0.1658604,       0.1992451,
 -19000.0000000, -110995.0000000,
      0.8456730,      -0.1490745,       0.1995695,
 -19000.0000000, -110848.0000000,
      0.7982345,      -0.1702393,       0.1998938,
 -19000.0000000, -110710.5000000,
      0.8077222,      -0.1914041,       0.2002182,
 -19000.0000000, -110422.5000000,
      0.8456730,      -0.1680498,       0.1995695,
 -19000.0000000, -110291.5000000,
      0.8318063,      -0.1505341,       0.2005426,
 -19000.0000000, -110114.5000000,
      0.7953152,      -0.1965129,       0.2005426,
 -19000.0000000, -109870.5000000,
      0.8193994,      -0.1877550,       0.2008669,
 -19000.0000000, -109622.5000000,
      0.8193994,      -0.1950533,       0.2015157,
 -19000.0000000, -109462.5000000,
      0.8179397,      -0.1549130,       0.2021644,
 -19000.0000000, -109313.0000000,
      0.8580799,      -0.1600218,       0.2015157,
 -19000.0000000, -108999.0000000,
      0.7945854,      -0.1782673,       0.2024888,
 -19000.0000000, -108891.5000000,
      0.8332660,      -0.1534534,       0.2028131,
 -19000.0000000, -108570.5000000,
      0.7763399,      -0.0957975,       0.2041106,
 -19000.0000000, -108413.0000000,
      0.8084520,      -0.1213412,       0.2015157,
 -19000.0000000, -108241.0000000,
      0.8172099,      -0.1439657,       0.2044350,
 -19000.0000000, -107920.5000000,
      0.8245081,      -0.1454254,       0.2063811,
 -19000.0000000, -107682.0000000,
      0.7996942,      -0.1147728,       0.2063811,
 -19000.0000000, -107516.0000000,
      0.8004240,      -0.1337482,       0.2073542,
 -19000.0000000, -107223.0000000,
      0.7982345,      -0.1490745,       0.2076786,
 -19000.0000000, -107040.5000000,
      0.7923959,      -0.1155027,       0.2093004,
 -19000.0000000, -106844.0000000,
      0.7792592,      -0.1118535,       0.2099492,
 -19000.0000000, -106571.0000000,
      0.7785293,      -0.0666046,       0.2115710,
 -19000.0000000, -106284.5000000,
      0.7756100,      -0.0921483,       0.2118954,
 -19000.0000000, -106100.5000000,
      0.8383747,      -0.1133132,       0.2086517,
 -19000.0000000, -105814.0000000,
      0.7522557,      -0.1293693,       0.2128685,
 -19000.0000000, -105631.0000000,
      0.7931258,      -0.0702537,       0.2141659,
 -19000.0000000, -105344.5000000,
      0.8266976,      -0.0841203,       0.2138415,
 -19000.0000000, -105173.5000000,
      0.7668522,      -0.0870396,       0.2148146,
 -19000.0000000, -104925.5000000,
      0.7690416,      -0.0593064,       0.2144903,
 -19000.0000000, -104755.5000000,
      0.7982345,      -0.0848501,       0.2141659,
 -19000.0000000, -104404.5000000,
      0.7442277,      -0.0702537,       0.2161121,
 -19000.0000000, -104220.5000000,
      0.7836381,      -0.0571169,       0.2148146,
 -19000.0000000, -103934.0000000,
      0.8062626,      -0.0468994,       0.2148146,
 -19000.0000000, -103750.0000000,
      0.7748802,      -0.0512783,       0.2144903,
 -19000.0000000, -103476.5000000,
      0.8135608,      -0.0928782,       0.2154634,
 -19000.0000000, -103344.5000000,
      0.7792592,      -0.0972571,       0.2161121,
 -19000.0000000, -103109.5000000,
      0.7522557,      -0.0775519,       0.2157877,
 -19000.0000000, -102771.0000000,
      0.8055327,      -0.0549274,       0.2151390,
 -19000.0000000, -102625.5000000,
      0.7522557,      -0.0549274,       0.2141659,
 -19000.0000000, -102339.5000000,
      0.7018980,      -0.0476292,       0.2135172,
 -19000.0000000, -102053.0000000,
      0.7712311,      -0.0286538,       0.2115710,
 -19000.0000000, -101869.0000000,
      0.7325505,      -0.0476292,       0.2122197,
 -19000.0000000, -101583.5000000,
      0.7303611,      -0.0709835,       0.2118954,
 -19000.0000000, -101399.5000000,
      0.8040731,      -0.0410608,       0.2096248,
 -19000.0000000, -101229.5000000,
      0.7376593,      -0.0870396,       0.2086517,
 -19000.0000000, -100904.5000000,
      0.7493364,      -0.0578467,       0.2093004,
 -19000.0000000, -100694.5000000,
      0.7712311,      -0.0658748,       0.2086517,
 -19000.0000000, -100434.5000000,
      0.6953296,      -0.0352222,       0.2083273,
 -19000.0000000, -100186.0000000,
      0.7383891,      -0.0366819,       0.2073542,
 -19000.0000000,  -99989.0000000,
      0.7661224,      -0.0279240,       0.2060568,
 -19000.0000000,  -99805.0000000,
      0.6953296,      -0.0301135,       0.2060568,
 -19000.0000000,  -99518.5000000,
      0.7172243,      -0.0257345,       0.2054080,
 -19000.0000000,  -99245.0000000,
      0.6997085,      -0.0009206,       0.2054080,
 -19000.0000000,  -99048.5000000,
      0.7157646,      -0.0191661,       0.2057324,
 -19000.0000000,  -98788.5000000,
      0.7259821,      -0.0366819,       0.2044350,
 -19000.0000000,  -98552.5000000,
      0.7230629,      -0.0104083,       0.2057324,
 -19000.0000000,  -98318.5000000,
      0.6843823,      -0.0184363,       0.2050837,
 -19000.0000000,  -98134.5000000,
      0.7763399,      -0.0133276,       0.2050837,
 -19000.0000000,  -97848.0000000,
      0.6632174,       0.0165951,       0.2060568,
 -19000.0000000,  -97612.5000000,
      0.7018980,      -0.0359521,       0.2063811,
 -19000.0000000,  -97378.5000000,
      0.7405786,       0.0122162,       0.2063811,
 -19000.0000000,  -97143.5000000,
      0.6770841,       0.0217039,       0.2067055,
 -19000.0000000,  -96933.5000000,
      0.7157646,       0.0297319,       0.2070299,
 -19000.0000000,  -96660.0000000,
      0.7070068,       0.0304618,       0.2080030,
 -19000.0000000,  -96438.5000000,
      0.7018980,       0.0224337,       0.2089761,
 -19000.0000000,  -96203.0000000,
      0.7172243,       0.0297319,       0.2099492,
 -19000.0000000,  -95968.0000000,
      0.6792735,       0.0319214,       0.2099492,
 -19000.0000000,  -95770.5000000,
      0.6610280,       0.0297319,       0.2122197,
 -19000.0000000,  -95484.0000000,
      0.6792735,       0.0041882,       0.2096248,
 -19000.0000000,  -95287.5000000,
      0.6493508,       0.0304618,       0.2135172,
 -19000.0000000,  -95001.0000000,
      0.6581087,       0.0341109,       0.2144903,
 -19000.0000000,  -94817.0000000,
      0.6719753,       0.0523564,       0.2141659,
 -19000.0000000,  -94543.5000000,
      0.6303755,       0.0684125,       0.2151390,
 -19000.0000000,  -94347.0000000,
      0.6340246,       0.0297319,       0.2161121,
 -19000.0000000,  -94087.0000000,
      0.6398631,       0.0538161,       0.2167608,
 -19000.0000000,  -93851.5000000,
      0.6602982,       0.0538161,       0.2177339,
 -19000.0000000,  -93616.5000000,
      0.6529999,       0.0341109,       0.2180583,
 -19000.0000000,  -93420.0000000,
      0.6522701,       0.0472477,       0.2183827,
 -19000.0000000,  -93147.5000000,
      0.6106703,       0.0501669,       0.2193558,
 -19000.0000000,  -92912.0000000,
      0.6741648,       0.0487073,       0.2190314,
 -19000.0000000,  -92702.0000000,
      0.6697858,       0.0647634,       0.2190314,
 -19000.0000000,  -92442.5000000,
      0.6851121,       0.0501669,       0.2187070,
 -19000.0000000,  -92232.0000000,
      0.6581087,       0.0625739,       0.2177339,
 -19000.0000000,  -91972.0000000,
      0.6296456,       0.0384898,       0.2177339,
 -19000.0000000,  -91736.5000000,
      0.6464315,       0.0560055,       0.2174096,
 -19000.0000000,  -91501.5000000,
      0.6413228,       0.0669529,       0.2157877,
 -19000.0000000,  -91266.5000000,
      0.6384035,       0.0596546,       0.2161121,
 -19000.0000000,  -91069.0000000,
      0.6186983,       0.0749809,       0.2148146,
 -19000.0000000,  -90821.0000000,
      0.6245369,       0.0574652,       0.2151390,
 -19000.0000000,  -90561.0000000,
      0.6602982,       0.0421389,       0.2148146,
 -19000.0000000,  -90312.5000000,
      0.6296456,       0.0727914,       0.2141659,
 -19000.0000000,  -90115.5000000,
      0.6471614,       0.0640336,       0.2125441,
 -19000.0000000,  -89855.5000000,
      0.6478912,       0.0560055,       0.2122197,
 -19000.0000000,  -89620.5000000,
      0.5989931,       0.0684125,       0.2118954,
 -19000.0000000,  -89411.5000000,
      0.6252667,       0.0771704,       0.2099492,
 -19000.0000000,  -89151.5000000,
      0.5573933,       0.1034440,       0.2096248,
 -19000.0000000,  -88941.0000000,
      0.5530143,       0.0530862,       0.2080030,
 -19000.0000000,  -88667.5000000,
      0.5982633,       0.0618441,       0.2070299,
 -19000.0000000,  -88471.0000000,
      0.5807476,       0.0822791,       0.2060568,
 -19000.0000000,  -88211.0000000,
      0.5603125,       0.0457880,       0.2050837,
 -19000.0000000,  -88000.5000000,
      0.5873160,       0.0873879,       0.2034619,
 -19000.0000000,  -87765.5000000,
      0.6041019,       0.0837388,       0.2031375,
 -19000.0000000,  -87505.5000000,
      0.6245369,       0.0640336,       0.2028131,
 -19000.0000000,  -87270.5000000,
      0.6106703,       0.0932264,       0.2031375,
 -19000.0000000,  -87021.5000000,
      0.5749090,       0.1180404,       0.2034619,
 -19000.0000000,  -86813.0000000,
      0.5982633,       0.1195000,       0.2041106,
 -19000.0000000,  -86590.0000000,
      0.6041019,       0.1005247,       0.2047593,
 -19000.0000000,  -86354.5000000,
      0.5690704,       0.1406649,       0.2063811,
 -19000.0000000,  -86094.5000000,
      0.5902352,       0.1333667,       0.2067055,
 -19000.0000000,  -85884.5000000,
      0.6041019,       0.1399351,       0.2076786,
 -19000.0000000,  -85624.5000000,
      0.5646915,       0.0873879,       0.2086517,
 -19000.0000000,  -85390.5000000,
      0.5931545,       0.1165808,       0.2089761,
 -19000.0000000,  -85155.0000000,
      0.5676108,       0.1282579,       0.2105979,
 -19000.0000000,  -84920.0000000,
      0.5741792,       0.1749665,       0.2109223,
 -19000.0000000,  -84685.0000000,
      0.5792879,       0.1151211,       0.2109223,
 -19000.0000000,  -84450.0000000,
      0.5420670,       0.1362859,       0.2115710,
 -19000.0000000,  -84239.5000000,
      0.5340389,       0.1260684,       0.2118954,
 -19000.0000000,  -84004.5000000,
      0.5406073,       0.1362859,       0.2131928,
 -19000.0000000,  -83730.5000000,
      0.5114145,       0.1508824,       0.2144903,
 -19000.0000000,  -83534.0000000,
      0.5274706,       0.1662086,       0.2154634,
 -19000.0000000,  -83274.0000000,
      0.5639617,       0.1640192,       0.2164365,
 -19000.0000000,  -83025.0000000,
      0.5092250,       0.1326368,       0.2174096,
 -19000.0000000,  -82828.5000000,
      0.5274706,       0.1333667,       0.2177339,
 -19000.0000000,  -82554.5000000,
      0.5457161,       0.1399351,       0.2183827,
 -19000.0000000,  -82384.5000000,
      0.5172530,       0.1370158,       0.2183827,
 -19000.0000000,  -82149.5000000,
      0.5347688,       0.1727770,       0.2200045,
 -19000.0000000,  -81875.5000000,
      0.5398775,       0.1559911,       0.2200045,
 -19000.0000000,  -81653.5000000,
      0.5004671,       0.1516122,       0.2209776,
 -19000.0000000,  -81379.0000000,
      0.5376881,       0.1764262,       0.2206532,
 -19000.0000000,  -81209.0000000,
      0.5187127,       0.1516122,       0.2209776,
 -19000.0000000,  -80909.0000000,
      0.4982777,       0.1975910,       0.2209776,
 -19000.0000000,  -80739.0000000,
      0.5077654,       0.1384754,       0.2209776,
 -19000.0000000,  -80439.0000000,
      0.5252811,       0.1326368,       0.2216263,
 -19000.0000000,  -80269.0000000,
      0.4676251,       0.1632894,       0.2209776,
 -19000.0000000,  -79968.5000000,
      0.5077654,       0.1837244,       0.2196801,
 -19000.0000000,  -79771.0000000,
      0.5011970,       0.1662086,       0.2193558,
 -19000.0000000,  -79497.5000000,
      0.4632462,       0.1581806,       0.2193558,
 -19000.0000000,  -79327.5000000,
      0.4866005,       0.1749665,       0.2190314,
 -19000.0000000,  -79078.5000000,
      0.5026566,       0.1479631,       0.2183827,
 -19000.0000000,  -78792.0000000,
      0.4917093,       0.1508824,       0.2167608,
 -19000.0000000,  -78582.5000000,
      0.5274706,       0.1311772,       0.2157877,
 -19000.0000000,  -78321.5000000,
      0.4822216,       0.1457736,       0.2154634,
 -19000.0000000,  -78137.5000000,
      0.5136039,       0.1479631,       0.2154634,
 -19000.0000000,  -77941.0000000,
      0.5004671,       0.1676683,       0.2138415,
 -19000.0000000,  -77681.0000000,
      0.4866005,       0.1516122,       0.2131928,
 -19000.0000000,  -77382.0000000,
      0.5121443,       0.1778858,       0.2122197,
 -19000.0000000,  -77211.5000000,
      0.5099548,       0.1756963,       0.2128685,
 -19000.0000000,  -76963.0000000,
      0.4705444,       0.1260684,       0.2118954,
 -19000.0000000,  -76676.5000000,
      0.4800321,       0.1618297,       0.2109223,
 -19000.0000000,  -76506.5000000,
      0.5223618,       0.1946717,       0.2109223,
 -19000.0000000,  -76219.0000000,
      0.4632462,       0.1829946,       0.2109223,
 -19000.0000000,  -76036.0000000,
      0.4822216,       0.1640192,       0.2112466,
 -19000.0000000,  -75736.0000000,
      0.4486498,       0.2151067,       0.2105979,
 -19000.0000000,  -75551.5000000,
      0.4413516,       0.2107278,       0.2102735,
 -19000.0000000,  -75278.0000000,
      0.4508392,       0.1837244,       0.2105979,
 -19000.0000000,  -75107.5000000,
      0.4457305,       0.2151067,       0.2112466,
 -19000.0000000,  -74794.0000000,
      0.4398919,       0.2019699,       0.2112466,
 -19000.0000000,  -74610.5000000,
      0.4552182,       0.1997805,       0.2115710,
 -19000.0000000,  -74337.0000000,
      0.4442708,       0.1954015,       0.2118954,
 -19000.0000000,  -74139.5000000,
      0.4209165,       0.2005103,       0.2115710,
 -19000.0000000,  -73866.0000000,
      0.4070499,       0.1837244,       0.2102735,
 -19000.0000000,  -73670.5000000,
      0.4245656,       0.1990506,       0.2128685,
 -19000.0000000,  -73435.0000000,
      0.4471901,       0.2070787,       0.2138415,
 -19000.0000000,  -73148.5000000,
      0.4019412,       0.1997805,       0.2144903,
 -19000.0000000,  -72939.5000000,
      0.3742079,       0.2318926,       0.2151390,
 -19000.0000000,  -72678.5000000,
      0.4194569,       0.2267839,       0.2161121,
 -19000.0000000,  -72495.0000000,
      0.4209165,       0.2472189,       0.2154634,
 -19000.0000000,  -72208.5000000,
      0.3698290,       0.2180260,       0.2170852,
 -19000.0000000,  -72024.5000000,
      0.3858851,       0.2151067,       0.2170852,
 -19000.0000000,  -71726.0000000,
      0.4209165,       0.2355417,       0.2170852,
 -19000.0000000,  -71592.5000000,
      0.3873447,       0.2143769,       0.2180583,
 -19000.0000000,  -71345.5000000,
      0.3632606,       0.2348119,       0.2190314,
 -19000.0000000,  -71032.5000000,
      0.3647202,       0.2669241,       0.2203289,
 -19000.0000000,  -70848.5000000,
      0.3661799,       0.2267839,       0.2209776,
 -19000.0000000,  -70549.5000000,
      0.3311484,       0.2311628,       0.2216263,
 -19000.0000000,  -70327.5000000,
      0.3771272,       0.2245944,       0.2219507,
 -19000.0000000,  -70143.5000000,
      0.3523133,       0.2567066,       0.2216263,
 -19000.0000000,  -69857.0000000,
      0.3369870,       0.2428400,       0.2164365,
 -19000.0000000,  -69674.0000000,
      0.3763974,       0.2698434,       0.2219507,
 -19000.0000000,  -69388.5000000,
      0.3909938,       0.2727627,       0.2219507,
 -19000.0000000,  -69230.5000000,
      0.3472045,       0.2494084,       0.2229238,
 -19000.0000000,  -68892.0000000,
      0.3574220,       0.2391909,       0.2225994,
 -19000.0000000,  -68733.5000000,
      0.3413659,       0.2421101,       0.2225994,
 -19000.0000000,  -68447.5000000,
      0.3618010,       0.2479487,       0.2225994,
 -19000.0000000,  -68263.5000000,
      0.3369870,       0.2464891,       0.2222750,
 -19000.0000000,  -67977.0000000,
      0.3004959,       0.2318926,       0.2229238,
 -19000.0000000,  -67793.0000000,
      0.3340677,       0.2457592,       0.2216263,
 -19000.0000000,  -67506.5000000,
      0.3457449,       0.2552469,       0.2213020,
 -19000.0000000,  -67323.0000000,
      0.3034152,       0.2530575,       0.2209776,
 -19000.0000000,  -67087.5000000,
      0.3369870,       0.2391909,       0.2213020,
 -19000.0000000,  -66814.0000000,
      0.3318782,       0.2771416,       0.2200045,
 -19000.0000000,  -66617.5000000,
      0.3107134,       0.2515978,       0.2187070,
 -19000.0000000,  -66382.5000000,
      0.3165520,       0.2435698,       0.2187070,
 -19000.0000000,  -66096.0000000,
      0.3260397,       0.2537873,       0.2144903,
 -19000.0000000,  -65912.0000000,
      0.3187415,       0.2479487,       0.2180583,
 -19000.0000000,  -65626.5000000,
      0.3202011,       0.2318926,       0.2180583,
 -19000.0000000,  -65391.5000000,
      0.3158222,       0.2698434,       0.2174096,
 -19000.0000000,  -65220.5000000,
      0.3004959,       0.2618153,       0.2174096,
 -19000.0000000,  -64972.5000000,
      0.3172818,       0.2713030,       0.2157877,
 -19000.0000000,  -64699.0000000,
      0.2603557,       0.2515978,       0.2148146,
 -19000.0000000,  -64502.5000000,
      0.2880889,       0.2304330,       0.2138415,
 -19000.0000000,  -64216.0000000,
      0.2931977,       0.2472189,       0.2131928,
 -19000.0000000,  -64032.0000000,
      0.2370014,       0.2494084,       0.2115710,
 -19000.0000000,  -63745.5000000,
      0.2742223,       0.2559768,       0.2115710,
 -19000.0000000,  -63574.5000000,
      0.2472189,       0.2654644,       0.2112466,
 -19000.0000000,  -63288.0000000,
      0.2391909,       0.2559768,       0.2105979,
 -19000.0000000,  -63104.0000000,
      0.2866293,       0.2596259,       0.2099492,
 -19000.0000000,  -62869.0000000,
      0.2676539,       0.3121731,       0.2096248,
 -19000.0000000,  -62621.5000000,
      0.2297032,       0.2975766,       0.2099492,
 -19000.0000000,  -62386.5000000,
      0.2464891,       0.2910082,       0.2109223,
 -19000.0000000,  -62112.5000000,
      0.2472189,       0.2975766,       0.2112466,
 -19000.0000000,  -61928.5000000,
      0.2158365,       0.2931977,       0.2109223,
 -19000.0000000,  -61656.0000000,
      0.2384610,       0.2515978,       0.2112466,
 -19000.0000000,  -61446.5000000,
      0.2348119,       0.2661943,       0.2118954,
 -19000.0000000,  -61173.0000000,
      0.2501382,       0.2880889,       0.2125441,
 -19000.0000000,  -60976.5000000,
      0.2012401,       0.2939275,       0.2128685,
 -19000.0000000,  -60741.5000000,
      0.1859138,       0.2661943,       0.2122197,
 -19000.0000000,  -60455.0000000,
      0.2494084,       0.2749521,       0.2118954,
 -19000.0000000,  -60284.0000000,
      0.2472189,       0.2778714,       0.2102735,
 -19000.0000000,  -60048.5000000,
      0.2727627,       0.2866293,       0.2086517,
 -19000.0000000,  -59788.0000000,
      0.2771416,       0.2596259,       0.2067055,
 -19000.0000000,  -59541.0000000,
      0.2793311,       0.2734925,       0.2067055,
 -19000.0000000,  -59292.0000000,
      0.2224049,       0.2968468,       0.2076786,
 -19000.0000000,  -59095.0000000,
      0.2749521,       0.3223906,       0.2093004,
 -19000.0000000,  -58835.5000000,
      0.2099980,       0.3172818,       0.2099492,
 -19000.0000000,  -58625.0000000,
      0.2107278,       0.3282291,       0.2131928,
 -19000.0000000,  -58365.5000000,
      0.2056190,       0.3034152,       0.2144903,
 -19000.0000000,  -58181.5000000,
      0.1968612,       0.3004959,       0.2157877,
 -19000.0000000,  -57895.0000000,
      0.1559911,       0.3077941,       0.2164365,
 -19000.0000000,  -57660.0000000,
      0.1676683,       0.3129029,       0.2174096,
 -19000.0000000,  -57399.0000000,
      0.1377456,       0.3048748,       0.2177339,
 -19000.0000000,  -57215.0000000,
      0.1632894,       0.3150923,       0.2183827,
 -19000.0000000,  -56955.5000000,
      0.1275281,       0.3099836,       0.2187070,
 -19000.0000000,  -56720.5000000,
      0.0779002,       0.3194713,       0.2190314,
 -19000.0000000,  -56510.0000000,
      0.2202155,       0.3085239,       0.2193558,
 -19000.0000000,  -56250.0000000,
      0.1669385,       0.3048748,       0.2203289,
 -19000.0000000,  -56015.0000000,
      0.1195000,       0.3063345,       0.2196801,
 -19000.0000000,  -55856.0000000,
      0.1340965,       0.3063345,       0.2209776,
 -19000.0000000,  -55569.0000000,
      0.1267983,       0.3026854,       0.2209776,
 -19000.0000000,  -55372.0000000,
      0.1012545,       0.3136327,       0.2219507,
 -19000.0000000,  -55085.5000000,
      0.0990650,       0.3216607,       0.2225994,
 -19000.0000000,  -54838.5000000,
      0.1012545,       0.3391765,       0.2222750,
 -19000.0000000,  -54604.0000000,
      0.0983352,       0.3056047,       0.2229238,
 -19000.0000000,  -54342.0000000,
      0.1392052,       0.3070643,       0.2232481,
 -19000.0000000,  -54158.0000000,
      0.1195000,       0.3377168,       0.2232481,
 -19000.0000000,  -53898.0000000,
      0.1122018,       0.2902784,       0.2245456,
 -19000.0000000,  -53688.5000000,
      0.1289877,       0.3245800,       0.2245456,
 -19000.0000000,  -53492.0000000,
      0.0793598,       0.3355274,       0.2242212,
 -19000.0000000,  -53218.5000000,
      0.1260684,       0.3384466,       0.2242212,
 -19000.0000000,  -52958.5000000,
      0.1063632,       0.3238502,       0.2251943,
 -19000.0000000,  -52710.0000000,
      0.1070931,       0.3304186,       0.2245456,
 -19000.0000000,  -52526.0000000,
      0.1078229,       0.3202011,       0.2242212,
 -19000.0000000,  -52253.5000000,
      0.0779002,       0.3253098,       0.2245456,
 -19000.0000000,  -52018.0000000,
      0.0508968,       0.3377168,       0.2238969,
 -19000.0000000,  -51796.0000000,
      0.1085527,       0.3391765,       0.2238969,
 -19000.0000000,  -51572.5000000,
      0.0735213,       0.3347975,       0.2238969,
 -19000.0000000,  -51312.5000000,
      0.0676827,       0.3121731,       0.2232481,
 -19000.0000000,  -51102.0000000,
      0.1049036,       0.3209309,       0.2242212,
 -19000.0000000,  -50829.0000000,
      0.0961457,       0.3253098,       0.2248700,
 -19000.0000000,  -50645.0000000,
      0.0859282,       0.2990363,       0.2235725,
 -19000.0000000,  -50358.5000000,
      0.1180404,       0.3245800,       0.2242212,
 -19000.0000000,  -50123.5000000,
      0.0508968,       0.3391765,       0.2242212,
 -19000.0000000,  -49926.5000000,
      0.0895773,       0.3428256,       0.2238969,
 -19000.0000000,  -49654.0000000,
      0.0771704,       0.3428256,       0.2232481,
 -19000.0000000,  -49457.5000000,
      0.0574652,       0.3355274,       0.2235725,
 -19000.0000000,  -49197.5000000,
      0.0793598,       0.3523133,       0.2238969,
 -19000.0000000,  -48949.0000000,
      0.0808195,       0.3172818,       0.2225994,
 -19000.0000000,  -48765.0000000,
      0.0355705,       0.3399063,       0.2225994,
 -19000.0000000,  -48517.0000000,
      0.0837388,       0.3304186,       0.2222750,
 -19000.0000000,  -48243.5000000,
      0.0319214,       0.3143625,       0.2219507,
 -19000.0000000,  -48046.5000000,
      0.0129460,       0.3333379,       0.2219507,
 -19000.0000000,  -47787.0000000,
      0.0837388,       0.3121731,       0.2219507,
 -19000.0000000,  -47576.0000000,
      0.0085671,       0.3515834,       0.2213020,
 -19000.0000000,  -47303.0000000,
      0.0165951,       0.3369870,       0.2206532,
 -19000.0000000,  -47119.0000000,
      0.0932264,       0.3260397,       0.2206532,
 -19000.0000000,  -46832.5000000,
      0.0435985,       0.3596115,       0.2200045,
 -19000.0000000,  -46662.5000000,
      0.0516266,       0.3136327,       0.2196801,
 -19000.0000000,  -46401.0000000,
      0.0742511,       0.3508536,       0.2196801,
 -19000.0000000,  -46126.5000000,
      0.0034583,       0.3253098,       0.2190314,
 -19000.0000000,  -45956.5000000,
      0.0611143,       0.3669097,       0.2187070,
 -19000.0000000,  -45708.5000000,
      0.0311916,       0.3793167,       0.2193558,
 -19000.0000000,  -45422.5000000,
      0.0173250,       0.3742079,       0.2190314,
 -19000.0000000,  -45252.0000000,
      0.0202442,       0.3763974,       0.2200045,
 -19000.0000000,  -44952.0000000,
      0.0304618,       0.3639904,       0.2196801,
 -19000.0000000,  -44782.0000000,
     -0.0403310,       0.4077797,       0.2196801,
 -19000.0000000,  -44482.0000000,
      0.0027285,       0.3530431,       0.2193558,
 -19000.0000000,  -44312.0000000,
      0.0027285,       0.3822360,       0.2187070,
 -19000.0000000,  -44062.5000000,
     -0.0242749,       0.3479343,       0.2206532,
 -19000.0000000,  -43841.5000000,
      0.0370301,       0.3698290,       0.2203289,
 -19000.0000000,  -43541.0000000,
     -0.0206258,       0.3347975,       0.2180583,
 -19000.0000000,  -43344.5000000,
     -0.0060293,       0.3639904,       0.2203289,
 -19000.0000000,  -43122.0000000,
     -0.0016504,       0.3566922,       0.2213020,
 -19000.0000000,  -42862.0000000,
     -0.0286538,       0.3486642,       0.2213020,
 -19000.0000000,  -42601.0000000,
     -0.0045697,       0.3581518,       0.2203289,
 -19000.0000000,  -42430.5000000,
      0.0173250,       0.3508536,       0.2209776,
 -19000.0000000,  -42195.5000000,
     -0.0534678,       0.3683693,       0.2203289,
 -19000.0000000,  -41960.5000000,
     -0.0206258,       0.3501238,       0.2193558,
 -19000.0000000,  -41712.5000000,
     -0.0162469,       0.3552326,       0.2193558,
 -19000.0000000,  -41426.0000000,
     -0.0396012,       0.3333379,       0.2187070,
 -19000.0000000,  -41242.0000000,
     -0.0009206,       0.3472045,       0.2183827,
 -19000.0000000,  -40956.0000000,
     -0.0162469,       0.3545027,       0.2180583,
 -19000.0000000,  -40785.5000000,
     -0.0520081,       0.3369870,       0.2180583,
 -19000.0000000,  -40486.0000000,
     -0.0344924,       0.3457449,       0.2190314,
 -19000.0000000,  -40315.5000000,
     -0.0074890,       0.3486642,       0.2183827,
 -19000.0000000,  -40080.5000000,
     -0.0855799,       0.3267695,       0.2177339,
 -19000.0000000,  -39845.0000000,
     -0.0293837,       0.3486642,       0.2170852,
 -19000.0000000,  -39545.0000000,
     -0.0191661,       0.3282291,       0.2148146,
 -19000.0000000,  -39361.0000000,
     -0.0498187,       0.2880889,       0.2135172,
 -19000.0000000,  -39074.5000000,
     -0.0490888,       0.2939275,       0.2118954,
 -19000.0000000,  -38904.5000000,
     -0.0490888,       0.3355274,       0.2102735,
 -19000.0000000,  -38631.0000000,
     -0.0578467,       0.3391765,       0.2086517,
 -19000.0000000,  -38434.5000000,
     -0.0505485,       0.3311484,       0.2076786,
 -19000.0000000,  -38199.5000000,
     -0.0812010,       0.3187415,       0.2063811,
 -19000.0000000,  -37964.0000000,
     -0.0644151,       0.3486642,       0.2047593,
 -19000.0000000,  -37665.0000000,
     -0.0184363,       0.3486642,       0.2037862,
 -19000.0000000,  -37481.0000000,
     -0.0957975,       0.3727483,       0.2031375,
 -19000.0000000,  -37194.5000000,
     -0.0782817,       0.3369870,       0.2018400,
 -19000.0000000,  -37011.0000000,
     -0.1023659,       0.3362572,       0.2015157,
 -19000.0000000,  -36751.0000000,
     -0.1279096,       0.3545027,       0.2011913,
 -19000.0000000,  -36554.5000000,
     -0.1571025,       0.3435554,       0.2011913,
 -19000.0000000,  -36306.5000000,
     -0.1432359,       0.3472045,       0.2005426,
 -19000.0000000,  -36019.0000000,
     -0.1636709,       0.3997517,       0.2008669,
 -19000.0000000,  -35849.0000000,
     -0.1673200,       0.3610711,       0.2005426,
 -19000.0000000,  -35549.0000000,
     -0.1432359,       0.3420958,       0.2005426,
 -19000.0000000,  -35378.5000000,
     -0.1541832,       0.3515834,       0.2005426,
 -19000.0000000,  -35078.5000000,
     -0.1337482,       0.3647202,       0.2015157,
 -19000.0000000,  -34894.5000000,
     -0.1950533,       0.3676395,       0.2005426,
 -19000.0000000,  -34608.5000000,
     -0.1862954,       0.3676395,       0.2018400,
 -19000.0000000,  -34424.5000000,
     -0.1461552,       0.3289590,       0.2021644,
 -19000.0000000,  -34138.0000000,
     -0.1724288,       0.3610711,       0.2015157,
 -19000.0000000,  -33954.0000000,
     -0.1826463,       0.3523133,       0.2024888,
 -19000.0000000,  -33669.0000000,
     -0.1877550,       0.3326081,       0.2028131,
 -19000.0000000,  -33498.5000000,
     -0.2322742,       0.3355274,       0.2018400,
 -19000.0000000,  -33198.5000000,
     -0.2439513,       0.3581518,       0.2028131,
 -19000.0000000,  -33014.5000000,
     -0.2410320,       0.3399063,       0.2024888,
 -19000.0000000,  -32728.5000000,
     -0.2432215,       0.3333379,       0.2034619,
 -19000.0000000,  -32544.5000000,
     -0.2322742,       0.3749377,       0.2028131,
 -19000.0000000,  -32309.5000000,
     -0.2111093,       0.3472045,       0.2028131,
 -19000.0000000,  -32049.5000000,
     -0.2921196,       0.3683693,       0.2024888,
 -19000.0000000,  -31865.5000000,
     -0.2140286,       0.3150923,       0.2031375,
 -19000.0000000,  -31552.5000000,
     -0.1789972,       0.3420958,       0.2018400,
 -19000.0000000,  -31317.5000000,
     -0.2315444,       0.3508536,       0.2031375,
 -19000.0000000,  -31095.0000000,
     -0.2286251,       0.3771272,       0.2024888,
 -19000.0000000,  -30847.0000000,
     -0.2227865,       0.3369870,       0.2024888,
 -19000.0000000,  -30663.5000000,
     -0.2556285,       0.3690992,       0.2031375,
 -19000.0000000,  -30377.0000000,
     -0.2322742,       0.3420958,       0.2044350,
 -19000.0000000,  -30193.0000000,
     -0.2716846,       0.3231204,       0.2044350,
 -19000.0000000,  -29906.5000000,
     -0.2950389,       0.3099836,       0.2041106,
 -19000.0000000,  -29749.5000000,
     -0.2286251,       0.3479343,       0.2037862,
 -19000.0000000,  -29437.5000000,
     -0.2840915,       0.2866293,       0.2034619,
 -19000.0000000,  -29253.5000000,
     -0.2548987,       0.3552326,       0.2021644,
 -19000.0000000,  -28967.5000000,
     -0.2979582,       0.3588817,       0.2021644,
 -19000.0000000,  -28783.5000000,
     -0.2687653,       0.3647202,       0.2018400,
 -19000.0000000,  -28548.5000000,
     -0.2702249,       0.3588817,       0.2021644,
 -19000.0000000,  -28262.0000000,
     -0.2541688,       0.3435554,       0.2034619,
 -19000.0000000,  -28039.5000000,
     -0.2855512,       0.3187415,       0.2037862,
 -19000.0000000,  -27791.5000000,
     -0.2651162,       0.3282291,       0.2031375,
 -19000.0000000,  -27634.5000000,
     -0.2300847,       0.3180116,       0.2028131,
 -19000.0000000,  -27334.0000000,
     -0.2848214,       0.3333379,       0.2018400,
 -19000.0000000,  -27099.0000000,
     -0.2570881,       0.3143625,       0.2011913,
 -19000.0000000,  -26902.5000000,
     -0.2797126,       0.3559624,       0.2015157,
 -19000.0000000,  -26616.0000000,
     -0.3067160,       0.3223906,       0.2021644,
 -19000.0000000,  -26381.0000000,
     -0.2373829,       0.3077941,       0.1998938,
 -19000.0000000,  -26223.5000000,
     -0.3023371,       0.3099836,       0.2002182,
 -19000.0000000,  -25910.5000000,
     -0.3037967,       0.2742223,       0.1995695,
 -19000.0000000,  -25676.5000000,
     -0.2789828,       0.3085239,       0.1979476,
 -19000.0000000,  -25454.0000000,
     -0.3023371,       0.3180116,       0.1976233,
 -19000.0000000,  -25284.0000000,
     -0.2855512,       0.2975766,       0.1956771,
 -19000.0000000,  -24984.0000000,
     -0.2986880,       0.3143625,       0.1950284,
 -19000.0000000,  -24736.0000000,
     -0.3563439,       0.3311484,       0.1943796,
 -19000.0000000,  -24552.5000000,
     -0.2957687,       0.2888187,       0.1947040,
 -19000.0000000,  -24344.0000000,
     -0.3235019,       0.3056047,       0.1930822,
 -19000.0000000,  -24030.5000000,
     -0.3395580,       0.3238502,       0.1947040,
 -19000.0000000,  -23847.0000000,
     -0.3322598,       0.3289590,       0.1947040,
 -19000.0000000,  -23573.0000000,
     -0.3497755,       0.3129029,       0.1947040,
 -19000.0000000,  -23403.0000000,
     -0.3709404,       0.3559624,       0.1947040,
 -19000.0000000,  -23141.5000000,
     -0.3271510,       0.3092538,       0.1940553,
 -19000.0000000,  -22855.5000000,
     -0.3643720,       0.3165520,       0.1943796,
 -19000.0000000,  -22674.0000000,
     -0.3016073,       0.3187415,       0.1947040,
 -19000.0000000,  -22394.5000000,
     -0.3439369,       0.3296888,       0.1934065,
 -19000.0000000,  -22229.5000000,
     -0.3293405,       0.3158222,       0.1921091,
 -19000.0000000,  -21942.5000000,
     -0.3395580,       0.3121731,       0.1917847,
 -19000.0000000,  -21721.5000000,
     -0.3541545,       0.3274993,       0.1914603,
 -19000.0000000,  -21549.5000000,
     -0.3125546,       0.3355274,       0.1911360,
 -19000.0000000,  -21285.0000000,
     -0.3614527,       0.3479343,       0.1914603,
 -19000.0000000,  -21117.0000000,
     -0.3045266,       0.3340677,       0.1924334,
 -19000.0000000,  -20858.0000000,
     -0.3891859,       0.3369870,       0.1921091,
 -19000.0000000,  -20717.5000000,
     -0.3994034,       0.3639904,       0.1869192,
 -19000.0000000,  -20441.5000000,
     -0.4147297,       0.3391765,       0.1953527,
 -19000.0000000,  -20237.0000000,
     -0.4504910,       0.3311484,       0.1966502,
 -19000.0000000,  -20079.0000000,
     -0.4847926,       0.3406361,       0.1963258,
 -19000.0000000,  -19835.5000000,
     -0.4198384,       0.3676395,       0.1966502,
 -19000.0000000,  -19681.5000000,
     -0.4358945,       0.3486642,       0.1966502,
 -19000.0000000,  -19445.0000000,
     -0.4176490,       0.3326081,       0.1976233,
 -19000.0000000,  -19294.5000000,
     -0.4439226,       0.3012257,       0.1976233,
 -19000.0000000,  -19064.0000000,
     -0.4483015,       0.3493940,       0.1985964,
 -19000.0000000,  -18917.5000000,
     -0.4497611,       0.3231204,       0.1943796,
 -19000.0000000,  -18733.0000000,
     -0.4132700,       0.3238502,       0.1982720,
 -19000.0000000,  -18511.5000000,
     -0.4490313,       0.3180116,       0.1992451,
 -19000.0000000,  -18372.0000000,
     -0.4461120,       0.2939275,       0.1995695,
 -19000.0000000,  -18194.5000000,
     -0.4497611,       0.3369870,       0.1998938,
 -19000.0000000,  -17981.5000000,
     -0.5096065,       0.3690992,       0.2024888,
 -19000.0000000,  -17847.0000000,
     -0.4811435,       0.4034008,       0.2080030,
 -19000.0000000,  -17640.5000000,
     -0.5643432,       0.4398919,       0.2148146,
 -19000.0000000,  -17509.5000000,
     -0.5694519,       0.5136039,       0.2255187,
 -19000.0000000,  -17309.0000000,
     -0.5658028,       0.5245513,       0.2362228,
 -19000.0000000,  -17182.5000000,
     -0.5774800,       0.5070355,       0.2482243,
 -19000.0000000,  -16988.0000000,
     -0.5205539,       0.4917093,       0.2611989,
 -19000.0000000,  -16865.0000000,
     -0.4621681,       0.4501094,       0.2663887,
 -19000.0000000,  -16710.0000000,
     -0.4475717,       0.3785869,       0.2728760,
 -19000.0000000,  -16525.0000000,
     -0.3680211,       0.3165520,       0.2793633,
 -19000.0000000,  -16416.5000000,
     -0.3322598,       0.3063345,       0.2751466,
 -19000.0000000,  -16229.0000000,
     -0.2964985,       0.2713030,       0.2680106,
 -19000.0000000,  -16085.0000000,
     -0.2417619,       0.2501382,       0.2618476,
 -19000.0000000,  -15973.5000000,
     -0.2548987,       0.2333523,       0.2524410,
 -19000.0000000,  -15804.0000000,
     -0.2125690,       0.2421101,       0.2453050,
 -19000.0000000,  -15697.5000000,
     -0.2074602,       0.2953871,       0.2368715,
 -19000.0000000,  -15533.5000000,
     -0.2300847,       0.3172818,       0.2326547,
 -19000.0000000,  -15402.0000000,
     -0.2154883,       0.3216607,       0.2303842,
 -19000.0000000,  -15307.5000000,
     -0.2125690,       0.3712886,       0.2313573,
 -19000.0000000,  -15146.0000000,
     -0.2169479,       0.4041306,       0.2352497,
 -19000.0000000,  -15048.5000000,
     -0.1921340,       0.4486498,       0.2394664,
 -19000.0000000,  -14906.5000000,
     -0.2052708,       0.4450007,       0.2443319,
 -19000.0000000,  -14806.5000000,
     -0.2008918,       0.4384323,       0.2495217,
 -19000.0000000,  -14689.5000000,
     -0.1483446,       0.4435410,       0.2576309,
 -19000.0000000,  -14563.0000000,
     -0.2052708,       0.3902640,       0.2621720,
 -19000.0000000,  -14462.5000000,
     -0.2191374,       0.3785869,       0.2647669,
 -19000.0000000,  -14341.5000000,
     -0.1461552,       0.3515834,       0.2660644,
 -19000.0000000,  -14234.5000000,
     -0.2154883,       0.3238502,       0.2621720,
 -19000.0000000,  -14140.5000000,
     -0.2154883,       0.3194713,       0.2599014,
 -19000.0000000,  -14016.5000000,
     -0.1892147,       0.3092538,       0.2582796,
 -19000.0000000,  -13944.0000000,
     -0.1950533,       0.2953871,       0.2547116,
 -19000.0000000,  -13831.0000000,
     -0.1556429,       0.2888187,       0.2543872,
 -19000.0000000,  -13726.5000000,
     -0.1687797,       0.3165520,       0.2524410,
 -19000.0000000,  -13654.5000000,
     -0.1563727,       0.2990363,       0.2495217,
 -19000.0000000,  -13555.5000000,
     -0.1439657,       0.3253098,       0.2478999,
 -19000.0000000,  -13468.5000000,
     -0.1162325,       0.2968468,       0.2459537,
 -19000.0000000,  -13347.5000000,
     -0.1264500,       0.2734925,       0.2423857,
 -19000.0000000,  -13324.5000000,
     -0.1315587,       0.2778714,       0.2401151,
 -19000.0000000,  -13235.0000000,
     -0.1395868,       0.2844398,       0.2362228,
 -19000.0000000,  -13141.5000000,
     -0.1249903,       0.2698434,       0.2310329,
 -19000.0000000,  -13079.0000000,
     -0.1235307,       0.2377312,       0.2284380,
 -19000.0000000,  -12999.5000000,
     -0.1600218,       0.2092681,       0.2235725,
 -19000.0000000,  -12937.0000000,
     -0.1716989,       0.2421101,       0.2183827,
 -19000.0000000,  -12859.0000000,
     -0.1264500,       0.2523276,       0.2144903,
 -19000.0000000,  -12805.5000000,
     -0.1665902,       0.2340821,       0.2096248,
 -19000.0000000,  -12743.0000000,
     -0.2030813,       0.2406505,       0.2057324,
 -19000.0000000,  -12674.0000000,
     -0.2184076,       0.2939275,       0.2031375,
 -19000.0000000,  -12626.0000000,
     -0.2125690,       0.2698434,       0.2005426,
 -19000.0000000,  -12563.0000000,
     -0.1665902,       0.3223906,       0.1985964,
 -19000.0000000,  -12514.0000000,
     -0.2205970,       0.3231204,       0.1976233,
 -19000.0000000,  -12465.0000000,
     -0.2702249,       0.3034152,       0.1966502,
 -19000.0000000,  -12423.0000000,
     -0.2789828,       0.3172818,       0.1960015,
 -19000.0000000,  -12373.5000000,
     -0.3162037,       0.3479343,       0.1953527,
 -19000.0000000,  -12331.5000000,
     -0.2986880,       0.3647202,       0.1947040,
 -19000.0000000,  -12290.0000000,
     -0.2884705,       0.3793167,       0.1950284,
 -19000.0000000,  -12259.0000000,
     -0.3220423,       0.3683693,       0.1953527,
 -19000.0000000,  -12220.5000000,
     -0.3526948,       0.3917237,       0.1950284,
 -19000.0000000,  -12192.0000000,
     -0.3563439,       0.3968324,       0.1953527,
 -19000.0000000,  -12158.0000000,
     -0.3621825,       0.3909938,       0.1956771,
 -19000.0000000,  -12136.5000000,
     -0.3884561,       0.3880745,       0.1963258,
 -19000.0000000,  -12106.5000000,
     -0.3716702,       0.4216464,       0.1976233,
 -19000.0000000,  -12089.5000000,
     -0.4410033,       0.4231060,       0.1969746,
 -19000.0000000,  -12067.5000000,
     -0.4402735,       0.4530287,       0.1979476,
 -19000.0000000,  -12052.5000000,
     -0.4278665,       0.4041306,       0.1995695,
 -19000.0000000,  -12034.5000000,
     -0.4716558,       0.3946429,       0.1995695,
 -19000.0000000,  -12025.0000000,
     -0.4767646,       0.4617866,       0.1995695,
 -19000.0000000,  -12013.5000000,
     -0.4497611,       0.4128885,       0.1998938,
 -19000.0000000,  -12008.0000000,
     -0.4658172,       0.4034008,       0.1995695,
 -19000.0000000,  -12003.0000000,
     -0.4621681,       0.4209165,       0.2005426,
 -19000.0000000,  -12000.5000000,
     -0.5110662,       0.3793167,       0.1995695,
 -19000.0000000,  -12000.5000000,
     -0.4585190,       0.4508392,       0.2008669,
 -19000.0000000,  -12000.5000000,
     -0.4351647,       0.4194569,       0.2005426,
 -19000.0000000,  -12000.5000000,
     -0.4577892,       0.4092394,       0.2002182,
 -19000.0000000,  -12000.5000000,
     -0.4694663,       0.4026710,       0.2005426,
 -19000.0000000,  -12000.5000000,
     -0.4548699,       0.4136183,       0.1995695,
 -19000.0000000,  -12000.5000000,
     -0.4628979,       0.4340533,       0.2005426,
 -19000.0000000,  -12000.5000000,
     -0.4461120,       0.4114288,       0.2005426,
 -19000.0000000,  -12000.5000000,
     -0.4789540,       0.3961026,       0.2002182,
 -19000.0000000,  -12000.5000000,
     -0.4563295,       0.4165376,       0.2005426,
 -19000.0000000,  -12000.5000000,
     -0.4665470,       0.3917237,       0.2002182,
 -19000.0000000,  -12000.0000000,
     -0.4548699,       0.4194569,       0.2005426,
 -19000.0000000,  -12000.0000000,
     -0.4125402,       0.3844254,       0.2002182,
 -19000.0000000,  -12000.0000000,
     -0.4891715,       0.4369726,       0.2002182,
 -19000.0000000,  -12000.0000000,
     -0.4483015,       0.3953728,       0.2002182,
 -19000.0000000,  -12000.0000000,
     -0.4468418,       0.3851553,       0.2008669,
 -19000.0000000,  -12000.0000000,
     -0.4300559,       0.4187271,       0.1998938,
 -19000.0000000,  -12000.0000000,
     -0.4716558,       0.4114288,       0.2008669,
 -19000.0000000,  -12000.0000000,
     -0.4497611,       0.4362428,       0.2008669,
 -19000.0000000,  -12000.0000000,
     -0.4512208,       0.4304042,       0.1998938,
 -19000.0000000,  -12000.0000000,
     -0.4548699,       0.3961026,       0.2002182,
 -19000.0000000,  -12000.0000000,
     -0.4767646,       0.4274849,       0.2005426,
 -19000.0000000,  -12000.0000000,
     -0.4855224,       0.4216464,       0.2002182,
 -19000.0000000,  -12000.0000000,
     -0.4088911,       0.4150780,       0.2005426,
 -19000.0000000,  -12000.0000000,
     -0.4607085,       0.4128885,       0.2002182,
 -19000.0000000,  -12000.0000000,
     -0.4650874,       0.4223762,       0.2005426,
 -19000.0000000,  -12000.0000000,
     -0.4643576,       0.4143481,       0.2005426,
 -19000.0000000,  -12000.0000000,
     -0.4285963,       0.4143481,       0.2002182,
 -19000.0000000,  -12000.0000000,
     -0.4512208,       0.3858851,       0.2002182,
 -19000.0000000,  -12000.0000000,
     -0.4709260,       0.4209165,       0.2002182,
 -19000.0000000,  -12000.0000000,
     -0.4628979,       0.4048604,       0.2005426,
 -19000.0000000,  -12000.0000000,
     -0.4548699,       0.3807763,       0.2002182,
 -19000.0000000,  -12000.0000000,
     -0.4665470,       0.4055903,       0.2008669,
 -19000.0000000,  -12000.0000000,
     -0.4315156,       0.4106990,       0.2005426,
 -19000.0000000,  -12000.0000000,
     -0.4665470,       0.4216464,       0.2005426,
 -19000.0000000,  -12000.0000000,
     -0.4453822,       0.4077797,       0.2002182,
 -19000.0000000,  -12000.0000000,
     -0.4366243,       0.4530287,       0.1998938,
 -19000.0000000,  -12000.0000000,
     -0.4555997,       0.4318639,       0.2008669,
 -19000.0000000,  -12000.0000000,
     -0.4855224,       0.3982921,       0.2002182,
 -19000.0000000,  -12000.0000000,
     -0.4869821,       0.4165376,       0.1998938,
 -19000.0000000,  -12000.0000000,
     -0.4212981,       0.4150780,       0.2005426,
 -19000.0000000,  -12000.0000000,
     -0.4701962,       0.4150780,       0.2008669,
 -19000.0000000,  -12000.0000000,
     -0.4475717,       0.4216464,       0.2008669,
 -19000.0000000,  -12000.0000000,
     -0.4541401,       0.3909938,       0.1998938,
 -19000.0000000,  -12000.0000000,
     -0.4585190,       0.4077797,       0.2002182,
 -19000.0000000,  -12000.0000000,
     -0.4526804,       0.3829658,       0.2002182,
 -19000.0000000,  -12000.0000000,
     -0.4293261,       0.3990219,       0.2008669,
 -19000.0000000,  -12000.0000000,
     -0.4577892,       0.4333235,       0.2005426,
 -19000.0000000,  -12000.0000000,
     -0.4271367,       0.4012113,       0.2005426,
 -19000.0000000,  -12000.0000000,
     -0.4716558,       0.4333235,       0.2002182,
 -19000.0000000,  -12000.0000000,
     -0.4380840,       0.4377024,       0.2002182,
 -19000.0000000,  -12000.0000000,
     -0.4439226,       0.4114288,       0.2005426,
 -19000.0000000,  -12000.0000000,
     -0.4497611,       0.4048604,       0.2005426,
 -19000.0000000,  -12000.0000000,
     -0.4855224,       0.4128885,       0.2005426,
 -19000.0000000,  -12000.0000000,
     -0.4774944,       0.4347832,       0.2005426,
 -19000.0000000,  -12000.0000000,
     -0.4278665,       0.4085096,       0.2002182,
 -19000.0000000,  -12000.0000000,
     -0.4607085,       0.4201867,       0.2005426,
 -19000.0000000,  -12000.0000000,
     -0.4388138,       0.3946429,       0.2005426,
 -19000.0000000,  -12000.0000000,
     -0.4701962,       0.3888044,       0.2002182,
 -19000.0000000,  -12000.0000000,
     -0.4519506,       0.4333235,       0.2002182,
 -19000.0000000,  -12000.0000000,
     -0.4358945,       0.4004815,       0.2005426,
 -19000.0000000,  -12000.0000000,
     -0.4607085,       0.4282148,       0.2005426,
 -19000.0000000,  -12000.0000000,
     -0.4913610,       0.4099692,       0.2005426,
 -19000.0000000,  -12000.0000000,
     -0.4220279,       0.4041306,       0.2008669,
 -19000.0000000,  -12000.0000000,
     -0.4643576,       0.4077797,       0.2005426,
 -19000.0000000,  -12000.0000000,
     -0.4227577,       0.4311340,       0.2011913,
 -19000.0000000,  -12000.0000000,
     -0.4621681,       0.4209165,       0.2005426,
 -19000.0000000,  -12000.0000000,
     -0.4271367,       0.3968324,       0.2005426,
 -19000.0000000,  -12000.0000000,
     -0.4431927,       0.4034008,       0.2005426,
 -19000.0000000,  -12000.0000000,
     -0.4723856,       0.4019412,       0.2005426,
 -19000.0000000,  -12000.0000000,
     -0.4577892,       0.4165376,       0.2002182,
 -19000.0000000,  -12000.0000000,
     -0.4475717,       0.4026710,       0.2002182,
 -19000.0000000,  -12000.0000000,
     -0.4417331,       0.3734781,       0.2005426,
 -19000.0000000,  -12000.0000000,
     -0.4490313,       0.4325937,       0.2005426,
 -19000.0000000,  -12000.0000000,
     -0.4227577,       0.4034008,       0.2002182,
 -19000.0000000,  -12000.0000000,
     -0.4088911,       0.3909938,       0.2005426,
 -19000.0000000,  -12000.0000000,
     -0.4300559,       0.4041306,       0.2005426,
 -19000.0000000,  -12000.0000000,
     -0.4548699,       0.4362428,       0.2005426,
 -19000.0000000,  -12000.0000000,
     -0.4709260,       0.3990219,       0.2008669,
 -19000.0000000,  -12000.0000000,
     -0.4526804,       0.4347832,       0.2005426,
 -19000.0000000,  -12000.0000000,
     -0.4658172,       0.4296744,       0.2002182,
 -19000.0000000,  -12000.0000000,
     -0.4227577,       0.4106990,       0.2008669,
 -19000.0000000,  -12000.0000000,
     -0.4555997,       0.3902640,       0.2005426,
 -19000.0000000,  -12000.0000000,
     -0.4789540,       0.4055903,       0.2008669,
 -19000.0000000,  -12000.0000000,
     -0.4745751,       0.4420814,       0.2002182,
 -19000.0000000,  -12000.0000000,
     -0.4234875,       0.4544883,       0.2008669,
 -19000.0000000,  -12000.0000000,
     -0.4497611,       0.4282148,       0.2002182,
 -19000.0000000,  -12000.0000000,
     -0.4475717,       0.4296744,       0.2005426,
 -19000.0000000,  -12000.0000000,
     -0.4344349,       0.4216464,       0.2005426,
 -19000.0000000,  -12000.0000000,
     -0.4745751,       0.3749377,       0.2002182,
 -19000.0000000,  -12000.0000000,
     -0.4358945,       0.4318639,       0.2005426,
 -19000.0000000,  -12000.0000000,
     -0.4504910,       0.4194569,       0.2008669,
 -19000.0000000,  -12000.0000000,
