     -0.8562720,       0.7902065,       0.1934065,
  -5000.0000000, -118000.0000000,
     -0.9022508,       0.7792592,       0.1937309,
  -5000.0000000, -118000.0000000,
     -0.9168472,       0.7916661,       0.1940553,
  -5000.0000000, -118000.0000000,
     -0.9073595,       0.7741504,       0.1937309,
  -5000.0000000, -117998.5000000,
     -0.9000613,       0.7668522,       0.1927578,
  -5000.0000000, -117994.5000000,
     -0.8942227,       0.7471470,       0.1940553,
  -5000.0000000, -117990.0000000,
     -0.8934929,       0.7493364,       0.1937309,
  -5000.0000000, -117981.0000000,
     -0.8927631,       0.7756100,       0.1940553,
  -5000.0000000, -117965.5000000,
     -0.8869245,       0.7544452,       0.1937309,
  -5000.0000000, -117954.5000000,
     -0.9139279,       0.7872872,       0.1940553,
  -5000.0000000, -117934.0000000,
     -0.9000613,       0.7829083,       0.1940553,
  -5000.0000000, -117921.5000000,
     -0.8927631,       0.8048029,       0.1943796,
  -5000.0000000, -117892.5000000,
     -0.8672193,       0.7975047,       0.1943796,
  -5000.0000000, -117873.5000000,
     -0.9073595,       0.7953152,       0.1934065,
  -5000.0000000, -117837.5000000,
     -0.8949526,       0.8062626,       0.1940553,
  -5000.0000000, -117818.5000000,
     -0.8774368,       0.7522557,       0.1950284,
  -5000.0000000, -117779.0000000,
     -0.8686790,       0.7894767,       0.1934065,
  -5000.0000000, -117752.5000000,
     -0.9088192,       0.7792592,       0.1930822,
  -5000.0000000, -117709.5000000,
     -0.9146578,       0.7975047,       0.1937309,
  -5000.0000000, -117668.0000000,
     -0.8971420,       0.7748802,       0.1930822,
  -5000.0000000, -117640.0000000,
     -0.9161174,       0.7858275,       0.1943796,
  -5000.0000000, -117581.5000000,
     -0.8694088,       0.7814486,       0.1937309,
  -5000.0000000, -117534.5000000,
     -0.8883842,       0.8026135,       0.1943796,
  -5000.0000000, -117495.5000000,
     -0.9263349,       0.7989643,       0.1930822,
  -5000.0000000, -117450.5000000,
     -0.9153876,       0.7741504,       0.1924334,
  -5000.0000000, -117378.0000000,
     -0.8606509,       0.7996942,       0.1940553,
  -5000.0000000, -117340.0000000,
     -0.8774368,       0.7894767,       0.1940553,
  -5000.0000000, -117281.5000000,
     -0.8723281,       0.8237783,       0.1927578,
  -5000.0000000, -117199.5000000,
     -0.8818158,       0.8084520,       0.1927578,
  -5000.0000000, -117156.5000000,
     -0.9007911,       0.8347256,       0.1930822,
  -5000.0000000, -117068.0000000,
     -0.8781667,       0.7960451,       0.1934065,
  -5000.0000000, -117021.5000000,
     -0.8664895,       0.8259678,       0.1937309,
  -5000.0000000, -116918.0000000,
     -0.8825456,       0.8142906,       0.1927578,
  -5000.0000000, -116847.5000000,
     -0.8650299,       0.8266976,       0.1934065,
  -5000.0000000, -116791.5000000,
     -0.9095490,       0.8303467,       0.1934065,
  -5000.0000000, -116712.5000000,
     -0.8913035,       0.8493221,       0.1930822,
  -5000.0000000, -116622.5000000,
     -0.8920333,       0.8376449,       0.1917847,
  -5000.0000000, -116547.0000000,
     -0.8978719,       0.8150204,       0.1846487,
  -5000.0000000, -116441.5000000,
     -0.8774368,       0.7982345,       0.1830268,
  -5000.0000000, -116351.5000000,
     -0.8650299,       0.8398344,       0.1911360,
  -5000.0000000, -116259.5000000,
     -0.8752474,       0.8537010,       0.1927578,
  -5000.0000000, -116185.5000000,
     -0.8657597,       0.8551606,       0.1917847,
  -5000.0000000, -116067.5000000,
     -0.8548124,       0.8595396,       0.1921091,
  -5000.0000000, -115968.0000000,
     -0.8993315,       0.8777851,       0.1921091,
  -5000.0000000, -115889.0000000,
     -0.8840052,       0.8967605,       0.1911360,
  -5000.0000000, -115791.0000000,
     -0.9044403,       0.8996798,       0.1924334,
  -5000.0000000, -115666.5000000,
     -0.9124683,       0.8967605,       0.1924334,
  -5000.0000000, -115569.0000000,
     -0.8986017,       0.9390902,       0.1924334,
  -5000.0000000, -115432.5000000,
     -0.8876543,       0.9303323,       0.1927578,
  -5000.0000000, -115343.5000000,
     -0.8511632,       0.9420095,       0.1927578,
  -5000.0000000, -115201.0000000,
     -0.8657597,       0.9536866,       0.1917847,
  -5000.0000000, -115107.5000000,
     -0.8482440,       0.9587954,       0.1930822,
  -5000.0000000, -114959.0000000,
     -0.8657597,       0.9587954,       0.1917847,
  -5000.0000000, -114862.0000000,
     -0.8788965,       0.9405498,       0.1908116,
  -5000.0000000, -114707.5000000,
     -0.8431352,       0.9631743,       0.1921091,
  -5000.0000000, -114614.0000000,
     -0.8832754,       0.9697427,       0.1921091,
  -5000.0000000, -114475.0000000,
     -0.8475141,       1.0062338,       0.1921091,
  -5000.0000000, -114341.0000000,
     -0.8920333,       1.0142618,       0.1924334,
  -5000.0000000, -114174.0000000,
     -0.8511632,       0.9529568,       0.1911360,
  -5000.0000000, -114065.0000000,
     -0.8489738,       1.0003952,       0.1924334,
  -5000.0000000, -113923.5000000,
     -0.8715983,       0.9989356,       0.1927578,
  -5000.0000000, -113748.0000000,
     -0.8701386,       1.0128022,       0.1934065,
  -5000.0000000, -113633.0000000,
     -0.8752474,       1.0383460,       0.1937309,
  -5000.0000000, -113451.5000000,
     -0.8869245,       1.0573213,       0.1943796,
  -5000.0000000, -113332.5000000,
     -0.8978719,       1.0193706,       0.1930822,
  -5000.0000000, -113144.5000000,
     -0.8672193,       1.0456442,       0.1950284,
  -5000.0000000, -113022.0000000,
     -0.8986017,       1.0463740,       0.1956771,
  -5000.0000000, -112828.0000000,
     -0.9037104,       1.0368863,       0.1950284,
  -5000.0000000, -112701.5000000,
     -0.8460545,       1.0522126,       0.1937309,
  -5000.0000000, -112502.0000000,
     -0.9161174,       1.0689985,       0.1950284,
  -5000.0000000, -112371.5000000,
     -0.8832754,       1.0828651,       0.1956771,
  -5000.0000000, -112165.0000000,
     -0.9000613,       1.0456442,       0.1966502,
  -5000.0000000, -112030.5000000,
     -0.8854649,       1.0368863,       0.1953527,
  -5000.0000000, -111818.0000000,
     -0.9051701,       1.0923528,       0.1960015,
  -5000.0000000, -111680.0000000,
     -0.9044403,       1.0346969,       0.1956771,
  -5000.0000000, -111501.0000000,
     -0.8847351,       1.0624301,       0.1966502,
  -5000.0000000, -111300.0000000,
     -0.8993315,       1.0434547,       0.1963258,
  -5000.0000000, -111135.0000000,
     -0.8679492,       1.0149917,       0.1960015,
  -5000.0000000, -110908.0000000,
     -0.8730579,       1.0376162,       0.1956771,
  -5000.0000000, -110759.5000000,
     -0.8913035,       1.0222899,       0.1950284,
  -5000.0000000, -110526.0000000,
     -0.8978719,       0.9872584,       0.1947040,
  -5000.0000000, -110374.0000000,
     -0.8891140,       0.9916374,       0.1940553,
  -5000.0000000, -110177.0000000,
     -0.8774368,       1.0514828,       0.1943796,
  -5000.0000000, -109934.0000000,
     -0.8664895,       1.0076934,       0.1934065,
  -5000.0000000, -109743.0000000,
     -0.8913035,       1.0252092,       0.1937309,
  -5000.0000000, -109527.0000000,
     -0.8796263,       0.9551463,       0.1934065,
  -5000.0000000, -109343.5000000,
     -0.8453247,       0.9901777,       0.1940553,
  -5000.0000000, -109157.0000000,
     -0.8810859,       0.9879883,       0.1930822,
  -5000.0000000, -108899.0000000,
     -0.8869245,       0.9916374,       0.1940553,
  -5000.0000000, -108732.0000000,
     -0.8737877,       0.9748515,       0.1943796,
  -5000.0000000, -108468.0000000,
     -0.9073595,       0.9390902,       0.1917847,
  -5000.0000000, -108297.0000000,
     -0.8124827,       0.9354411,       0.1930822,
  -5000.0000000, -108039.0000000,
     -0.8745175,       0.9274130,       0.1934065,
  -5000.0000000, -107864.5000000,
     -0.8796263,       0.9449288,       0.1927578,
  -5000.0000000, -107575.0000000,
     -0.8628404,       0.9288727,       0.1921091,
  -5000.0000000, -107397.0000000,
     -0.8570018,       0.9763111,       0.1917847,
  -5000.0000000, -107127.5000000,
     -0.8723281,       0.9244937,       0.1917847,
  -5000.0000000, -106893.0000000,
     -0.8263493,       0.9091675,       0.1911360,
  -5000.0000000, -106645.0000000,
     -0.8453247,       0.8989500,       0.1895141,
  -5000.0000000, -106461.0000000,
     -0.8380264,       0.8953009,       0.1875680,
  -5000.0000000, -106187.5000000,
     -0.8562720,       0.8792448,       0.1885411,
  -5000.0000000, -105939.5000000,
     -0.8015353,       0.9135464,       0.1878923,
  -5000.0000000, -105755.5000000,
     -0.8343773,       0.9427393,       0.1885411,
  -5000.0000000, -105469.0000000,
     -0.8570018,       0.9208446,       0.1888654,
  -5000.0000000, -105312.0000000,
     -0.8307282,       0.9339814,       0.1891898,
  -5000.0000000, -104999.0000000,
     -0.8694088,       0.9303323,       0.1901629,
  -5000.0000000, -104841.5000000,
     -0.8489738,       0.9055184,       0.1914603,
  -5000.0000000, -104529.0000000,
     -0.8460545,       0.9142762,       0.1911360,
  -5000.0000000, -104345.0000000,
     -0.8745175,       0.9113569,       0.1911360,
  -5000.0000000, -104058.5000000,
     -0.8307282,       0.9113569,       0.1921091,
  -5000.0000000, -103874.5000000,
     -0.8241598,       0.8551606,       0.1908116,
  -5000.0000000, -103588.0000000,
     -0.8263493,       0.8434835,       0.1911360,
  -5000.0000000, -103405.5000000,
     -0.8416756,       0.8777851,       0.1908116,
  -5000.0000000, -103197.0000000,
     -0.8635702,       0.8792448,       0.1908116,
  -5000.0000000, -102897.0000000,
     -0.8438650,       0.8726764,       0.1921091,
  -5000.0000000, -102649.0000000,
     -0.8701386,       0.8646483,       0.1908116,
  -5000.0000000, -102426.5000000,
     -0.8102932,       0.8230485,       0.1901629,
  -5000.0000000, -102230.0000000,
     -0.8037248,       0.8398344,       0.1908116,
  -5000.0000000, -101994.5000000,
     -0.8095634,       0.8631887,       0.1908116,
  -5000.0000000, -101708.0000000,
     -0.8227002,       0.8281572,       0.1908116,
  -5000.0000000, -101524.0000000,
     -0.8227002,       0.8215888,       0.1911360,
  -5000.0000000, -101238.0000000,
     -0.8227002,       0.8033433,       0.1898385,
  -5000.0000000, -101003.0000000,
     -0.8482440,       0.8369151,       0.1895141,
  -5000.0000000, -100819.0000000,
     -0.7986161,       0.8179397,       0.1914603,
  -5000.0000000, -100584.0000000,
     -0.8088336,       0.7938556,       0.1908116,
  -5000.0000000, -100297.5000000,
     -0.8175914,       0.8040731,       0.1911360,
  -5000.0000000, -100113.5000000,
     -0.8197809,       0.8259678,       0.1921091,
  -5000.0000000,  -99827.0000000,
     -0.8154020,       0.8172099,       0.1901629,
  -5000.0000000,  -99669.5000000,
     -0.8088336,       0.8186695,       0.1917847,
  -5000.0000000,  -99358.0000000,
     -0.8161318,       0.8172099,       0.1924334,
  -5000.0000000,  -99174.0000000,
     -0.7869389,       0.8376449,       0.1917847,
  -5000.0000000,  -98887.5000000,
     -0.7847494,       0.8237783,       0.1914603,
  -5000.0000000,  -98704.0000000,
     -0.7891284,       0.8128310,       0.1917847,
  -5000.0000000,  -98417.5000000,
     -0.7869389,       0.8325362,       0.1914603,
  -5000.0000000,  -98234.0000000,
     -0.8190511,       0.8507817,       0.1921091,
  -5000.0000000,  -97998.5000000,
     -0.7767214,       0.8449431,       0.1930822,
  -5000.0000000,  -97725.0000000,
     -0.8431352,       0.8595396,       0.1924334,
  -5000.0000000,  -97503.5000000,
     -0.7935073,       0.8405642,       0.1927578,
  -5000.0000000,  -97293.0000000,
     -0.7730723,       0.8157503,       0.1940553,
  -5000.0000000,  -97006.5000000,
     -0.8263493,       0.8704869,       0.1937309,
  -5000.0000000,  -96823.0000000,
     -0.7723425,       0.8500519,       0.1930822,
  -5000.0000000,  -96536.5000000,
     -0.7752618,       0.8588098,       0.1934065,
  -5000.0000000,  -96353.0000000,
     -0.8205107,       0.8821641,       0.1930822,
  -5000.0000000,  -96093.0000000,
     -0.7511776,       0.8836237,       0.1934065,
  -5000.0000000,  -95831.0000000,
     -0.8000757,       0.9230341,       0.1924334,
  -5000.0000000,  -95660.0000000,
     -0.7701530,       0.8865430,       0.1891898,
  -5000.0000000,  -95438.5000000,
     -0.7701530,       0.8909219,       0.1921091,
  -5000.0000000,  -95127.0000000,
     -0.7657741,       0.9237639,       0.1914603,
  -5000.0000000,  -94943.0000000,
     -0.7438794,       0.9106271,       0.1917847,
  -5000.0000000,  -94708.0000000,
     -0.7285531,       0.9201148,       0.1921091,
  -5000.0000000,  -94473.0000000,
     -0.7949669,       0.9843391,       0.1917847,
  -5000.0000000,  -94237.5000000,
     -0.7781810,       0.9989356,       0.1917847,
  -5000.0000000,  -93951.0000000,
     -0.7424198,       0.9558761,       0.1927578,
  -5000.0000000,  -93794.0000000,
     -0.8095634,       1.0135320,       0.1917847,
  -5000.0000000,  -93507.5000000,
     -0.7665039,       0.9938268,       0.1921091,
  -5000.0000000,  -93245.5000000,
     -0.7752618,       0.9777707,       0.1934065,
  -5000.0000000,  -93061.5000000,
     -0.7628548,       0.9945567,       0.1937309,
  -5000.0000000,  -92840.5000000,
     -0.7533671,       0.9989356,       0.1953527,
  -5000.0000000,  -92540.5000000,
     -0.7818302,       1.0237495,       0.1960015,
  -5000.0000000,  -92356.5000000,
     -0.7818302,       1.0003952,       0.1956771,
  -5000.0000000,  -92070.0000000,
     -0.7956968,       1.0215601,       0.1966502,
  -5000.0000000,  -91835.0000000,
     -0.7694232,       1.0003952,       0.1969746,
  -5000.0000000,  -91677.5000000,
     -0.7402303,       1.0332372,       0.1969746,
  -5000.0000000,  -91378.5000000,
     -0.7730723,       1.0062338,       0.1982720,
  -5000.0000000,  -91143.5000000,
     -0.8102932,       1.0288583,       0.1982720,
  -5000.0000000,  -90946.5000000,
     -0.8139423,       1.0062338,       0.1976233,
  -5000.0000000,  -90738.5000000,
     -0.7672337,       1.0471038,       0.1998938,
  -5000.0000000,  -90503.5000000,
     -0.8701386,       0.9558761,       0.1985964,
  -5000.0000000,  -90190.5000000,
     -0.8234300,       0.9836093,       0.1995695,
  -5000.0000000,  -90019.0000000,
     -0.8000757,       1.0164513,       0.1995695,
  -5000.0000000,  -89720.0000000,
     -0.8037248,       0.9668234,       0.1992451,
  -5000.0000000,  -89511.0000000,
     -0.7927775,       0.9712023,       0.2008669,
  -5000.0000000,  -89262.5000000,
     -0.7862091,       0.9814199,       0.2018400,
  -5000.0000000,  -89065.5000000,
     -0.7708828,       0.9777707,       0.2008669,
  -5000.0000000,  -88857.0000000,
     -0.8095634,       0.9690129,       0.2021644,
  -5000.0000000,  -88571.0000000,
     -0.7716126,       0.9639041,       0.2028131,
  -5000.0000000,  -88322.0000000,
     -0.8248897,       0.9719322,       0.2021644,
  -5000.0000000,  -88138.0000000,
     -0.7694232,       0.9748515,       0.2031375,
  -5000.0000000,  -87890.0000000,
     -0.8073739,       0.9704725,       0.2041106,
  -5000.0000000,  -87630.0000000,
     -0.7643144,       0.9398200,       0.2041106,
  -5000.0000000,  -87433.0000000,
     -0.7482583,       0.9836093,       0.2054080,
  -5000.0000000,  -87211.5000000,
     -0.7679635,       0.9639041,       0.2041106,
  -5000.0000000,  -86925.5000000,
     -0.7825600,       0.9208446,       0.2024888,
  -5000.0000000,  -86715.0000000,
     -0.7745319,       0.9274130,       0.2034619,
  -5000.0000000,  -86455.5000000,
     -0.7986161,       0.9558761,       0.2034619,
  -5000.0000000,  -86220.0000000,
     -0.8066441,       0.9690129,       0.2024888,
  -5000.0000000,  -85971.0000000,
     -0.7738021,       0.9493077,       0.2041106,
  -5000.0000000,  -85801.0000000,
     -0.8146721,       0.9587954,       0.2034619,
  -5000.0000000,  -85539.0000000,
     -0.8263493,       0.9390902,       0.2050837,
  -5000.0000000,  -85279.5000000,
     -0.7789109,       0.9325218,       0.2067055,
  -5000.0000000,  -85069.0000000,
     -0.8197809,       0.9325218,       0.2054080,
  -5000.0000000,  -84809.0000000,
     -0.7759916,       0.9201148,       0.2067055,
  -5000.0000000,  -84560.5000000,
     -0.7913178,       0.9434691,       0.2073542,
  -5000.0000000,  -84376.5000000,
     -0.8037248,       0.9332516,       0.2063811,
  -5000.0000000,  -84103.5000000,
     -0.7584758,       0.9339814,       0.2080030,
  -5000.0000000,  -83868.5000000,
     -0.7613951,       0.9595252,       0.2083273,
  -5000.0000000,  -83684.5000000,
     -0.8292686,       0.9091675,       0.2070299,
  -5000.0000000,  -83398.0000000,
     -0.7467987,       0.9274130,       0.2086517,
  -5000.0000000,  -83215.5000000,
     -0.8029950,       0.9047885,       0.2080030,
  -5000.0000000,  -82929.0000000,
     -0.7964266,       0.9420095,       0.2076786,
  -5000.0000000,  -82745.5000000,
     -0.7672337,       0.9164657,       0.2093004,
  -5000.0000000,  -82459.0000000,
     -0.8227002,       0.9223043,       0.2080030,
  -5000.0000000,  -82248.5000000,
     -0.8073739,       0.9077078,       0.2080030,
  -5000.0000000,  -81988.5000000,
     -0.7329321,       0.9040587,       0.2099492,
  -5000.0000000,  -81805.0000000,
     -0.7978862,       0.9288727,       0.2083273,
  -5000.0000000,  -81569.5000000,
     -0.7832898,       0.8843535,       0.2086517,
  -5000.0000000,  -81334.5000000,
     -0.7336619,       0.8821641,       0.2086517,
  -5000.0000000,  -81099.5000000,
     -0.8409457,       0.8646483,       0.2060568,
  -5000.0000000,  -80864.0000000,
     -0.7519075,       0.9120868,       0.2060568,
  -5000.0000000,  -80564.5000000,
     -0.7767214,       0.8734062,       0.2047593,
  -5000.0000000,  -80329.0000000,
     -0.7935073,       0.8595396,       0.2018400,
  -5000.0000000,  -80094.0000000,
     -0.7533671,       0.8945710,       0.2018400,
  -5000.0000000,  -79858.5000000,
     -0.7818302,       0.8361853,       0.1992451,
  -5000.0000000,  -79662.0000000,
     -0.7898582,       0.8281572,       0.1963258,
  -5000.0000000,  -79440.5000000,
     -0.7322023,       0.8485922,       0.1943796,
  -5000.0000000,  -79219.5000000,
     -0.7292830,       0.8588098,       0.1924334,
  -5000.0000000,  -78970.5000000,
     -0.7343917,       0.8624589,       0.1895141,
  -5000.0000000,  -78735.5000000,
     -0.7008199,       0.8464028,       0.1901629,
  -5000.0000000,  -78514.5000000,
     -0.6672481,       0.8493221,       0.1885411,
  -5000.0000000,  -78214.0000000,
     -0.6949813,       0.8558905,       0.1865949,
  -5000.0000000,  -77979.0000000,
     -0.6657885,       0.8274274,       0.1859461,
  -5000.0000000,  -77808.5000000,
     -0.7103076,       0.8048029,       0.1849730,
  -5000.0000000,  -77573.5000000,
     -0.7154163,       0.7945854,       0.1820537,
  -5000.0000000,  -77287.0000000,
     -0.6825744,       0.8150204,       0.1823781,
  -5000.0000000,  -77038.0000000,
     -0.7139567,       0.8434835,       0.1791345,
  -5000.0000000,  -76854.5000000,
     -0.7219847,       0.8266976,       0.1801076,
  -5000.0000000,  -76619.5000000,
     -0.6869533,       0.8558905,       0.1801076,
  -5000.0000000,  -76333.0000000,
     -0.6606797,       0.8493221,       0.1810806,
  -5000.0000000,  -76149.0000000,
     -0.6271079,       0.8836237,       0.1823781,
  -5000.0000000,  -75862.0000000,
     -0.6052132,       0.9025991,       0.1872436,
  -5000.0000000,  -75678.0000000,
     -0.6351359,       0.9135464,       0.1891898,
  -5000.0000000,  -75393.0000000,
     -0.6125114,       0.8894623,       0.1924334,
  -5000.0000000,  -75208.5000000,
     -0.5745607,       0.9427393,       0.1992451,
  -5000.0000000,  -74948.5000000,
     -0.6292974,       0.9339814,       0.2024888,
  -5000.0000000,  -74713.5000000,
     -0.6730867,       0.9587954,       0.2057324,
  -5000.0000000,  -74452.0000000,
     -0.6920620,       0.8872728,       0.2089761,
  -5000.0000000,  -74268.0000000,
     -0.7307426,       0.8945710,       0.2109223,
  -5000.0000000,  -73981.5000000,
     -0.7088480,       0.9033289,       0.2093004,
  -5000.0000000,  -73797.0000000,
     -0.7117672,       0.8953009,       0.2125441,
  -5000.0000000,  -73510.5000000,
     -0.7380408,       0.8982201,       0.2112466,
  -5000.0000000,  -73326.5000000,
     -0.7249040,       0.9084377,       0.2105979,
  -5000.0000000,  -73040.5000000,
     -0.6913322,       0.8697571,       0.2109223,
  -5000.0000000,  -72856.5000000,
     -0.6876831,       0.8799746,       0.2105979,
  -5000.0000000,  -72569.5000000,
     -0.6687077,       0.9106271,       0.2109223,
  -5000.0000000,  -72385.5000000,
     -0.6767358,       0.9171955,       0.2112466,
  -5000.0000000,  -72099.5000000,
     -0.7168760,       0.9369007,       0.2128685,
  -5000.0000000,  -71915.5000000,
     -0.7205251,       0.9274130,       0.2135172,
  -5000.0000000,  -71615.5000000,
     -0.7219847,       0.9157359,       0.2138415,
  -5000.0000000,  -71445.0000000,
     -0.7460689,       0.9244937,       0.2144903,
  -5000.0000000,  -71158.0000000,
     -0.7329321,       0.9091675,       0.2148146,
  -5000.0000000,  -70988.0000000,
     -0.7241742,       0.8894623,       0.2144903,
  -5000.0000000,  -70739.0000000,
     -0.6935217,       0.8974903,       0.2148146,
  -5000.0000000,  -70479.0000000,
     -0.6971708,       0.9069780,       0.2144903,
  -5000.0000000,  -70269.0000000,
     -0.7234444,       0.9069780,       0.2148146,
  -5000.0000000,  -70033.5000000,
     -0.7679635,       0.9128166,       0.2128685,
  -5000.0000000,  -69747.0000000,
     -0.7146865,       0.9266832,       0.2135172,
  -5000.0000000,  -69563.0000000,
     -0.7329321,       0.9098973,       0.2141659,
  -5000.0000000,  -69277.0000000,
     -0.7234444,       0.9069780,       0.2151390,
  -5000.0000000,  -69093.0000000,
     -0.6854936,       0.8916517,       0.2151390,
  -5000.0000000,  -68806.5000000,
     -0.6854936,       0.9135464,       0.2154634,
  -5000.0000000,  -68623.0000000,
     -0.6657885,       0.8923816,       0.2151390,
  -5000.0000000,  -68336.5000000,
     -0.7139567,       0.8639185,       0.2151390,
  -5000.0000000,  -68152.5000000,
     -0.7183356,       0.9055184,       0.2157877,
  -5000.0000000,  -67879.0000000,
     -0.6803849,       0.8974903,       0.2151390,
  -5000.0000000,  -67643.5000000,
     -0.7103076,       0.8828939,       0.2148146,
  -5000.0000000,  -67461.0000000,
     -0.6760060,       0.9084377,       0.2154634,
  -5000.0000000,  -67213.0000000,
     -0.7103076,       0.9098973,       0.2154634,
  -5000.0000000,  -66978.0000000,
     -0.7081181,       0.9098973,       0.2157877,
  -5000.0000000,  -66704.5000000,
     -0.6774656,       0.8901921,       0.2164365,
  -5000.0000000,  -66469.5000000,
     -0.6738165,       0.8843535,       0.2161121,
  -5000.0000000,  -66299.5000000,
     -0.6643288,       0.9157359,       0.2167608,
  -5000.0000000,  -65986.0000000,
     -0.6365956,       0.8777851,       0.2128685,
  -5000.0000000,  -65802.0000000,
     -0.6672481,       0.8931114,       0.2174096,
  -5000.0000000,  -65515.5000000,
     -0.6993603,       0.8858132,       0.2170852,
  -5000.0000000,  -65332.0000000,
     -0.6767358,       0.8777851,       0.2170852,
  -5000.0000000,  -65045.5000000,
     -0.6679779,       0.8529712,       0.2164365,
  -5000.0000000,  -64861.5000000,
     -0.6621393,       0.8843535,       0.2167608,
  -5000.0000000,  -64575.5000000,
     -0.6927919,       0.8755957,       0.2164365,
  -5000.0000000,  -64391.5000000,
     -0.6935217,       0.8712167,       0.2164365,
  -5000.0000000,  -64105.0000000,
     -0.6738165,       0.8909219,       0.2161121,
  -5000.0000000,  -63921.0000000,
     -0.6803849,       0.8639185,       0.2157877,
  -5000.0000000,  -63634.5000000,
     -0.6811147,       0.8588098,       0.2161121,
  -5000.0000000,  -63452.0000000,
     -0.6453534,       0.8734062,       0.2151390,
  -5000.0000000,  -63165.5000000,
     -0.6446236,       0.8668378,       0.2157877,
  -5000.0000000,  -62930.5000000,
     -0.6234588,       0.8668378,       0.2148146,
  -5000.0000000,  -62746.5000000,
     -0.6789252,       0.8383747,       0.2151390,
  -5000.0000000,  -62473.5000000,
     -0.6614095,       0.8770553,       0.2154634,
  -5000.0000000,  -62225.5000000,
     -0.6563008,       0.8500519,       0.2154634,
  -5000.0000000,  -62041.5000000,
     -0.6563008,       0.8631887,       0.2144903,
  -5000.0000000,  -61806.0000000,
     -0.6409745,       0.8748658,       0.2141659,
  -5000.0000000,  -61519.5000000,
     -0.6380552,       0.8288870,       0.2144903,
  -5000.0000000,  -61336.0000000,
     -0.6482727,       0.8734062,       0.2138415,
  -5000.0000000,  -61062.0000000,
     -0.6147009,       0.8478624,       0.2141659,
  -5000.0000000,  -60865.5000000,
     -0.6256482,       0.8726764,       0.2141659,
  -5000.0000000,  -60630.5000000,
     -0.6161606,       0.8558905,       0.2135172,
  -5000.0000000,  -60395.5000000,
     -0.6446236,       0.8515115,       0.2122197,
  -5000.0000000,  -60121.5000000,
     -0.6212693,       0.8785149,       0.2131928,
  -5000.0000000,  -59873.5000000,
     -0.6249184,       0.8777851,       0.2122197,
  -5000.0000000,  -59690.0000000,
     -0.6351359,       0.8427537,       0.2122197,
  -5000.0000000,  -59430.0000000,
     -0.6212693,       0.8303467,       0.2118954,
  -5000.0000000,  -59221.0000000,
     -0.6219991,       0.8456730,       0.2112466,
  -5000.0000000,  -58934.5000000,
     -0.6373254,       0.8471326,       0.2105979,
  -5000.0000000,  -58750.5000000,
     -0.6227290,       0.8398344,       0.2089761,
  -5000.0000000,  -58464.5000000,
     -0.5949957,       0.8245081,       0.2102735,
  -5000.0000000,  -58307.0000000,
     -0.5876975,       0.8471326,       0.2096248,
  -5000.0000000,  -57994.0000000,
     -0.5760203,       0.8208590,       0.2086517,
  -5000.0000000,  -57810.0000000,
     -0.5862379,       0.8420238,       0.2096248,
  -5000.0000000,  -57523.5000000,
     -0.5847782,       0.8544308,       0.2070299,
  -5000.0000000,  -57352.5000000,
     -0.5665327,       0.8318063,       0.2060568,
  -5000.0000000,  -57052.5000000,
     -0.5132557,       0.8055327,       0.2047593,
  -5000.0000000,  -56881.5000000,
     -0.5424485,       0.8193994,       0.2031375,
  -5000.0000000,  -56609.0000000,
     -0.5300416,       0.8551606,       0.2034619,
  -5000.0000000,  -56411.5000000,
     -0.5249328,       0.8682974,       0.2050837,
  -5000.0000000,  -56163.5000000,
     -0.5548555,       0.8339958,       0.2057324,
  -5000.0000000,  -55903.5000000,
     -0.5774800,       0.8573501,       0.2063811,
  -5000.0000000,  -55706.0000000,
     -0.5336907,       0.8128310,       0.2076786,
  -5000.0000000,  -55408.0000000,
     -0.5606941,       0.8310765,       0.2076786,
  -5000.0000000,  -55250.5000000,
     -0.5643432,       0.8639185,       0.2080030,
  -5000.0000000,  -54937.5000000,
     -0.5242030,       0.8500519,       0.2080030,
  -5000.0000000,  -54702.5000000,
     -0.5402591,       0.8500519,       0.2080030,
  -5000.0000000,  -54519.0000000,
     -0.5526660,       0.8011538,       0.2083273,
  -5000.0000000,  -54232.5000000,
     -0.5198241,       0.8150204,       0.2089761,
  -5000.0000000,  -54048.5000000,
     -0.5344205,       0.8288870,       0.2089761,
  -5000.0000000,  -53813.0000000,
     -0.5015785,       0.8434835,       0.2093004,
  -5000.0000000,  -53539.5000000,
     -0.4592488,       0.8361853,       0.2093004,
  -5000.0000000,  -53318.0000000,
     -0.4971996,       0.8223187,       0.2089761,
  -5000.0000000,  -53134.5000000,
     -0.4913610,       0.8084520,       0.2102735,
  -5000.0000000,  -52848.0000000,
     -0.4161893,       0.8354554,       0.2105979,
  -5000.0000000,  -52664.0000000,
     -0.4899013,       0.8442133,       0.2112466,
  -5000.0000000,  -52350.5000000,
     -0.4650874,       0.8748658,       0.2128685,
  -5000.0000000,  -52179.5000000,
     -0.4650874,       0.8274274,       0.2135172,
  -5000.0000000,  -51944.5000000,
     -0.4942803,       0.8361853,       0.2138415,
  -5000.0000000,  -51671.5000000,
     -0.4497611,       0.8434835,       0.2148146,
  -5000.0000000,  -51487.5000000,
     -0.4519506,       0.8318063,       0.2148146,
  -5000.0000000,  -51175.5000000,
     -0.5023083,       0.8339958,       0.2161121,
  -5000.0000000,  -51004.5000000,
     -0.4337051,       0.8230485,       0.2170852,
  -5000.0000000,  -50731.5000000,
     -0.4256770,       0.8318063,       0.2180583,
  -5000.0000000,  -50548.0000000,
     -0.4475717,       0.8230485,       0.2180583,
  -5000.0000000,  -50261.5000000,
     -0.4760347,       0.8369151,       0.2193558,
  -5000.0000000,  -50012.5000000,
     -0.4278665,       0.8420238,       0.2190314,
  -5000.0000000,  -49828.5000000,
     -0.4563295,       0.8354554,       0.2196801,
  -5000.0000000,  -49528.5000000,
     -0.4402735,       0.8412940,       0.2209776,
  -5000.0000000,  -49358.0000000,
     -0.4388138,       0.8201292,       0.2203289,
  -5000.0000000,  -49071.5000000,
     -0.4329752,       0.8369151,       0.2203289,
  -5000.0000000,  -48887.5000000,
     -0.4059718,       0.8150204,       0.2213020,
  -5000.0000000,  -48588.5000000,
     -0.4103507,       0.8266976,       0.2222750,
  -5000.0000000,  -48417.0000000,
     -0.4315156,       0.8048029,       0.2225994,
  -5000.0000000,  -48130.5000000,
     -0.4125402,       0.7967749,       0.2232481,
  -5000.0000000,  -47946.5000000,
     -0.4067016,       0.8135608,       0.2242212,
  -5000.0000000,  -47660.0000000,
     -0.4227577,       0.8142906,       0.2235725,
  -5000.0000000,  -47477.0000000,
     -0.4052420,       0.8135608,       0.2229238,
  -5000.0000000,  -47190.0000000,
     -0.4132700,       0.8354554,       0.2229238,
  -5000.0000000,  -47006.5000000,
     -0.4446524,       0.8274274,       0.2229238,
  -5000.0000000,  -46720.0000000,
     -0.4183788,       0.8069924,       0.2229238,
  -5000.0000000,  -46536.5000000,
     -0.4395436,       0.8383747,       0.2225994,
  -5000.0000000,  -46250.0000000,
     -0.4045122,       0.8135608,       0.2222750,
  -5000.0000000,  -46065.5000000,
     -0.3745895,       0.7996942,       0.2222750,
  -5000.0000000,  -45778.5000000,
     -0.3913754,       0.8099117,       0.2213020,
  -5000.0000000,  -45582.0000000,
     -0.4388138,       0.8186695,       0.2213020,
  -5000.0000000,  -45308.5000000,
     -0.4052420,       0.8339958,       0.2209776,
  -5000.0000000,  -45124.5000000,
     -0.4366243,       0.8004240,       0.2200045,
  -5000.0000000,  -44492.5000000,
     -0.3848070,       0.8223187,       0.2196801,
  -5000.0000000,  -44385.0000000,
     -0.3796982,       0.8164801,       0.2183827,
  -5000.0000000,  -44290.0000000,
     -0.3950245,       0.8106415,       0.2135172,
  -5000.0000000,  -44132.0000000,
     -0.3227721,       0.8091819,       0.2174096,
  -5000.0000000,  -43923.5000000,
     -0.3483159,       0.8040731,       0.2164365,
  -5000.0000000,  -43688.0000000,
     -0.3621825,       0.8186695,       0.2099492,
  -5000.0000000,  -43479.0000000,
     -0.3665614,       0.8259678,       0.2154634,
  -5000.0000000,  -43192.5000000,
     -0.3417475,       0.8478624,       0.2148146,
  -5000.0000000,  -43008.5000000,
     -0.3512352,       0.8208590,       0.2148146,
  -5000.0000000,  -42722.0000000,
     -0.3461264,       0.8376449,       0.2144903,
  -5000.0000000,  -42487.0000000,
     -0.3380984,       0.8573501,       0.2141659,
  -5000.0000000,  -42303.5000000,
     -0.2986880,       0.8157503,       0.2135172,
  -5000.0000000,  -42017.0000000,
     -0.3176634,       0.8420238,       0.2131928,
  -5000.0000000,  -41833.0000000,
     -0.3089055,       0.8201292,       0.2122197,
  -5000.0000000,  -41546.5000000,
     -0.3001476,       0.8734062,       0.2141659,
  -5000.0000000,  -41324.0000000,
     -0.2592776,       0.8522414,       0.2131928,
  -5000.0000000,  -41076.0000000,
     -0.2760635,       0.8398344,       0.2135172,
  -5000.0000000,  -40892.5000000,
     -0.2446812,       0.8704869,       0.2144903,
  -5000.0000000,  -40606.0000000,
     -0.2629267,       0.8690273,       0.2141659,
  -5000.0000000,  -40422.5000000,
     -0.2446812,       0.8580799,       0.2144903,
  -5000.0000000,  -40162.5000000,
     -0.2651162,       0.8609992,       0.2151390,
  -5000.0000000,  -39952.0000000,
     -0.2476004,       0.8880026,       0.2161121,
  -5000.0000000,  -39692.0000000,
     -0.2330040,       0.8748658,       0.2161121,
  -5000.0000000,  -39482.5000000,
     -0.2154883,       0.8741360,       0.2154634,
  -5000.0000000,  -39196.5000000,
     -0.2008918,       0.8748658,       0.2148146,
  -5000.0000000,  -38987.5000000,
     -0.1519938,       0.8872728,       0.2138415,
  -5000.0000000,  -38777.5000000,
     -0.1578323,       0.8923816,       0.2131928,
  -5000.0000000,  -38517.5000000,
     -0.1855656,       0.8982201,       0.2141659,
  -5000.0000000,  -38307.5000000,
     -0.1352078,       0.9128166,       0.2148146,
  -5000.0000000,  -38072.0000000,
     -0.1286394,       0.9069780,       0.2170852,
  -5000.0000000,  -37812.0000000,
     -0.1943234,       0.9186552,       0.2167608,
  -5000.0000000,  -37628.0000000,
     -0.1490745,       0.8967605,       0.2164365,
  -5000.0000000,  -37342.0000000,
     -0.1279096,       0.9405498,       0.2148146,
  -5000.0000000,  -37131.5000000,
     -0.1950533,       0.8909219,       0.2157877,
  -5000.0000000,  -36845.0000000,
     -0.1563727,       0.8836237,       0.2138415,
  -5000.0000000,  -36661.5000000,
     -0.1592920,       0.8785149,       0.2109223,
  -5000.0000000,  -36375.0000000,
     -0.1592920,       0.9310621,       0.2096248,
  -5000.0000000,  -36191.0000000,
     -0.1242605,       0.9405498,       0.2076786,
  -5000.0000000,  -35955.5000000,
     -0.1505341,       0.9595252,       0.2073542,
  -5000.0000000,  -35669.0000000,
     -0.1731586,       0.9595252,       0.2083273,
  -5000.0000000,  -35486.5000000,
     -0.1417762,       0.9449288,       0.2086517,
  -5000.0000000,  -35213.0000000,
     -0.1490745,       0.9347112,       0.2080030,
  -5000.0000000,  -35003.5000000,
     -0.1476148,       0.9135464,       0.2080030,
  -5000.0000000,  -34742.5000000,
     -0.1176921,       0.9098973,       0.2089761,
  -5000.0000000,  -34572.5000000,
     -0.1644007,       0.8880026,       0.2096248,
  -5000.0000000,  -34260.0000000,
     -0.1490745,       0.8865430,       0.2096248,
  -5000.0000000,  -34076.0000000,
     -0.1541832,       0.9171955,       0.2083273,
  -5000.0000000,  -33789.5000000,
     -0.1789972,       0.8865430,       0.2076786,
  -5000.0000000,  -33605.0000000,
     -0.1709691,       0.9296025,       0.2060568,
  -5000.0000000,  -33345.0000000,
     -0.1103939,       0.9332516,       0.2057324,
  -5000.0000000,  -33134.5000000,
     -0.1476148,       0.8668378,       0.2037862,
  -5000.0000000,  -32899.5000000,
     -0.0352222,       0.9244937,       0.2005426,
  -5000.0000000,  -32613.0000000,
     -0.0213556,       0.8880026,       0.2005426,
  -5000.0000000,  -32429.5000000,
     -0.0271942,       0.8734062,       0.1989207,
  -5000.0000000,  -32156.0000000,
     -0.0118679,       0.9332516,       0.1982720,
  -5000.0000000,  -31959.0000000,
     -0.0118679,       0.9485779,       0.1989207,
  -5000.0000000,  -31672.0000000,
      0.0173250,       0.9697427,       0.1989207,
  -5000.0000000,  -31488.5000000,
      0.0158653,       0.9252236,       0.2018400,
  -5000.0000000,  -31229.0000000,
      0.0027285,       0.9646339,       0.2037862,
  -5000.0000000,  -31032.0000000,
     -0.0096785,       0.9369007,       0.2041106,
  -5000.0000000,  -30745.0000000,
      0.0078373,       0.9398200,       0.2060568,
  -5000.0000000,  -30548.5000000,
     -0.0038399,       0.9369007,       0.2060568,
  -5000.0000000,  -30275.0000000,
     -0.0498187,       0.9339814,       0.2067055,
  -5000.0000000,  -30104.5000000,
     -0.0155170,       0.9646339,       0.2080030,
  -5000.0000000,  -29804.5000000,
      0.0071074,       0.9463884,       0.2070299,
  -5000.0000000,  -29607.5000000,
     -0.0111381,       0.9602550,       0.2122197,
  -5000.0000000,  -29348.0000000,
      0.0092969,       0.9668234,       0.2131928,
  -5000.0000000,  -29164.0000000,
     -0.0104083,       0.9478480,       0.2141659,
  -5000.0000000,  -28864.0000000,
     -0.0359521,       0.9186552,       0.2154634,
  -5000.0000000,  -28693.5000000,
      0.0195144,       0.9135464,       0.2157877,
  -5000.0000000,  -28381.0000000,
     -0.0162469,       0.9500375,       0.2154634,
  -5000.0000000,  -28172.5000000,
     -0.0213556,       0.9310621,       0.2151390,
  -5000.0000000,  -27923.5000000,
      0.0676827,       0.9171955,       0.2125441,
  -5000.0000000,  -27753.0000000,
      0.0611143,       0.9055184,       0.2099492,
  -5000.0000000,  -27454.0000000,
      0.0895773,       0.8814342,       0.2067055,
  -5000.0000000,  -27284.0000000,
      0.0691423,       0.8858132,       0.2024888,
  -5000.0000000,  -26971.0000000,
      0.0304618,       0.8755957,       0.2024888,
  -5000.0000000,  -26787.0000000,
      0.0195144,       0.9770409,       0.2018400,
  -5000.0000000,  -26501.0000000,
      0.0034583,       0.9763111,       0.2034619,
  -5000.0000000,  -26317.0000000,
     -0.0352222,       1.0222899,       0.2067055,
  -5000.0000000,  -26057.0000000,
      0.0129460,       1.0230197,       0.2099492,
  -5000.0000000,  -25846.5000000,
      0.0144057,       0.9865286,       0.2118954,
  -5000.0000000,  -25638.0000000,
     -0.0067592,       0.9697427,       0.2135172,
  -5000.0000000,  -25325.0000000,
      0.0530862,       0.9602550,       0.2138415,
  -5000.0000000,  -25116.5000000,
      0.0465178,       0.9566059,       0.2151390,
  -5000.0000000,  -24906.0000000,
      0.0114864,       0.9463884,       0.2151390,
  -5000.0000000,  -24632.5000000,
      0.0720616,       0.9624445,       0.2157877,
  -5000.0000000,  -24462.5000000,
     -0.0016504,       0.9770409,       0.2164365,
  -5000.0000000,  -24176.0000000,
      0.0107566,       0.9150060,       0.2157877,
  -5000.0000000,  -23992.0000000,
      0.0516266,       0.9777707,       0.2164365,
  -5000.0000000,  -23692.0000000,
      0.0012689,       0.9507673,       0.2154634,
  -5000.0000000,  -23522.0000000,
      0.0333810,       0.9441989,       0.2154634,
  -5000.0000000,  -23223.0000000,
      0.0326512,       0.9244937,       0.2144903,
  -5000.0000000,  -23052.5000000,
     -0.0198960,       0.9624445,       0.2131928,
  -5000.0000000,  -22768.0000000,
      0.0662230,       0.9631743,       0.2135172,
  -5000.0000000,  -22561.0000000,
      0.0085671,       0.9741216,       0.2141659,
  -5000.0000000,  -22282.5000000,
     -0.0388713,       0.9624445,       0.2128685,
  -5000.0000000,  -22131.5000000,
      0.0764405,       0.9945567,       0.2138415,
  -5000.0000000,  -21858.5000000,
      0.0122162,       0.9303323,       0.2138415,
  -5000.0000000,  -21672.5000000,
     -0.0213556,       0.9726620,       0.2144903,
  -5000.0000000,  -21466.0000000,
      0.0910370,       0.9785006,       0.2144903,
  -5000.0000000,  -21202.5000000,
      0.0297319,       0.9909075,       0.2154634,
  -5000.0000000,  -20988.0000000,
      0.0092969,       0.9887181,       0.2157877,
  -5000.0000000,  -20778.0000000,
      0.0749809,       1.0011250,       0.2112466,
  -5000.0000000,  -20614.5000000,
      0.0173250,       0.9354411,       0.2131928,
  -5000.0000000,  -20351.0000000,
      0.0144057,       1.0157215,       0.2177339,
  -5000.0000000,  -20148.0000000,
      0.0859282,       1.0157215,       0.2174096,
  -5000.0000000,  -20002.5000000,
     -0.0052995,       0.9952865,       0.2183827,
  -5000.0000000,  -19760.5000000,
      0.1034440,       0.9938268,       0.2183827,
  -5000.0000000,  -19565.5000000,
      0.1027141,       0.9573357,       0.2177339,
  -5000.0000000,  -19372.5000000,
      0.0691423,       0.9609848,       0.2167608,
  -5000.0000000,  -19223.0000000,
      0.1333667,       0.9595252,       0.2164365,
  -5000.0000000,  -18993.0000000,
      0.0910370,       0.9960163,       0.2141659,
  -5000.0000000,  -18807.5000000,
      0.0377600,       0.9463884,       0.2093004,
  -5000.0000000,  -18624.5000000,
      0.1129316,       0.9777707,       0.2141659,
  -5000.0000000,  -18433.0000000,
      0.1114720,       0.9668234,       0.2154634,
  -5000.0000000,  -18304.0000000,
      0.0859282,       1.0018549,       0.2138415,
  -5000.0000000,  -18127.5000000,
      0.1939419,       0.9828795,       0.2151390,
  -5000.0000000,  -17916.0000000,
      0.1450438,       0.9733918,       0.2161121,
  -5000.0000000,  -17772.0000000,
      0.1005247,       1.0208302,       0.2164365,
  -5000.0000000,  -17594.0000000,
      0.1720472,       0.9960163,       0.2170852,
  -5000.0000000,  -17401.0000000,
      0.1107422,       0.9799602,       0.2170852,
  -5000.0000000,  -17273.0000000,
      0.1742367,       1.0040443,       0.2170852,
  -5000.0000000,  -17076.5000000,
      0.1932121,       1.0084233,       0.2174096,
  -5000.0000000,  -16952.5000000,
      0.1457736,       1.0478337,       0.2167608,
  -5000.0000000,  -16797.0000000,
      0.1559911,       1.0047742,       0.2148146,
  -5000.0000000,  -16619.5000000,
      0.1567210,       1.0339670,       0.2196801,
  -5000.0000000,  -16468.5000000,
      0.0246232,       1.0332372,       0.2235725,
  -5000.0000000,  -16320.5000000,
      0.0290021,       1.0894335,       0.2271405,
  -5000.0000000,  -16174.5000000,
     -0.0520081,       1.0821353,       0.2326547,
  -5000.0000000,  -16062.0000000,
     -0.1833761,       1.0930826,       0.2384933,
  -5000.0000000,  -15882.0000000,
     -0.1987024,       1.0901633,       0.2414126,
  -5000.0000000,  -15782.0000000,
     -0.3424773,       1.0390758,       0.2427101,
  -5000.0000000,  -15645.5000000,
     -0.3687509,       1.0149917,       0.2430344,
  -5000.0000000,  -15483.0000000,
     -0.3293405,       0.9952865,       0.2404395,
  -5000.0000000,  -15373.0000000,
     -0.3300703,       1.0273986,       0.2391420,
  -5000.0000000,  -15224.0000000,
     -0.3037967,       0.9587954,       0.2333035,
  -5000.0000000,  -15091.0000000,
     -0.1687797,       0.9441989,       0.2264918,
  -5000.0000000,  -14987.5000000,
     -0.1366675,       0.9682831,       0.2225994,
  -5000.0000000,  -14847.0000000,
     -0.0841203,       0.9595252,       0.2196801,
  -5000.0000000,  -14754.5000000,
      0.0435985,       0.9456586,       0.2157877,
  -5000.0000000,  -14638.5000000,
      0.0706020,       0.9244937,       0.2128685,
  -5000.0000000,  -14525.5000000,
      0.1399351,       0.9383604,       0.2086517,
  -5000.0000000,  -14390.5000000,
      0.2275137,       0.9339814,       0.2054080,
  -5000.0000000,  -14306.0000000,
      0.2005103,       0.9471182,       0.2024888,
  -5000.0000000,  -14205.5000000,
      0.2508680,       1.0084233,       0.2002182,
  -5000.0000000,  -14096.0000000,
      0.2953871,       1.0135320,       0.1985964,
  -5000.0000000,  -13984.0000000,
      0.3019555,       1.0478337,       0.1982720,
  -5000.0000000,  -13875.0000000,
      0.3150923,       1.0376162,       0.2005426,
  -5000.0000000,  -13800.0000000,
      0.2888187,       1.1054896,       0.2031375,
  -5000.0000000,  -13706.0000000,
      0.2618153,       1.1120580,       0.2073542,
  -5000.0000000,  -13615.0000000,
      0.3296888,       1.1456298,       0.2128685,
  -5000.0000000,  -13526.5000000,
      0.3012257,       1.1762823,       0.2180583,
  -5000.0000000,  -13440.0000000,
      0.2837100,       1.1813911,       0.2229238,
  -5000.0000000,  -13343.5000000,
      0.3413659,       1.1660648,       0.2277893,
  -5000.0000000,  -13267.0000000,
      0.2764118,       1.2047454,       0.2323304,
  -5000.0000000,  -13201.5000000,
      0.2873591,       1.2040156,       0.2384933,
  -5000.0000000,  -13121.0000000,
      0.3304186,       1.1923384,       0.2446563,
  -5000.0000000,  -13047.0000000,
      0.3274993,       1.1850402,       0.2488730,
  -5000.0000000,  -12972.5000000,
      0.3150923,       1.2018261,       0.2517923,
  -5000.0000000,  -12893.0000000,
      0.3961026,       1.1799314,       0.2540629,
  -5000.0000000,  -12831.0000000,
      0.3785869,       1.1711736,       0.2573065,
  -5000.0000000,  -12778.0000000,
      0.3727483,       1.1551175,       0.2605502,
  -5000.0000000,  -12704.0000000,
      0.4231060,       1.1500087,       0.2628207,
  -5000.0000000,  -12646.0000000,
      0.3793167,       1.1514684,       0.2647669,
  -5000.0000000,  -12602.0000000,
      0.4055903,       1.1441702,       0.2663887,
  -5000.0000000,  -12537.0000000,
      0.4406217,       1.1638754,       0.2689837,
  -5000.0000000,  -12497.5000000,
      0.4121587,       1.1317632,       0.2699568,
  -5000.0000000,  -12444.0000000,
      0.4026710,       1.1514684,       0.2712542,
  -5000.0000000,  -12403.0000000,
      0.3909938,       1.1354123,       0.2722273,
  -5000.0000000,  -12350.0000000,
      0.3909938,       1.1230053,       0.2722273,
  -5000.0000000,  -12318.0000000,
      0.4406217,       1.1303035,       0.2728760,
  -5000.0000000,  -12271.5000000,
      0.3953728,       1.1288439,       0.2735248,
  -5000.0000000,  -12243.5000000,
      0.4085096,       1.1040300,       0.2735248,
  -5000.0000000,  -12203.0000000,
      0.4004815,       1.0828651,       0.2735248,
  -5000.0000000,  -12180.5000000,
      0.3785869,       1.0974616,       0.2728760,
  -5000.0000000,  -12144.0000000,
      0.3734781,       1.0843248,       0.2722273,
  -5000.0000000,  -12124.0000000,
      0.3778570,       1.1033001,       0.2735248,
  -5000.0000000,  -12096.0000000,
      0.3815061,       1.0792160,       0.2725517,
  -5000.0000000,  -12079.5000000,
      0.3902640,       1.0930826,       0.2725517,
  -5000.0000000,  -12057.0000000,
      0.3858851,       1.0901633,       0.2728760,
  -5000.0000000,  -12045.5000000,
      0.3435554,       1.0646196,       0.2722273,
  -5000.0000000,  -12032.0000000,
      0.3545027,       1.0660792,       0.2725517,
  -5000.0000000,  -12020.5000000,
      0.3778570,       1.0755669,       0.2725517,
  -5000.0000000,  -12011.5000000,
      0.3457449,       1.0704581,       0.2719029,
  -5000.0000000,  -12004.5000000,
      0.3603413,       1.0631599,       0.2722273,
  -5000.0000000,  -12001.5000000,
      0.3450150,       1.0835949,       0.2712542,
  -5000.0000000,  -12000.5000000,
      0.3588817,       1.0719178,       0.2722273,
  -5000.0000000,  -12000.5000000,
      0.3318782,       1.0303179,       0.2715786,
  -5000.0000000,  -12000.5000000,
      0.3442852,       1.0587810,       0.2712542,
  -5000.0000000,  -12000.5000000,
      0.3596115,       1.0602406,       0.2696324,
  -5000.0000000,  -12000.5000000,
      0.3399063,       1.0617003,       0.2709298,
  -5000.0000000,  -12000.5000000,
      0.3202011,       1.0551319,       0.2722273,
  -5000.0000000,  -12000.5000000,
      0.3625308,       1.0660792,       0.2722273,
  -5000.0000000,  -12000.5000000,
      0.3377168,       1.0660792,       0.2722273,
  -5000.0000000,  -12000.5000000,
      0.3661799,       1.0697283,       0.2722273,
  -5000.0000000,  -12000.5000000,
      0.3274993,       1.0602406,       0.2715786,
  -5000.0000000,  -12000.5000000,
      0.3369870,       1.0595108,       0.2722273,
  -5000.0000000,  -12000.0000000,
      0.3603413,       1.0631599,       0.2719029,
  -5000.0000000,  -12000.0000000,
      0.3501238,       1.0536722,       0.2719029,
  -5000.0000000,  -12000.0000000,
      0.3406361,       1.0675389,       0.2719029,
  -5000.0000000,  -12000.0000000,
      0.3669097,       1.0908932,       0.2715786,
  -5000.0000000,  -12000.0000000,
      0.3530431,       1.0668090,       0.2725517,
  -5000.0000000,  -12000.0000000,
      0.3428256,       1.0799458,       0.2722273,
  -5000.0000000,  -12000.0000000,
      0.3829658,       1.0602406,       0.2722273,
  -5000.0000000,  -12000.0000000,
      0.3406361,       1.0573213,       0.2722273,
  -5000.0000000,  -12000.0000000,
      0.3486642,       1.0492933,       0.2719029,
  -5000.0000000,  -12000.0000000,
      0.3194713,       1.0668090,       0.2725517,
  -5000.0000000,  -12000.0000000,
      0.3515834,       1.0770265,       0.2719029,
  -5000.0000000,  -12000.0000000,
      0.3683693,       1.0368863,       0.2722273,
  -5000.0000000,  -12000.0000000,
      0.3435554,       1.0828651,       0.2715786,
  -5000.0000000,  -12000.0000000,
      0.3347975,       1.0697283,       0.2722273,
  -5000.0000000,  -12000.0000000,
      0.3515834,       1.0638897,       0.2715786,
  -5000.0000000,  -12000.0000000,
      0.3369870,       1.0923528,       0.2719029,
  -5000.0000000,  -12000.0000000,
      0.3472045,       1.0624301,       0.2722273,
  -5000.0000000,  -12000.0000000,
      0.3450150,       1.0551319,       0.2722273,
  -5000.0000000,  -12000.0000000,
      0.3552326,       1.0551319,       0.2719029,
  -5000.0000000,  -12000.0000000,
      0.3333379,       1.0565915,       0.2722273,
  -5000.0000000,  -12000.0000000,
      0.3472045,       1.0412653,       0.2725517,
  -5000.0000000,  -12000.0000000,
      0.3464747,       1.0478337,       0.2722273,
  -5000.0000000,  -12000.0000000,
      0.3304186,       1.0814055,       0.2719029,
  -5000.0000000,  -12000.0000000,
      0.3530431,       1.0624301,       0.2719029,
  -5000.0000000,  -12000.0000000,
      0.3545027,       1.0587810,       0.2719029,
  -5000.0000000,  -12000.0000000,
      0.3720185,       1.0777564,       0.2719029,
  -5000.0000000,  -12000.0000000,
      0.3399063,       1.0573213,       0.2725517,
  -5000.0000000,  -12000.0000000,
      0.3326081,       1.0697283,       0.2719029,
  -5000.0000000,  -12000.0000000,
      0.3413659,       1.0573213,       0.2719029,
  -5000.0000000,  -12000.0000000,
      0.3603413,       1.0449144,       0.2722273,
  -5000.0000000,  -12000.0000000,
      0.3450150,       1.0755669,       0.2722273,
  -5000.0000000,  -12000.0000000,
      0.3384466,       1.0638897,       0.2715786,
  -5000.0000000,  -12000.0000000,
      0.3464747,       1.0390758,       0.2722273,
  -5000.0000000,  -12000.0000000,
      0.3778570,       1.0704581,       0.2719029,
  -5000.0000000,  -12000.0000000,
      0.3493940,       1.0682687,       0.2719029,
  -5000.0000000,  -12000.0000000,
      0.3523133,       1.0259390,       0.2722273,
  -5000.0000000,  -12000.0000000,
      0.3603413,       1.0733774,       0.2725517,
  -5000.0000000,  -12000.0000000,
      0.3347975,       1.0653494,       0.2722273,
  -5000.0000000,  -12000.0000000,
      0.3450150,       1.0697283,       0.2719029,
  -5000.0000000,  -12000.0000000,
      0.3428256,       1.0624301,       0.2722273,
  -5000.0000000,  -12000.0000000,
      0.3435554,       1.0762967,       0.2725517,
  -5000.0000000,  -12000.0000000,
      0.3537729,       1.0471038,       0.2715786,
  -5000.0000000,  -12000.0000000,
      0.3420958,       1.0551319,       0.2719029,
  -5000.0000000,  -12000.0000000,
      0.3654501,       1.0697283,       0.2719029,
  -5000.0000000,  -12000.0000000,
      0.3231204,       1.0558617,       0.2722273,
  -5000.0000000,  -12000.0000000,
      0.3472045,       1.0595108,       0.2722273,
  -5000.0000000,  -12000.0000000,
      0.3508536,       1.0682687,       0.2722273,
  -5000.0000000,  -12000.0000000,
      0.3435554,       1.0419951,       0.2725517,
  -5000.0000000,  -12000.0000000,
      0.3559624,       1.0573213,       0.2722273,
  -5000.0000000,  -12000.0000000,
      0.3968324,       1.0646196,       0.2728760,
  -5000.0000000,  -12000.0000000,
      0.3559624,       1.0507529,       0.2722273,
  -5000.0000000,  -12000.0000000,
      0.3472045,       1.0675389,       0.2722273,
  -5000.0000000,  -12000.0000000,
      0.3450150,       1.0631599,       0.2719029,
  -5000.0000000,  -12000.0000000,
      0.3442852,       1.0529424,       0.2722273,
  -5000.0000000,  -12000.0000000,
      0.3362572,       1.0850546,       0.2722273,
  -5000.0000000,  -12000.0000000,
      0.3347975,       1.0741073,       0.2715786,
  -5000.0000000,  -12000.0000000,
      0.3705588,       1.0419951,       0.2719029,
  -5000.0000000,  -12000.0000000,
      0.3661799,       1.0536722,       0.2722273,
  -5000.0000000,  -12000.0000000,
      0.3296888,       1.0697283,       0.2725517,
  -5000.0000000,  -12000.0000000,
      0.3581518,       1.0631599,       0.2728760,
  -5000.0000000,  -12000.0000000,
      0.3442852,       1.0492933,       0.2722273,
  -5000.0000000,  -12000.0000000,
      0.3399063,       1.0368863,       0.2719029,
  -5000.0000000,  -12000.0000000,
      0.3537729,       1.0653494,       0.2722273,
  -5000.0000000,  -12000.0000000,
      0.3377168,       1.0595108,       0.2725517,
  -5000.0000000,  -12000.0000000,
      0.3574220,       1.0668090,       0.2719029,
  -5000.0000000,  -12000.0000000,
      0.3399063,       1.0485635,       0.2719029,
  -5000.0000000,  -12000.0000000,
      0.3610711,       1.0449144,       0.2719029,
  -5000.0000000,  -12000.0000000,
      0.3581518,       1.0748371,       0.2722273,
  -5000.0000000,  -12000.0000000,
      0.3610711,       1.0398056,       0.2722273,
  -5000.0000000,  -12000.0000000,
      0.3639904,       1.0485635,       0.2722273,
  -5000.0000000,  -12000.0000000,
      0.3428256,       1.0339670,       0.2722273,
  -5000.0000000,  -12000.0000000,
      0.3508536,       1.0573213,       0.2719029,
  -5000.0000000,  -12000.0000000,
      0.3479343,       1.0573213,       0.2722273,
  -5000.0000000,  -12000.0000000,
      0.3596115,       1.0799458,       0.2725517,
  -5000.0000000,  -12000.0000000,
      0.3734781,       1.0821353,       0.2722273,
  -5000.0000000,  -12000.0000000,
      0.3698290,       1.0799458,       0.2719029,
  -5000.0000000,  -12000.0000000,
      0.3559624,       1.0507529,       0.2725517,
  -5000.0000000,  -12000.0000000,
      0.3588817,       1.0726476,       0.2722273,
  -5000.0000000,  -12000.0000000,
      0.3442852,       1.0478337,       0.2719029,
  -5000.0000000,  -12000.0000000,
      0.3442852,       1.0383460,       0.2725517,
  -5000.0000000,  -12000.0000000,
      0.3472045,       1.0492933,       0.2719029,
  -5000.0000000,  -12000.0000000,
      0.3391765,       1.0609705,       0.2722273,
  -5000.0000000,  -12000.0000000,
