     -0.5774800,       0.2340821,       0.2024888,
  -9000.0000000, -118000.0000000,
     -0.6088623,       0.2348119,       0.2031375,
  -9000.0000000, -118000.0000000,
     -0.6190798,       0.2202155,       0.2021644,
  -9000.0000000, -118000.0000000,
     -0.5774800,       0.2187558,       0.2024888,
  -9000.0000000, -118000.0000000,
     -0.6147009,       0.2705732,       0.2015157,
  -9000.0000000, -117997.0000000,
     -0.5906168,       0.2537873,       0.2018400,
  -9000.0000000, -117991.5000000,
     -0.6139711,       0.2275137,       0.2018400,
  -9000.0000000, -117982.5000000,
     -0.6373254,       0.2348119,       0.2018400,
  -9000.0000000, -117970.5000000,
     -0.6263781,       0.2121874,       0.2037862,
  -9000.0000000, -117960.0000000,
     -0.5701818,       0.2092681,       0.2021644,
  -9000.0000000, -117941.0000000,
     -0.5957255,       0.2348119,       0.2024888,
  -9000.0000000, -117928.5000000,
     -0.6044834,       0.2588960,       0.2037862,
  -9000.0000000, -117906.0000000,
     -0.6241886,       0.2771416,       0.2021644,
  -9000.0000000, -117883.0000000,
     -0.6081325,       0.2494084,       0.2024888,
  -9000.0000000, -117859.0000000,
     -0.5738309,       0.2727627,       0.2028131,
  -9000.0000000, -117824.5000000,
     -0.5891571,       0.2727627,       0.2011913,
  -9000.0000000, -117802.0000000,
     -0.5665327,       0.2713030,       0.2024888,
  -9000.0000000, -117758.0000000,
     -0.6001045,       0.2756820,       0.2021644,
  -9000.0000000, -117724.0000000,
     -0.5971852,       0.2494084,       0.2021644,
  -9000.0000000, -117696.5000000,
     -0.6015641,       0.2727627,       0.2028131,
  -9000.0000000, -117656.0000000,
     -0.6059430,       0.2435698,       0.2018400,
  -9000.0000000, -117601.0000000,
     -0.6358658,       0.2632750,       0.2021644,
  -9000.0000000, -117568.0000000,
     -0.5687221,       0.2640048,       0.2031375,
  -9000.0000000, -117525.5000000,
     -0.5891571,       0.2705732,       0.2024888,
  -9000.0000000, -117470.0000000,
     -0.5949957,       0.2669241,       0.2015157,
  -9000.0000000, -117408.0000000,
     -0.5658028,       0.2530575,       0.2021644,
  -9000.0000000, -117361.5000000,
     -0.5650730,       0.2479487,       0.2018400,
  -9000.0000000, -117287.5000000,
     -0.5774800,       0.2807907,       0.2021644,
  -9000.0000000, -117243.5000000,
     -0.5862379,       0.2931977,       0.2024888,
  -9000.0000000, -117162.5000000,
     -0.6001045,       0.2486785,       0.2024888,
  -9000.0000000, -117111.0000000,
     -0.5672625,       0.2231348,       0.2031375,
  -9000.0000000, -117036.0000000,
     -0.6154307,       0.2683837,       0.2024888,
  -9000.0000000, -116968.5000000,
     -0.6095922,       0.2610855,       0.2028131,
  -9000.0000000, -116883.5000000,
     -0.6081325,       0.2771416,       0.2031375,
  -9000.0000000, -116824.5000000,
     -0.5701818,       0.2479487,       0.2021644,
  -9000.0000000, -116729.0000000,
     -0.6110518,       0.2625452,       0.2015157,
  -9000.0000000, -116671.0000000,
     -0.5796695,       0.2837100,       0.1972989,
  -9000.0000000, -116564.5000000,
     -0.5949957,       0.2457592,       0.1908116,
  -9000.0000000, -116478.5000000,
     -0.5818589,       0.2530575,       0.1960015,
  -9000.0000000, -116414.5000000,
     -0.5614239,       0.2683837,       0.2021644,
  -9000.0000000, -116314.0000000,
     -0.6161606,       0.2756820,       0.2011913,
  -9000.0000000, -116205.5000000,
     -0.5964554,       0.2880889,       0.2002182,
  -9000.0000000, -116136.0000000,
     -0.6125114,       0.2800609,       0.2011913,
  -9000.0000000, -116038.0000000,
     -0.6176202,       0.2683837,       0.1995695,
  -9000.0000000, -115931.5000000,
     -0.5636134,       0.2917380,       0.1998938,
  -9000.0000000, -115817.5000000,
     -0.5869677,       0.2931977,       0.1998938,
  -9000.0000000, -115729.5000000,
     -0.5964554,       0.2793311,       0.1998938,
  -9000.0000000, -115603.5000000,
     -0.5913466,       0.2713030,       0.2002182,
  -9000.0000000, -115504.5000000,
     -0.5723712,       0.3121731,       0.2002182,
  -9000.0000000, -115366.5000000,
     -0.6059430,       0.3056047,       0.1998938,
  -9000.0000000, -115264.0000000,
     -0.5709116,       0.2844398,       0.1998938,
  -9000.0000000, -115132.5000000,
     -0.6074027,       0.2844398,       0.1989207,
  -9000.0000000, -115045.0000000,
     -0.6066729,       0.2661943,       0.1989207,
  -9000.0000000, -114887.5000000,
     -0.5949957,       0.2917380,       0.1985964,
  -9000.0000000, -114789.5000000,
     -0.5920764,       0.2778714,       0.1989207,
  -9000.0000000, -114675.5000000,
     -0.5811291,       0.3202011,       0.1982720,
  -9000.0000000, -114444.0000000,
     -0.5898870,       0.2895486,       0.1985964,
  -9000.0000000, -114325.0000000,
     -0.6147009,       0.3318782,       0.1972989,
  -9000.0000000, -114262.0000000,
     -0.6198097,       0.3180116,       0.1989207,
  -9000.0000000, -114155.0000000,
     -0.5862379,       0.3399063,       0.1995695,
  -9000.0000000, -113983.5000000,
     -0.5906168,       0.3202011,       0.1995695,
  -9000.0000000, -113880.0000000,
     -0.5825887,       0.3143625,       0.2005426,
  -9000.0000000, -113694.5000000,
     -0.6103220,       0.3077941,       0.2018400,
  -9000.0000000, -113588.0000000,
     -0.5993746,       0.3202011,       0.2015157,
  -9000.0000000, -113429.0000000,
     -0.6044834,       0.2946573,       0.2021644,
  -9000.0000000, -113243.0000000,
     -0.6125114,       0.3056047,       0.2018400,
  -9000.0000000, -113121.5000000,
     -0.6022939,       0.2961170,       0.2021644,
  -9000.0000000, -112965.0000000,
     -0.5577748,       0.3464747,       0.2028131,
  -9000.0000000, -112814.5000000,
     -0.6103220,       0.2866293,       0.2011913,
  -9000.0000000, -112607.5000000,
     -0.6132413,       0.3304186,       0.2021644,
  -9000.0000000, -112488.0000000,
     -0.6059430,       0.2953871,       0.2031375,
  -9000.0000000, -112274.0000000,
     -0.6154307,       0.3048748,       0.2018400,
  -9000.0000000, -112103.5000000,
     -0.5658028,       0.2880889,       0.2021644,
  -9000.0000000, -111968.0000000,
     -0.5606941,       0.3391765,       0.2028131,
  -9000.0000000, -111774.5000000,
     -0.5701818,       0.2858995,       0.2021644,
  -9000.0000000, -111576.5000000,
     -0.5658028,       0.3158222,       0.2021644,
  -9000.0000000, -111435.5000000,
     -0.5636134,       0.3274993,       0.2011913,
  -9000.0000000, -111223.5000000,
     -0.5928063,       0.3056047,       0.2008669,
  -9000.0000000, -111068.0000000,
     -0.5694519,       0.3063345,       0.2015157,
  -9000.0000000, -110839.5000000,
     -0.5825887,       0.2822503,       0.2005426,
  -9000.0000000, -110690.5000000,
     -0.6095922,       0.3165520,       0.1989207,
  -9000.0000000, -110456.0000000,
     -0.5599643,       0.2888187,       0.2005426,
  -9000.0000000, -110303.0000000,
     -0.6161606,       0.2851696,       0.1992451,
  -9000.0000000, -110105.5000000,
     -0.5716414,       0.2880889,       0.2002182,
  -9000.0000000, -109862.0000000,
     -0.5636134,       0.2713030,       0.2002182,
  -9000.0000000, -109703.5000000,
     -0.5475573,       0.3238502,       0.1995695,
  -9000.0000000, -109453.5000000,
     -0.5417187,       0.2596259,       0.1992451,
  -9000.0000000, -109291.5000000,
     -0.5512064,       0.2734925,       0.1992451,
  -9000.0000000, -109035.5000000,
     -0.5585046,       0.3158222,       0.1985964,
  -9000.0000000, -108869.5000000,
     -0.5672625,       0.2837100,       0.1989207,
  -9000.0000000, -108667.5000000,
     -0.5417187,       0.2888187,       0.1956771,
  -9000.0000000, -108415.0000000,
     -0.5533959,       0.3012257,       0.1982720,
  -9000.0000000, -108218.0000000,
     -0.5249328,       0.2866293,       0.1995695,
  -9000.0000000, -107946.5000000,
     -0.5526660,       0.2596259,       0.1972989,
  -9000.0000000, -107721.0000000,
     -0.5679923,       0.2683837,       0.1979476,
  -9000.0000000, -107543.5000000,
     -0.5621537,       0.2713030,       0.1979476,
  -9000.0000000, -107313.5000000,
     -0.5336907,       0.3048748,       0.1979476,
  -9000.0000000, -107030.0000000,
     -0.5030381,       0.2552469,       0.1982720,
  -9000.0000000, -106860.0000000,
     -0.5139855,       0.2917380,       0.1982720,
  -9000.0000000, -106611.5000000,
     -0.5380696,       0.2778714,       0.1976233,
  -9000.0000000, -106325.0000000,
     -0.5300416,       0.2961170,       0.1943796,
  -9000.0000000, -106167.5000000,
     -0.5271223,       0.3333379,       0.1969746,
  -9000.0000000, -105855.5000000,
     -0.5431784,       0.2983064,       0.1966502,
  -9000.0000000, -105620.5000000,
     -0.5417187,       0.3056047,       0.1979476,
  -9000.0000000, -105436.5000000,
     -0.5643432,       0.2939275,       0.1982720,
  -9000.0000000, -105201.5000000,
     -0.5373398,       0.2479487,       0.1979476,
  -9000.0000000, -104915.0000000,
     -0.5249328,       0.2764118,       0.1982720,
  -9000.0000000, -104731.0000000,
     -0.5833186,       0.2596259,       0.1976233,
  -9000.0000000, -104496.0000000,
     -0.5585046,       0.2844398,       0.1972989,
  -9000.0000000, -104209.5000000,
     -0.5161749,       0.2537873,       0.1979476,
  -9000.0000000, -103974.5000000,
     -0.5555853,       0.2669241,       0.1966502,
  -9000.0000000, -103817.0000000,
     -0.5315012,       0.2618153,       0.1985964,
  -9000.0000000, -103504.0000000,
     -0.5278521,       0.2822503,       0.1985964,
  -9000.0000000, -103320.5000000,
     -0.5847782,       0.2267839,       0.1979476,
  -9000.0000000, -103046.5000000,
     -0.5307714,       0.2479487,       0.1989207,
  -9000.0000000, -102798.5000000,
     -0.5592344,       0.2588960,       0.1992451,
  -9000.0000000, -102641.5000000,
     -0.5752905,       0.2129173,       0.1995695,
  -9000.0000000, -102342.5000000,
     -0.5745607,       0.2574364,       0.1995695,
  -9000.0000000, -102094.5000000,
     -0.5322310,       0.2486785,       0.1995695,
  -9000.0000000, -101910.5000000,
     -0.5665327,       0.2603557,       0.1995695,
  -9000.0000000, -101675.5000000,
     -0.5066873,       0.2472189,       0.1995695,
  -9000.0000000, -101389.0000000,
     -0.5344205,       0.2005103,       0.1982720,
  -9000.0000000, -101205.0000000,
     -0.5220135,       0.2464891,       0.1998938,
  -9000.0000000, -100918.5000000,
     -0.5475573,       0.2348119,       0.2011913,
  -9000.0000000, -100761.5000000,
     -0.5577748,       0.2282435,       0.2015157,
  -9000.0000000, -100448.5000000,
     -0.5249328,       0.2632750,       0.2024888,
  -9000.0000000, -100265.0000000,
     -0.5263924,       0.2384610,       0.2024888,
  -9000.0000000, -100029.5000000,
     -0.5628835,       0.2588960,       0.2018400,
  -9000.0000000,  -99743.0000000,
     -0.5242030,       0.2413803,       0.2021644,
  -9000.0000000,  -99559.0000000,
     -0.5336907,       0.2348119,       0.2028131,
  -9000.0000000,  -99273.0000000,
     -0.5599643,       0.1859138,       0.2024888,
  -9000.0000000,  -99115.5000000,
     -0.5460976,       0.2370014,       0.2024888,
  -9000.0000000,  -98802.5000000,
     -0.5373398,       0.2245944,       0.2037862,
  -9000.0000000,  -98619.0000000,
     -0.5782098,       0.2632750,       0.2024888,
  -9000.0000000,  -98410.5000000,
     -0.5278521,       0.2348119,       0.2031375,
  -9000.0000000,  -98149.5000000,
     -0.5387994,       0.2450294,       0.2034619,
  -9000.0000000,  -97914.5000000,
     -0.5548555,       0.2194857,       0.2037862,
  -9000.0000000,  -97628.0000000,
     -0.5336907,       0.2063489,       0.2031375,
  -9000.0000000,  -97444.0000000,
     -0.5402591,       0.2523276,       0.2011913,
  -9000.0000000,  -97209.0000000,
     -0.5738309,       0.2603557,       0.2008669,
  -9000.0000000,  -96935.5000000,
     -0.5512064,       0.2588960,       0.2005426,
  -9000.0000000,  -96739.0000000,
     -0.5723712,       0.2406505,       0.1995695,
  -9000.0000000,  -96452.5000000,
     -0.5300416,       0.3026854,       0.1998938,
  -9000.0000000,  -96268.5000000,
     -0.5453678,       0.2990363,       0.1985964,
  -9000.0000000,  -95995.0000000,
     -0.5555853,       0.3092538,       0.1998938,
  -9000.0000000,  -95759.5000000,
     -0.5037680,       0.2946573,       0.1979476,
  -9000.0000000,  -95511.5000000,
     -0.5577748,       0.2844398,       0.2008669,
  -9000.0000000,  -95328.0000000,
     -0.5716414,       0.2910082,       0.2005426,
  -9000.0000000,  -95092.5000000,
     -0.5526660,       0.2866293,       0.1998938,
  -9000.0000000,  -94806.5000000,
     -0.5533959,       0.3296888,       0.1985964,
  -9000.0000000,  -94622.5000000,
     -0.5687221,       0.3545027,       0.1969746,
  -9000.0000000,  -94387.5000000,
     -0.5242030,       0.3369870,       0.1963258,
  -9000.0000000,  -94115.0000000,
     -0.5636134,       0.3355274,       0.1960015,
  -9000.0000000,  -93867.0000000,
     -0.5402591,       0.3698290,       0.1963258,
  -9000.0000000,  -93709.5000000,
     -0.4957399,       0.3756676,       0.1966502,
  -9000.0000000,  -93448.0000000,
     -0.4701962,       0.3654501,       0.1976233,
  -9000.0000000,  -93161.5000000,
     -0.4979294,       0.3501238,       0.1992451,
  -9000.0000000,  -92977.5000000,
     -0.4993890,       0.3720185,       0.2015157,
  -9000.0000000,  -92742.5000000,
     -0.5336907,       0.3749377,       0.2028131,
  -9000.0000000,  -92456.5000000,
     -0.5190942,       0.3435554,       0.2047593,
  -9000.0000000,  -92272.5000000,
     -0.5052276,       0.3961026,       0.2054080,
  -9000.0000000,  -91986.0000000,
     -0.5285819,       0.3515834,       0.2060568,
  -9000.0000000,  -91802.0000000,
     -0.5190942,       0.3545027,       0.2067055,
  -9000.0000000,  -91515.5000000,
     -0.5344205,       0.3515834,       0.2073542,
  -9000.0000000,  -91344.5000000,
     -0.5504766,       0.3493940,       0.2054080,
  -9000.0000000,  -91045.5000000,
     -0.5336907,       0.3545027,       0.2073542,
  -9000.0000000,  -90861.5000000,
     -0.5139855,       0.3355274,       0.2080030,
  -9000.0000000,  -90575.5000000,
     -0.5147153,       0.3253098,       0.2063811,
  -9000.0000000,  -90391.5000000,
     -0.5205539,       0.3647202,       0.2063811,
  -9000.0000000,  -90106.0000000,
     -0.4920908,       0.3384466,       0.2067055,
  -9000.0000000,  -89871.0000000,
     -0.5424485,       0.3406361,       0.2067055,
  -9000.0000000,  -89687.0000000,
     -0.4891715,       0.3486642,       0.2070299,
  -9000.0000000,  -89451.5000000,
     -0.4804137,       0.3420958,       0.2073542,
  -9000.0000000,  -89165.5000000,
     -0.5278521,       0.3866149,       0.2073542,
  -9000.0000000,  -88994.0000000,
     -0.4928206,       0.3355274,       0.2080030,
  -9000.0000000,  -88695.0000000,
     -0.4753049,       0.3464747,       0.2080030,
  -9000.0000000,  -88511.5000000,
     -0.4731154,       0.3289590,       0.2096248,
  -9000.0000000,  -88225.0000000,
     -0.4621681,       0.2858995,       0.2096248,
  -9000.0000000,  -88054.0000000,
     -0.4920908,       0.3085239,       0.2093004,
  -9000.0000000,  -87805.5000000,
     -0.4643576,       0.2734925,       0.2096248,
  -9000.0000000,  -87532.5000000,
     -0.4534102,       0.3034152,       0.2096248,
  -9000.0000000,  -87335.5000000,
     -0.5103364,       0.2902784,       0.2086517,
  -9000.0000000,  -87049.0000000,
     -0.4804137,       0.2983064,       0.2073542,
  -9000.0000000,  -86865.0000000,
     -0.4366243,       0.3172818,       0.2076786,
  -9000.0000000,  -86579.0000000,
     -0.4899013,       0.3034152,       0.2063811,
  -9000.0000000,  -86395.0000000,
     -0.4928206,       0.2720328,       0.2073542,
  -9000.0000000,  -86110.0000000,
     -0.4979294,       0.3048748,       0.2070299,
  -9000.0000000,  -85913.0000000,
     -0.5008487,       0.2961170,       0.2070299,
  -9000.0000000,  -85690.5000000,
     -0.4804137,       0.2764118,       0.2073542,
  -9000.0000000,  -85431.0000000,
     -0.5293117,       0.2910082,       0.2080030,
  -9000.0000000,  -85234.0000000,
     -0.5066873,       0.2807907,       0.2083273,
  -9000.0000000,  -84985.0000000,
     -0.4877119,       0.2880889,       0.2089761,
  -9000.0000000,  -84699.0000000,
     -0.4950101,       0.3004959,       0.2093004,
  -9000.0000000,  -84515.0000000,
     -0.4891715,       0.3274993,       0.2093004,
  -9000.0000000,  -84216.0000000,
     -0.4599786,       0.2917380,       0.2099492,
  -9000.0000000,  -84045.0000000,
     -0.4993890,       0.3004959,       0.2099492,
  -9000.0000000,  -83758.5000000,
     -0.4723856,       0.2377312,       0.2096248,
  -9000.0000000,  -83574.5000000,
     -0.4519506,       0.2596259,       0.2089761,
  -9000.0000000,  -83288.0000000,
     -0.4913610,       0.2713030,       0.2096248,
  -9000.0000000,  -83078.5000000,
     -0.4592488,       0.2647346,       0.2102735,
  -9000.0000000,  -82818.0000000,
     -0.4731154,       0.2494084,       0.2093004,
  -9000.0000000,  -82608.5000000,
     -0.5154451,       0.2238646,       0.2086517,
  -9000.0000000,  -82348.0000000,
     -0.4344349,       0.2515978,       0.2093004,
  -9000.0000000,  -82164.5000000,
     -0.4315156,       0.2194857,       0.2086517,
  -9000.0000000,  -81905.0000000,
     -0.4577892,       0.2370014,       0.2086517,
  -9000.0000000,  -81669.0000000,
     -0.4468418,       0.2515978,       0.2083273,
  -9000.0000000,  -81459.5000000,
     -0.4614383,       0.2610855,       0.2080030,
  -9000.0000000,  -81160.0000000,
     -0.4577892,       0.2486785,       0.2083273,
  -9000.0000000,  -81003.0000000,
     -0.4446524,       0.2391909,       0.2080030,
  -9000.0000000,  -80754.0000000,
     -0.4154595,       0.2085383,       0.2083273,
  -9000.0000000,  -80519.0000000,
     -0.4490313,       0.2056190,       0.2076786,
  -9000.0000000,  -80245.5000000,
     -0.4307858,       0.2136471,       0.2080030,
  -9000.0000000,  -80023.0000000,
     -0.4337051,       0.2143769,       0.2073542,
  -9000.0000000,  -79762.0000000,
     -0.4555997,       0.2019699,       0.2060568,
  -9000.0000000,  -79565.5000000,
     -0.4490313,       0.2158365,       0.2050837,
  -9000.0000000,  -79292.0000000,
     -0.4680067,       0.1990506,       0.2047593,
  -9000.0000000,  -79082.5000000,
     -0.4483015,       0.1954015,       0.2037862,
  -9000.0000000,  -78835.5000000,
     -0.4548699,       0.2012401,       0.2041106,
  -9000.0000000,  -78587.0000000,
     -0.4220279,       0.1778858,       0.2047593,
  -9000.0000000,  -78403.0000000,
     -0.4271367,       0.2238646,       0.2060568,
  -9000.0000000,  -78117.5000000,
     -0.4709260,       0.2289733,       0.2067055,
  -9000.0000000,  -77933.5000000,
     -0.4037823,       0.2158365,       0.2073542,
  -9000.0000000,  -77647.0000000,
     -0.4212981,       0.1844542,       0.2073542,
  -9000.0000000,  -77437.5000000,
     -0.4161893,       0.2260541,       0.2076786,
  -9000.0000000,  -77189.5000000,
     -0.4271367,       0.1990506,       0.2063811,
  -9000.0000000,  -76967.5000000,
     -0.4096209,       0.1917524,       0.2070299,
  -9000.0000000,  -76706.5000000,
     -0.3745895,       0.2034296,       0.2080030,
  -9000.0000000,  -76497.5000000,
     -0.3899157,       0.1917524,       0.2076786,
  -9000.0000000,  -76236.5000000,
     -0.3994034,       0.1961314,       0.2080030,
  -9000.0000000,  -76027.0000000,
     -0.3833473,       0.1844542,       0.2073542,
  -9000.0000000,  -75766.0000000,
     -0.3994034,       0.1735069,       0.2076786,
  -9000.0000000,  -75492.5000000,
     -0.3702105,       0.1589104,       0.2080030,
  -9000.0000000,  -75296.0000000,
     -0.3366387,       0.1742367,       0.2083273,
  -9000.0000000,  -75112.0000000,
     -0.3899157,       0.1844542,       0.2076786,
  -9000.0000000,  -74825.5000000,
     -0.3702105,       0.1786156,       0.2076786,
  -9000.0000000,  -74641.5000000,
     -0.3395580,       0.2282435,       0.2080030,
  -9000.0000000,  -74355.5000000,
     -0.3986736,       0.2048892,       0.2093004,
  -9000.0000000,  -74172.5000000,
     -0.3556141,       0.1968612,       0.2080030,
  -9000.0000000,  -73886.0000000,
     -0.3519650,       0.2172962,       0.2102735,
  -9000.0000000,  -73729.0000000,
     -0.3935648,       0.2063489,       0.2105979,
  -9000.0000000,  -73416.0000000,
     -0.3548843,       0.1961314,       0.2099492,
  -9000.0000000,  -73232.0000000,
     -0.3439369,       0.1691279,       0.2112466,
  -9000.0000000,  -72945.5000000,
     -0.3089055,       0.1647490,       0.2105979,
  -9000.0000000,  -72761.5000000,
     -0.3023371,       0.1902928,       0.2102735,
  -9000.0000000,  -72553.5000000,
     -0.2979582,       0.2026997,       0.2115710,
  -9000.0000000,  -72240.5000000,
     -0.3366387,       0.1808051,       0.2128685,
  -9000.0000000,  -72005.0000000,
     -0.3191230,       0.2245944,       0.2138415,
  -9000.0000000,  -71821.0000000,
     -0.3359089,       0.2289733,       0.2151390,
  -9000.0000000,  -71612.5000000,
     -0.3351791,       0.2231348,       0.2164365,
  -9000.0000000,  -71312.5000000,
     -0.3417475,       0.2289733,       0.2170852,
  -9000.0000000,  -71091.0000000,
     -0.3293405,       0.1618297,       0.2174096,
  -9000.0000000,  -70880.5000000,
     -0.3570737,       0.1742367,       0.2180583,
  -9000.0000000,  -70621.0000000,
     -0.3395580,       0.1662086,       0.2190314,
  -9000.0000000,  -70410.5000000,
     -0.3483159,       0.1640192,       0.2193558,
  -9000.0000000,  -70138.0000000,
     -0.3439369,       0.1647490,       0.2144903,
  -9000.0000000,  -69940.5000000,
     -0.3395580,       0.1676683,       0.2200045,
  -9000.0000000,  -69654.0000000,
     -0.3417475,       0.1917524,       0.2200045,
  -9000.0000000,  -69470.0000000,
     -0.3293405,       0.1574508,       0.2200045,
  -9000.0000000,  -69184.0000000,
     -0.3578036,       0.1494227,       0.2203289,
  -9000.0000000,  -69000.0000000,
     -0.3359089,       0.1610999,       0.2209776,
  -9000.0000000,  -68714.0000000,
     -0.3614527,       0.1450438,       0.2209776,
  -9000.0000000,  -68530.0000000,
     -0.3162037,       0.1319070,       0.2203289,
  -9000.0000000,  -68243.5000000,
     -0.3665614,       0.1552613,       0.2203289,
  -9000.0000000,  -67944.0000000,
     -0.3446668,       0.1187702,       0.2200045,
  -9000.0000000,  -67786.0000000,
     -0.3789684,       0.1538017,       0.2203289,
  -9000.0000000,  -67589.0000000,
     -0.3570737,       0.1085527,       0.2203289,
  -9000.0000000,  -67354.0000000,
     -0.3665614,       0.1195000,       0.2200045,
  -9000.0000000,  -67055.0000000,
     -0.3293405,       0.1129316,       0.2196801,
  -9000.0000000,  -66859.0000000,
     -0.3198528,       0.1333667,       0.2193558,
  -9000.0000000,  -66648.5000000,
     -0.3745895,       0.1238790,       0.2200045,
  -9000.0000000,  -66389.0000000,
     -0.3505053,       0.1180404,       0.2148146,
  -9000.0000000,  -66179.5000000,
     -0.3745895,       0.0903072,       0.2183827,
  -9000.0000000,  -65803.5000000,
     -0.3541545,       0.0946861,       0.2174096,
  -9000.0000000,  -65736.0000000,
     -0.3687509,       0.0859282,       0.2164365,
  -9000.0000000,  -65487.0000000,
     -0.4161893,       0.0669529,       0.2141659,
  -9000.0000000,  -65265.5000000,
     -0.4373542,       0.0662230,       0.2122197,
  -9000.0000000,  -64965.5000000,
     -0.4483015,       0.1384754,       0.2105979,
  -9000.0000000,  -64717.5000000,
     -0.4468418,       0.1107422,       0.2102735,
  -9000.0000000,  -64533.5000000,
     -0.4614383,       0.1078229,       0.2093004,
  -9000.0000000,  -64274.0000000,
     -0.4446524,       0.0954159,       0.2083273,
  -9000.0000000,  -64038.5000000,
     -0.3979438,       0.1034440,       0.2089761,
  -9000.0000000,  -63828.0000000,
     -0.3446668,       0.0384898,       0.2076786,
  -9000.0000000,  -63554.5000000,
     -0.3351791,       0.0487073,       0.2050837,
  -9000.0000000,  -63370.5000000,
     -0.2811723,       0.0749809,       0.2034619,
  -9000.0000000,  -63084.5000000,
     -0.2731442,       0.0932264,       0.2021644,
  -9000.0000000,  -62900.5000000,
     -0.2760635,       0.1370158,       0.2028131,
  -9000.0000000,  -62652.5000000,
     -0.2724144,       0.1362859,       0.2044350,
  -9000.0000000,  -62379.0000000,
     -0.2694951,       0.1041738,       0.2060568,
  -9000.0000000,  -62209.0000000,
     -0.2169479,       0.1041738,       0.2073542,
  -9000.0000000,  -61948.0000000,
     -0.2687653,       0.0903072,       0.2076786,
  -9000.0000000,  -61688.0000000,
     -0.2315444,       0.1063632,       0.2086517,
  -9000.0000000,  -61504.5000000,
     -0.2461408,       0.0757107,       0.2099492,
  -9000.0000000,  -61218.0000000,
     -0.2089199,       0.0589248,       0.2102735,
  -9000.0000000,  -61007.5000000,
     -0.2132988,       0.0662230,       0.2102735,
  -9000.0000000,  -60734.0000000,
     -0.2132988,       0.0552757,       0.2102735,
  -9000.0000000,  -60564.0000000,
     -0.1884849,       0.0618441,       0.2115710,
  -9000.0000000,  -60277.5000000,
     -0.2096497,       0.1143913,       0.2122197,
  -9000.0000000,  -60016.0000000,
     -0.1804568,       0.0706020,       0.2138415,
  -9000.0000000,  -59858.5000000,
     -0.1644007,       0.0866580,       0.2148146,
  -9000.0000000,  -59558.0000000,
     -0.2271654,       0.0793598,       0.2141659,
  -9000.0000000,  -59374.5000000,
     -0.1476148,       0.0567353,       0.2151390,
  -9000.0000000,  -59101.5000000,
     -0.1957831,       0.0538161,       0.2144903,
  -9000.0000000,  -58853.0000000,
     -0.2118392,       0.0611143,       0.2151390,
  -9000.0000000,  -58631.5000000,
     -0.1775375,       0.0333810,       0.2154634,
  -9000.0000000,  -58383.0000000,
     -0.1928638,       0.0341109,       0.2161121,
  -9000.0000000,  -58212.5000000,
     -0.2271654,       0.0195144,       0.2167608,
  -9000.0000000,  -57927.0000000,
     -0.1841059,       0.0275425,       0.2174096,
  -9000.0000000,  -57665.5000000,
     -0.1994322,       0.0231635,       0.2167608,
  -9000.0000000,  -57494.5000000,
     -0.2242461,       0.0392196,       0.2170852,
  -9000.0000000,  -57259.5000000,
     -0.1658604,       0.0114864,       0.2161121,
  -9000.0000000,  -57024.5000000,
     -0.2308145,       0.0158653,       0.2144903,
  -9000.0000000,  -56751.5000000,
     -0.2081900,       0.0173250,       0.2122197,
  -9000.0000000,  -56516.5000000,
     -0.1833761,       0.0019987,       0.2115710,
  -9000.0000000,  -56267.5000000,
     -0.2585478,       0.0129460,       0.2089761,
  -9000.0000000,  -56084.0000000,
     -0.2373829,       0.0363003,       0.2105979,
  -9000.0000000,  -55862.5000000,
     -0.2906599,       0.0151355,       0.2112466,
  -9000.0000000,  -55575.5000000,
     -0.2738740,       0.0027285,       0.2128685,
  -9000.0000000,  -55392.0000000,
     -0.2687653,      -0.0023802,       0.2138415,
  -9000.0000000,  -55092.0000000,
     -0.2585478,      -0.0286538,       0.2128685,
  -9000.0000000,  -54921.5000000,
     -0.3016073,      -0.0169767,       0.2131928,
  -9000.0000000,  -54673.0000000,
     -0.2008918,      -0.0439801,       0.2112466,
  -9000.0000000,  -54386.5000000,
     -0.2169479,      -0.0374117,       0.2076786,
  -9000.0000000,  -54204.0000000,
     -0.2030813,      -0.0512783,       0.2050837,
  -9000.0000000,  -53931.0000000,
     -0.1797270,      -0.0417906,       0.2034619,
  -9000.0000000,  -53682.0000000,
     -0.2198672,      -0.0388713,       0.2005426,
  -9000.0000000,  -53447.0000000,
     -0.2300847,      -0.0410608,       0.1995695,
  -9000.0000000,  -53263.0000000,
     -0.2373829,      -0.0505485,       0.1989207,
  -9000.0000000,  -53041.5000000,
     -0.2629267,      -0.0454397,       0.1985964,
  -9000.0000000,  -52741.5000000,
     -0.2016217,      -0.0359521,       0.1982720,
  -9000.0000000,  -52571.5000000,
     -0.2023515,      -0.0228153,       0.1982720,
  -9000.0000000,  -52336.5000000,
     -0.1819165,      -0.0279240,       0.1985964,
  -9000.0000000,  -52036.0000000,
     -0.1811866,      -0.0264644,       0.2011913,
  -9000.0000000,  -51852.5000000,
     -0.1724288,      -0.0184363,       0.2024888,
  -9000.0000000,  -51617.0000000,
     -0.1848357,      -0.0279240,       0.2034619,
  -9000.0000000,  -51382.0000000,
     -0.1651306,      -0.0250047,       0.2063811,
  -9000.0000000,  -51147.0000000,
     -0.1249903,      -0.0571169,       0.2086517,
  -9000.0000000,  -50860.5000000,
     -0.1614814,      -0.0666046,       0.2089761,
  -9000.0000000,  -50676.5000000,
     -0.1220711,      -0.0914185,       0.2102735,
  -9000.0000000,  -50442.0000000,
     -0.1578323,      -0.0775519,       0.2105979,
  -9000.0000000,  -50207.5000000,
     -0.2001620,      -0.0717133,       0.2109223,
  -9000.0000000,  -49986.0000000,
     -0.1724288,      -0.0724432,       0.2112466,
  -9000.0000000,  -49685.5000000,
     -0.1884849,      -0.0724432,       0.2125441,
  -9000.0000000,  -49450.5000000,
     -0.2045409,      -0.0950676,       0.2138415,
  -9000.0000000,  -49267.0000000,
     -0.1468850,      -0.1009062,       0.2138415,
  -9000.0000000,  -49031.5000000,
     -0.2249760,      -0.1067448,       0.2135172,
  -9000.0000000,  -48796.5000000,
     -0.2154883,      -0.0768221,       0.2135172,
  -9000.0000000,  -48537.0000000,
     -0.1877550,      -0.1198816,       0.2125441,
  -9000.0000000,  -48326.5000000,
     -0.2556285,      -0.0965273,       0.2112466,
  -9000.0000000,  -48091.5000000,
     -0.2388426,      -0.1169623,       0.2102735,
  -9000.0000000,  -47804.5000000,
     -0.2300847,      -0.1052851,       0.2089761,
  -9000.0000000,  -47621.0000000,
     -0.2680355,      -0.0804712,       0.2070299,
  -9000.0000000,  -47334.5000000,
     -0.2242461,      -0.0614958,       0.2089761,
  -9000.0000000,  -47150.5000000,
     -0.2278952,      -0.0753624,       0.2089761,
  -9000.0000000,  -46864.0000000,
     -0.2614671,      -0.0987167,       0.2086517,
  -9000.0000000,  -46680.5000000,
     -0.2030813,      -0.0673344,       0.2070299,
  -9000.0000000,  -46445.5000000,
     -0.2081900,      -0.1038255,       0.2060568,
  -9000.0000000,  -46160.0000000,
     -0.2446812,      -0.1264500,       0.2047593,
  -9000.0000000,  -45976.0000000,
     -0.2388426,      -0.1125834,       0.2047593,
  -9000.0000000,  -45754.5000000,
     -0.2264356,      -0.1103939,       0.2037862,
  -9000.0000000,  -45454.5000000,
     -0.2052708,      -0.0863098,       0.2037862,
  -9000.0000000,  -45270.5000000,
     -0.1665902,      -0.0979869,       0.2028131,
  -9000.0000000,  -44984.0000000,
     -0.1629411,      -0.1023659,       0.2015157,
  -9000.0000000,  -44749.0000000,
     -0.1519938,      -0.0892291,       0.2005426,
  -9000.0000000,  -44565.5000000,
     -0.0855799,      -0.0739028,       0.1989207,
  -9000.0000000,  -44305.5000000,
     -0.1636709,      -0.0848501,       0.2011913,
  -9000.0000000,  -44095.0000000,
     -0.1235307,      -0.0797414,       0.1998938,
  -9000.0000000,  -43808.5000000,
     -0.1432359,      -0.0600362,       0.1995695,
  -9000.0000000,  -43638.5000000,
     -0.1505341,      -0.1030957,       0.2011913,
  -9000.0000000,  -43338.0000000,
     -0.1673200,      -0.0797414,       0.2018400,
  -9000.0000000,  -43154.0000000,
     -0.1279096,      -0.0979869,       0.2024888,
  -9000.0000000,  -42867.5000000,
     -0.1563727,      -0.0651449,       0.2024888,
  -9000.0000000,  -42683.5000000,
     -0.1622113,      -0.0593064,       0.2031375,
  -9000.0000000,  -42397.5000000,
     -0.1622113,      -0.0724432,       0.2034619,
  -9000.0000000,  -42214.5000000,
     -0.1330184,      -0.0461696,       0.2037862,
  -9000.0000000,  -41927.5000000,
     -0.0498187,      -0.0556572,       0.2047593,
  -9000.0000000,  -41743.5000000,
     -0.0804712,      -0.0476292,       0.2050837,
  -9000.0000000,  -41457.0000000,
     -0.0965273,      -0.0439801,       0.2050837,
  -9000.0000000,  -41260.0000000,
     -0.0695239,      -0.0016504,       0.2070299,
  -9000.0000000,  -41013.0000000,
     -0.0768221,      -0.0520081,       0.2073542,
  -9000.0000000,  -40802.0000000,
     -0.1060150,      -0.0111381,       0.2073542,
  -9000.0000000,  -40515.5000000,
     -0.1052851,      -0.0125977,       0.2070299,
  -9000.0000000,  -40332.0000000,
     -0.0855799,      -0.0001908,       0.2067055,
  -9000.0000000,  -40045.0000000,
     -0.0804712,       0.0246232,       0.2050837,
  -9000.0000000,  -39861.5000000,
     -0.0855799,      -0.0045697,       0.2034619,
  -9000.0000000,  -39574.0000000,
     -0.0928782,      -0.0257345,       0.2031375,
  -9000.0000000,  -39390.5000000,
     -0.0979869,      -0.0374117,       0.2028131,
  -9000.0000000,  -39104.0000000,
     -0.0527380,       0.0107566,       0.2031375,
  -9000.0000000,  -38934.0000000,
     -0.1257202,      -0.0417906,       0.2041106,
  -9000.0000000,  -38634.0000000,
     -0.1417762,      -0.0089486,       0.2060568,
  -9000.0000000,  -38449.5000000,
     -0.1249903,      -0.0578467,       0.2073542,
  -9000.0000000,  -38164.0000000,
     -0.1724288,      -0.0242749,       0.2080030,
  -9000.0000000,  -37980.5000000,
     -0.1359377,      -0.0447099,       0.2080030,
  -9000.0000000,  -37693.5000000,
     -0.1498043,      -0.0695239,       0.2073542,
  -9000.0000000,  -37523.5000000,
     -0.1541832,      -0.0965273,       0.2067055,
  -9000.0000000,  -37275.0000000,
     -0.1249903,      -0.0622256,       0.2060568,
  -9000.0000000,  -36988.0000000,
     -0.1403166,      -0.1016360,       0.2047593,
  -9000.0000000,  -36818.0000000,
     -0.1804568,      -0.0812010,       0.2028131,
  -9000.0000000,  -36569.5000000,
     -0.1016360,      -0.0549274,       0.2015157,
  -9000.0000000,  -36283.0000000,
     -0.1359377,      -0.0658748,       0.2005426,
  -9000.0000000,  -36099.0000000,
     -0.1439657,      -0.0549274,       0.2005426,
  -9000.0000000,  -35812.5000000,
     -0.1089343,      -0.0936080,       0.2015157,
  -9000.0000000,  -35577.5000000,
     -0.1322886,      -0.0892291,       0.2024888,
  -9000.0000000,  -35393.5000000,
     -0.1191518,      -0.0965273,       0.2034619,
  -9000.0000000,  -35158.5000000,
     -0.1315587,      -0.1089343,       0.2041106,
  -9000.0000000,  -34885.0000000,
     -0.0972571,      -0.0957975,       0.2044350,
  -9000.0000000,  -34650.0000000,
     -0.1286394,      -0.1089343,       0.2050837,
  -9000.0000000,  -34402.0000000,
     -0.1300991,      -0.1118535,       0.2041106,
  -9000.0000000,  -34244.5000000,
     -0.1074746,      -0.1067448,       0.2047593,
  -9000.0000000,  -33932.5000000,
     -0.1023659,      -0.1111237,       0.2047593,
  -9000.0000000,  -33749.0000000,
     -0.0629555,      -0.1271798,       0.2044350,
  -9000.0000000,  -33462.5000000,
     -0.0673344,      -0.1067448,       0.2047593,
  -9000.0000000,  -33278.5000000,
     -0.0520081,      -0.0994466,       0.2041106,
  -9000.0000000,  -32992.0000000,
     -0.0921483,      -0.0957975,       0.2060568,
  -9000.0000000,  -32835.0000000,
     -0.0943378,      -0.0906887,       0.2070299,
  -9000.0000000,  -32549.0000000,
     -0.0877694,      -0.0804712,       0.2089761,
  -9000.0000000,  -32365.0000000,
     -0.0972571,      -0.0746326,       0.2096248,
  -9000.0000000,  -32051.5000000,
     -0.0790116,      -0.0760923,       0.2109223,
  -9000.0000000,  -31868.0000000,
     -0.0483590,      -0.0520081,       0.2118954,
  -9000.0000000,  -31581.5000000,
     -0.0396012,      -0.0417906,       0.2135172,
  -9000.0000000,  -31397.5000000,
     -0.0549274,      -0.0417906,       0.2141659,
  -9000.0000000,  -31137.5000000,
     -0.0520081,      -0.0125977,       0.2154634,
  -9000.0000000,  -30927.5000000,
      0.0238934,       0.0136758,       0.2161121,
  -9000.0000000,  -30641.0000000,
     -0.0228153,       0.0209741,       0.2164365,
  -9000.0000000,  -30456.5000000,
     -0.0074890,       0.0428687,       0.2170852,
  -9000.0000000,  -30184.0000000,
      0.0370301,       0.0209741,       0.2170852,
  -9000.0000000,  -29987.5000000,
     -0.0147872,       0.0421389,       0.2180583,
  -9000.0000000,  -29727.5000000,
     -0.0016504,       0.0202442,       0.2193558,
  -9000.0000000,  -29517.0000000,
      0.0180548,       0.0428687,       0.2193558,
  -9000.0000000,  -29230.5000000,
     -0.0089486,       0.0443284,       0.2190314,
  -9000.0000000,  -29046.0000000,
      0.0187846,       0.0406793,       0.2193558,
  -9000.0000000,  -28786.5000000,
      0.0304618,       0.0830089,       0.2190314,
  -9000.0000000,  -28499.5000000,
      0.0158653,       0.0924966,       0.2193558,
  -9000.0000000,  -28354.0000000,
      0.0589248,       0.1151211,       0.2190314,
  -9000.0000000,  -28081.0000000,
      0.0720616,       0.1049036,       0.2196801,
  -9000.0000000,  -27870.5000000,
      0.0494371,       0.1173106,       0.2216263,
  -9000.0000000,  -27610.5000000,
      0.0472477,       0.1574508,       0.2222750,
  -9000.0000000,  -27361.5000000,
      0.0384898,       0.1275281,       0.2245456,
  -9000.0000000,  -27165.0000000,
     -0.0031101,       0.1136615,       0.2268162,
  -9000.0000000,  -26905.5000000,
      0.0348407,       0.1107422,       0.2284380,
  -9000.0000000,  -26695.0000000,
     -0.0600362,       0.0924966,       0.2258431,
  -9000.0000000,  -26435.0000000,
     -0.0279240,       0.0866580,       0.2281136,
  -9000.0000000,  -26225.0000000,
     -0.0257345,       0.0888475,       0.2268162,
  -9000.0000000,  -25965.5000000,
     -0.0636853,       0.0757107,       0.2229238,
  -9000.0000000,  -25755.0000000,
     -0.0899589,       0.0932264,       0.2219507,
  -9000.0000000,  -25481.0000000,
     -0.1103939,       0.1523420,       0.2200045,
  -9000.0000000,  -25311.0000000,
     -0.1541832,       0.1954015,       0.2196801,
  -9000.0000000,  -25025.0000000,
     -0.0914185,       0.1793454,       0.2209776,
  -9000.0000000,  -24841.0000000,
     -0.0877694,       0.1837244,       0.2229238,
  -9000.0000000,  -24554.5000000,
     -0.0724432,       0.1574508,       0.2225994,
  -9000.0000000,  -24371.0000000,
     -0.0468994,       0.1567210,       0.2255187,
  -9000.0000000,  -24135.5000000,
     -0.0001908,       0.1632894,       0.2264918,
  -9000.0000000,  -23874.0000000,
     -0.0323029,       0.1589104,       0.2271405,
  -9000.0000000,  -23614.0000000,
     -0.0308433,       0.1596402,       0.2261674,
  -9000.0000000,  -23430.0000000,
     -0.0169767,       0.1501526,       0.2251943,
  -9000.0000000,  -23130.0000000,
     -0.0352222,       0.1662086,       0.2238969,
  -9000.0000000,  -22959.5000000,
      0.0297319,       0.1873735,       0.2225994,
  -9000.0000000,  -22663.0000000,
     -0.0432503,       0.1567210,       0.2206532,
  -9000.0000000,  -22496.5000000,
     -0.0352222,       0.1851840,       0.2193558,
  -9000.0000000,  -22268.5000000,
     -0.0074890,       0.1837244,       0.2190314,
  -9000.0000000,  -22043.5000000,
     -0.0636853,       0.2019699,       0.2180583,
  -9000.0000000,  -21820.0000000,
     -0.0177065,       0.2151067,       0.2167608,
  -9000.0000000,  -21539.0000000,
     -0.0739028,       0.2092681,       0.2164365,
  -9000.0000000,  -21368.5000000,
     -0.0775519,       0.1808051,       0.2167608,
  -9000.0000000,  -21165.5000000,
      0.0092969,       0.2158365,       0.2154634,
  -9000.0000000,  -20906.0000000,
     -0.0790116,       0.2406505,       0.2083273,
  -9000.0000000,  -20684.0000000,
     -0.0534678,       0.2194857,       0.2164365,
  -9000.0000000,  -20521.5000000,
     -0.0286538,       0.2902784,       0.2170852,
  -9000.0000000,  -20260.0000000,
     -0.0213556,       0.2515978,       0.2167608,
  -9000.0000000,  -20125.0000000,
     -0.0264644,       0.2267839,       0.2157877,
  -9000.0000000,  -19869.5000000,
      0.0063776,       0.2224049,       0.2138415,
  -9000.0000000,  -19726.5000000,
      0.0012689,       0.2260541,       0.2105979,
  -9000.0000000,  -19477.5000000,
      0.0698721,       0.2041594,       0.2070299,
  -9000.0000000,  -19327.0000000,
      0.0647634,       0.2275137,       0.2021644,
  -9000.0000000,  -19137.0000000,
      0.0859282,       0.2888187,       0.1937309,
  -9000.0000000,  -18960.0000000,
      0.1392052,       0.3209309,       0.1963258,
  -9000.0000000,  -18725.0000000,
      0.1231491,       0.3581518,       0.1963258,
  -9000.0000000,  -18593.0000000,
      0.1596402,       0.3202011,       0.1963258,
  -9000.0000000,  -18373.5000000,
      0.1742367,       0.3669097,       0.1960015,
  -9000.0000000,  -18234.5000000,
      0.1289877,       0.3121731,       0.1972989,
  -9000.0000000,  -18059.0000000,
      0.1603701,       0.3647202,       0.1969746,
  -9000.0000000,  -17886.0000000,
      0.1800753,       0.3800465,       0.1969746,
  -9000.0000000,  -17715.5000000,
      0.1654788,       0.3493940,       0.1976233,
  -9000.0000000,  -17528.5000000,
      0.1267983,       0.3968324,       0.1985964,
  -9000.0000000,  -17336.5000000,
      0.1793454,       0.3705588,       0.1998938,
  -9000.0000000,  -17209.5000000,
      0.1822647,       0.3274993,       0.2002182,
  -9000.0000000,  -17058.0000000,
      0.2005103,       0.3545027,       0.1963258,
  -9000.0000000,  -16891.0000000,
      0.2348119,       0.2713030,       0.1937309,
  -9000.0000000,  -16702.5000000,
      0.1924822,       0.2939275,       0.1940553,
  -9000.0000000,  -16550.5000000,
      0.2070787,       0.2654644,       0.1911360,
  -9000.0000000,  -16433.0000000,
      0.2661943,       0.2742223,       0.1865949,
  -9000.0000000,  -16253.5000000,
      0.2603557,       0.2990363,       0.1817294,
  -9000.0000000,  -16140.0000000,
      0.3559624,       0.3515834,       0.1784857,
  -9000.0000000,  -15967.5000000,
      0.3997517,       0.3464747,       0.1765395,
  -9000.0000000,  -15827.5000000,
      0.3975622,       0.3873447,       0.1742690,
  -9000.0000000,  -15720.0000000,
      0.4165376,       0.3720185,       0.1739446,
  -9000.0000000,  -15592.5000000,
      0.4588673,       0.3931833,       0.1755664,
  -9000.0000000,  -15452.0000000,
      0.5026566,       0.4004815,       0.1788101,
  -9000.0000000,  -15301.5000000,
      0.5055759,       0.3917237,       0.1820537,
  -9000.0000000,  -15167.0000000,
      0.4639760,       0.4209165,       0.1846487,
  -9000.0000000,  -15042.0000000,
      0.4698146,       0.4136183,       0.1872436,
  -9000.0000000,  -14946.5000000,
      0.4267551,       0.3931833,       0.1898385,
  -9000.0000000,  -14800.5000000,
      0.4384323,       0.3749377,       0.1924334,
  -9000.0000000,  -14708.5000000,
      0.4398919,       0.3888044,       0.1940553,
  -9000.0000000,  -14569.0000000,
      0.4442708,       0.3690992,       0.1947040,
  -9000.0000000,  -14457.0000000,
      0.4384323,       0.3727483,       0.1953527,
  -9000.0000000,  -14371.0000000,
      0.4705444,       0.3537729,       0.1947040,
  -9000.0000000,  -14240.0000000,
      0.4683550,       0.3413659,       0.1934065,
  -9000.0000000,  -14158.0000000,
      0.4479199,       0.3705588,       0.1914603,
  -9000.0000000,  -14055.5000000,
      0.5398775,       0.3749377,       0.1901629,
  -9000.0000000,  -13934.0000000,
      0.4997373,       0.3165520,       0.1872436,
  -9000.0000000,  -13858.0000000,
      0.5223618,       0.3683693,       0.1852974,
  -9000.0000000,  -13747.5000000,
      0.5559336,       0.3727483,       0.1843243,
  -9000.0000000,  -13650.0000000,
      0.5588529,       0.3778570,       0.1839999,
  -9000.0000000,  -13580.0000000,
      0.5836668,       0.3844254,       0.1856218,
  -9000.0000000,  -13473.5000000,
      0.5763686,       0.4150780,       0.1839999,
  -9000.0000000,  -13407.0000000,
      0.5895054,       0.4442708,       0.1827025,
  -9000.0000000,  -13306.5000000,
      0.5822072,       0.4158078,       0.1827025,
  -9000.0000000,  -13244.5000000,
      0.5829370,       0.4537585,       0.1830268,
  -9000.0000000,  -13166.5000000,
      0.5362284,       0.4873303,       0.1846487,
  -9000.0000000,  -13075.5000000,
      0.5654213,       0.4741935,       0.1869192,
  -9000.0000000,  -13019.0000000,
      0.5362284,       0.4756532,       0.1882167,
  -9000.0000000,  -12934.0000000,
      0.4931689,       0.4909794,       0.1898385,
  -9000.0000000,  -12881.0000000,
      0.4960882,       0.4953584,       0.1914603,
  -9000.0000000,  -12802.0000000,
      0.4705444,       0.4647059,       0.1921091,
  -9000.0000000,  -12740.0000000,
      0.4873303,       0.4902496,       0.1937309,
  -9000.0000000,  -12693.5000000,
      0.4296744,       0.4734637,       0.1947040,
  -9000.0000000,  -12624.0000000,
      0.4165376,       0.4990075,       0.1953527,
  -9000.0000000,  -12581.0000000,
      0.4632462,       0.5099548,       0.1979476,
  -9000.0000000,  -12517.0000000,
      0.3559624,       0.4924391,       0.1985964,
  -9000.0000000,  -12478.0000000,
      0.3888044,       0.4698146,       0.2002182,
  -9000.0000000,  -12420.5000000,
      0.3661799,       0.4844111,       0.2008669,
  -9000.0000000,  -12383.0000000,
      0.3618010,       0.4836812,       0.2028131,
  -9000.0000000,  -12342.5000000,
      0.3347975,       0.4844111,       0.2037862,
  -9000.0000000,  -12294.0000000,
      0.3632606,       0.4968180,       0.2050837,
  -9000.0000000,  -12265.0000000,
      0.3333379,       0.4486498,       0.2057324,
  -9000.0000000,  -12222.5000000,
      0.3391765,       0.5019268,       0.2067055,
  -9000.0000000,  -12197.0000000,
      0.3793167,       0.4282148,       0.2076786,
  -9000.0000000,  -12159.5000000,
      0.3194713,       0.4428112,       0.2080030,
  -9000.0000000,  -12139.5000000,
      0.2786012,       0.4508392,       0.2086517,
  -9000.0000000,  -12109.5000000,
      0.3114432,       0.4493796,       0.2089761,
  -9000.0000000,  -12090.5000000,
      0.3253098,       0.4340533,       0.2093004,
  -9000.0000000,  -12067.5000000,
      0.3099836,       0.4347832,       0.2099492,
  -9000.0000000,  -12056.0000000,
      0.3355274,       0.4522989,       0.2099492,
  -9000.0000000,  -12036.0000000,
      0.3026854,       0.4304042,       0.2099492,
  -9000.0000000,  -12026.5000000,
      0.3581518,       0.4625164,       0.2102735,
  -9000.0000000,  -12014.5000000,
      0.3129029,       0.4026710,       0.2102735,
  -9000.0000000,  -12009.0000000,
      0.3391765,       0.4274849,       0.2099492,
  -9000.0000000,  -12003.0000000,
      0.2713030,       0.3895342,       0.2102735,
  -9000.0000000,  -12000.5000000,
      0.3216607,       0.4610567,       0.2102735,
  -9000.0000000,  -12000.5000000,
      0.3077941,       0.4333235,       0.2109223,
  -9000.0000000,  -12000.5000000,
      0.2924679,       0.4595971,       0.2102735,
  -9000.0000000,  -12000.5000000,
      0.3267695,       0.4055903,       0.2109223,
  -9000.0000000,  -12000.5000000,
      0.2866293,       0.4457305,       0.2102735,
  -9000.0000000,  -12000.5000000,
      0.3121731,       0.4194569,       0.2109223,
  -9000.0000000,  -12000.5000000,
      0.2939275,       0.4362428,       0.2105979,
  -9000.0000000,  -12000.5000000,
      0.2917380,       0.4595971,       0.2105979,
  -9000.0000000,  -12000.5000000,
      0.3034152,       0.4530287,       0.2102735,
  -9000.0000000,  -12000.5000000,
      0.3114432,       0.4260253,       0.2102735,
  -9000.0000000,  -12000.5000000,
      0.3077941,       0.4566778,       0.2109223,
  -9000.0000000,  -12000.0000000,
      0.3391765,       0.4267551,       0.2102735,
  -9000.0000000,  -12000.0000000,
      0.3136327,       0.4851409,       0.2096248,
  -9000.0000000,  -12000.0000000,
      0.3129029,       0.4026710,       0.2105979,
  -9000.0000000,  -12000.0000000,
      0.3099836,       0.4347832,       0.2102735,
  -9000.0000000,  -12000.0000000,
      0.3012257,       0.4318639,       0.2105979,
  -9000.0000000,  -12000.0000000,
      0.3092538,       0.4165376,       0.2109223,
  -9000.0000000,  -12000.0000000,
      0.3223906,       0.4019412,       0.2109223,
  -9000.0000000,  -12000.0000000,
      0.2800609,       0.4012113,       0.2102735,
  -9000.0000000,  -12000.0000000,
      0.3026854,       0.4231060,       0.2102735,
  -9000.0000000,  -12000.0000000,
      0.3136327,       0.4420814,       0.2109223,
  -9000.0000000,  -12000.0000000,
      0.2756820,       0.4369726,       0.2105979,
  -9000.0000000,  -12000.0000000,
      0.2844398,       0.4325937,       0.2105979,
  -9000.0000000,  -12000.0000000,
      0.3092538,       0.4106990,       0.2105979,
  -9000.0000000,  -12000.0000000,
      0.2902784,       0.4289446,       0.2102735,
  -9000.0000000,  -12000.0000000,
      0.3056047,       0.4245656,       0.2105979,
  -9000.0000000,  -12000.0000000,
      0.2946573,       0.4158078,       0.2105979,
  -9000.0000000,  -12000.0000000,
      0.3136327,       0.4012113,       0.2109223,
  -9000.0000000,  -12000.0000000,
      0.3114432,       0.4187271,       0.2102735,
  -9000.0000000,  -12000.0000000,
      0.2844398,       0.4223762,       0.2102735,
  -9000.0000000,  -12000.0000000,
      0.2822503,       0.4252955,       0.2109223,
  -9000.0000000,  -12000.0000000,
      0.3026854,       0.4318639,       0.2112466,
  -9000.0000000,  -12000.0000000,
      0.2676539,       0.4377024,       0.2105979,
  -9000.0000000,  -12000.0000000,
      0.3450150,       0.4420814,       0.2102735,
  -9000.0000000,  -12000.0000000,
      0.3369870,       0.4413516,       0.2105979,
  -9000.0000000,  -12000.0000000,
      0.2968468,       0.4632462,       0.2105979,
  -9000.0000000,  -12000.0000000,
      0.3209309,       0.4136183,       0.2109223,
  -9000.0000000,  -12000.0000000,
      0.2910082,       0.4260253,       0.2105979,
  -9000.0000000,  -12000.0000000,
      0.2851696,       0.4384323,       0.2102735,
  -9000.0000000,  -12000.0000000,
      0.3347975,       0.4092394,       0.2102735,
  -9000.0000000,  -12000.0000000,
      0.3267695,       0.4391621,       0.2109223,
  -9000.0000000,  -12000.0000000,
      0.2873591,       0.4136183,       0.2109223,
  -9000.0000000,  -12000.0000000,
      0.2880889,       0.4150780,       0.2099492,
  -9000.0000000,  -12000.0000000,
      0.2771416,       0.4639760,       0.2105979,
  -9000.0000000,  -12000.0000000,
      0.2742223,       0.4471901,       0.2109223,
  -9000.0000000,  -12000.0000000,
      0.3274993,       0.4398919,       0.2102735,
  -9000.0000000,  -12000.0000000,
      0.3114432,       0.4267551,       0.2109223,
  -9000.0000000,  -12000.0000000,
      0.3172818,       0.3975622,       0.2102735,
  -9000.0000000,  -12000.0000000,
      0.3340677,       0.4413516,       0.2102735,
  -9000.0000000,  -12000.0000000,
      0.3085239,       0.4172674,       0.2105979,
  -9000.0000000,  -12000.0000000,
      0.2990363,       0.4143481,       0.2109223,
  -9000.0000000,  -12000.0000000,
      0.3136327,       0.4274849,       0.2109223,
  -9000.0000000,  -12000.0000000,
      0.2742223,       0.4544883,       0.2105979,
  -9000.0000000,  -12000.0000000,
      0.3180116,       0.4252955,       0.2102735,
  -9000.0000000,  -12000.0000000,
      0.3077941,       0.4296744,       0.2102735,
  -9000.0000000,  -12000.0000000,
      0.2953871,       0.4377024,       0.2105979,
  -9000.0000000,  -12000.0000000,
      0.2829802,       0.4267551,       0.2112466,
  -9000.0000000,  -12000.0000000,
      0.3085239,       0.4325937,       0.2105979,
  -9000.0000000,  -12000.0000000,
      0.3194713,       0.4209165,       0.2102735,
  -9000.0000000,  -12000.0000000,
      0.2997661,       0.4325937,       0.2102735,
  -9000.0000000,  -12000.0000000,
      0.3034152,       0.4355130,       0.2105979,
  -9000.0000000,  -12000.0000000,
      0.3048748,       0.4260253,       0.2112466,
  -9000.0000000,  -12000.0000000,
      0.3165520,       0.4537585,       0.2105979,
  -9000.0000000,  -12000.0000000,
      0.3063345,       0.4238358,       0.2105979,
  -9000.0000000,  -12000.0000000,
      0.2924679,       0.4413516,       0.2105979,
  -9000.0000000,  -12000.0000000,
      0.3012257,       0.4508392,       0.2102735,
  -9000.0000000,  -12000.0000000,
      0.3048748,       0.4435410,       0.2109223,
  -9000.0000000,  -12000.0000000,
      0.3099836,       0.4238358,       0.2109223,
  -9000.0000000,  -12000.0000000,
      0.3070643,       0.4501094,       0.2102735,
  -9000.0000000,  -12000.0000000,
      0.3420958,       0.4099692,       0.2102735,
  -9000.0000000,  -12000.0000000,
      0.3172818,       0.4201867,       0.2105979,
  -9000.0000000,  -12000.0000000,
      0.3004959,       0.4085096,       0.2105979,
  -9000.0000000,  -12000.0000000,
      0.2829802,       0.4369726,       0.2102735,
  -9000.0000000,  -12000.0000000,
      0.3143625,       0.4457305,       0.2105979,
  -9000.0000000,  -12000.0000000,
      0.2844398,       0.4282148,       0.2105979,
  -9000.0000000,  -12000.0000000,
      0.2851696,       0.4121587,       0.2112466,
  -9000.0000000,  -12000.0000000,
      0.3034152,       0.4325937,       0.2109223,
  -9000.0000000,  -12000.0000000,
      0.2807907,       0.4318639,       0.2105979,
  -9000.0000000,  -12000.0000000,
      0.3143625,       0.4187271,       0.2105979,
  -9000.0000000,  -12000.0000000,
      0.3070643,       0.4333235,       0.2109223,
  -9000.0000000,  -12000.0000000,
      0.2997661,       0.4493796,       0.2102735,
  -9000.0000000,  -12000.0000000,
      0.2786012,       0.3844254,       0.2109223,
  -9000.0000000,  -12000.0000000,
      0.3004959,       0.4406217,       0.2105979,
  -9000.0000000,  -12000.0000000,
      0.3034152,       0.4165376,       0.2102735,
  -9000.0000000,  -12000.0000000,
      0.3041450,       0.4194569,       0.2105979,
  -9000.0000000,  -12000.0000000,
      0.2815205,       0.4384323,       0.2112466,
  -9000.0000000,  -12000.0000000,
      0.2939275,       0.4413516,       0.2112466,
  -9000.0000000,  -12000.0000000,
      0.3362572,       0.4654357,       0.2105979,
  -9000.0000000,  -12000.0000000,
      0.3231204,       0.4274849,       0.2102735,
  -9000.0000000,  -12000.0000000,
      0.3041450,       0.4347832,       0.2102735,
  -9000.0000000,  -12000.0000000,
      0.2786012,       0.4128885,       0.2105979,
  -9000.0000000,  -12000.0000000,
      0.3362572,       0.4092394,       0.2105979,
  -9000.0000000,  -12000.0000000,
