      0.7172243,      -0.4264068,       0.2093004,
 -17000.0000000, -118000.0000000,
      0.6938700,      -0.4446524,       0.2089761,
 -17000.0000000, -118000.0000000,
      0.6865718,      -0.4001332,       0.2093004,
 -17000.0000000, -118000.0000000,
      0.6909507,      -0.4234875,       0.2089761,
 -17000.0000000, -118000.0000000,
      0.6967893,      -0.4037823,       0.2086517,
 -17000.0000000, -117999.5000000,
      0.7208734,      -0.4037823,       0.2093004,
 -17000.0000000, -117995.5000000,
      0.6880314,      -0.3891859,       0.2093004,
 -17000.0000000, -117991.0000000,
      0.7624732,      -0.4103507,       0.2093004,
 -17000.0000000, -117981.5000000,
      0.7186839,      -0.4388138,       0.2089761,
 -17000.0000000, -117971.5000000,
      0.6639473,      -0.4169191,       0.2102735,
 -17000.0000000, -117956.5000000,
      0.7113857,      -0.4059718,       0.2086517,
 -17000.0000000, -117940.0000000,
      0.6851121,      -0.4169191,       0.2102735,
 -17000.0000000, -117921.5000000,
      0.7033577,      -0.4256770,       0.2102735,
 -17000.0000000, -117900.0000000,
      0.7340102,      -0.4118104,       0.2096248,
 -17000.0000000, -117875.0000000,
      0.6924103,      -0.3505053,       0.2093004,
 -17000.0000000, -117853.0000000,
      0.6785437,      -0.4300559,       0.2089761,
 -17000.0000000, -117821.5000000,
      0.6916805,      -0.3833473,       0.2096248,
 -17000.0000000, -117790.0000000,
      0.6705157,      -0.3796982,       0.2099492,
 -17000.0000000, -117760.0000000,
      0.7413084,      -0.3869964,       0.2083273,
 -17000.0000000, -117718.0000000,
      0.6705157,      -0.4161893,       0.2089761,
 -17000.0000000, -117686.0000000,
      0.6873016,      -0.3804280,       0.2093004,
 -17000.0000000, -117656.5000000,
      0.7267120,      -0.4271367,       0.2093004,
 -17000.0000000, -117599.0000000,
      0.7055471,      -0.3796982,       0.2093004,
 -17000.0000000, -117555.0000000,
      0.6975191,      -0.4088911,       0.2089761,
 -17000.0000000, -117515.0000000,
      0.7325505,      -0.3957543,       0.2076786,
 -17000.0000000, -117453.0000000,
      0.7347400,      -0.4139999,       0.2080030,
 -17000.0000000, -117411.5000000,
      0.7135752,      -0.3994034,       0.2083273,
 -17000.0000000, -117343.5000000,
      0.7252523,      -0.3614527,       0.2083273,
 -17000.0000000, -117298.0000000,
      0.7237927,      -0.3994034,       0.2086517,
 -17000.0000000, -117223.5000000,
      0.7493364,      -0.4234875,       0.2083273,
 -17000.0000000, -117181.5000000,
      0.7077366,      -0.3986736,       0.2083273,
 -17000.0000000, -117097.5000000,
      0.7062769,      -0.3826175,       0.2083273,
 -17000.0000000, -117040.5000000,
      0.7347400,      -0.3716702,       0.2080030,
 -17000.0000000, -116962.5000000,
      0.7442277,      -0.4001332,       0.2076786,
 -17000.0000000, -116905.0000000,
      0.7172243,      -0.3811579,       0.2073542,
 -17000.0000000, -116804.5000000,
      0.7274418,      -0.3826175,       0.2076786,
 -17000.0000000, -116752.0000000,
      0.7376593,      -0.3578036,       0.2073542,
 -17000.0000000, -116649.5000000,
      0.7383891,      -0.3680211,       0.2067055,
 -17000.0000000, -116589.0000000,
      0.7405786,      -0.3921052,       0.2005426,
 -17000.0000000, -116475.0000000,
      0.7091962,      -0.3753193,       0.1950284,
 -17000.0000000, -116406.0000000,
      0.7150348,      -0.3512352,       0.2005426,
 -17000.0000000, -116325.5000000,
      0.7500663,      -0.3906456,       0.2060568,
 -17000.0000000, -116202.0000000,
      0.7099261,      -0.4088911,       0.2057324,
 -17000.0000000, -116106.0000000,
      0.7434979,      -0.3643720,       0.2044350,
 -17000.0000000, -116040.0000000,
      0.7442277,      -0.3643720,       0.2044350,
 -17000.0000000, -115939.5000000,
      0.7099261,      -0.3388282,       0.2041106,
 -17000.0000000, -115802.0000000,
      0.7493364,      -0.3972140,       0.2034619,
 -17000.0000000, -115731.5000000,
      0.7376593,      -0.3351791,       0.2034619,
 -17000.0000000, -115587.5000000,
      0.7274418,      -0.3512352,       0.2037862,
 -17000.0000000, -115513.0000000,
      0.6931402,      -0.3439369,       0.2034619,
 -17000.0000000, -115362.5000000,
      0.6924103,      -0.3614527,       0.2031375,
 -17000.0000000, -115259.5000000,
      0.7113857,      -0.3585334,       0.2028131,
 -17000.0000000, -115167.0000000,
      0.7018980,      -0.3629123,       0.2028131,
 -17000.0000000, -115006.5000000,
      0.7055471,      -0.3337194,       0.2021644,
 -17000.0000000, -114924.0000000,
      0.6997085,      -0.3264212,       0.2018400,
 -17000.0000000, -114798.5000000,
      0.6865718,      -0.2994178,       0.2018400,
 -17000.0000000, -114635.0000000,
      0.6814630,      -0.3176634,       0.2028131,
 -17000.0000000, -114497.0000000,
      0.7361997,      -0.2950389,       0.2024888,
 -17000.0000000, -114407.5000000,
      0.6800034,      -0.3483159,       0.2031375,
 -17000.0000000, -114227.5000000,
      0.6880314,      -0.3140142,       0.2034619,
 -17000.0000000, -114135.0000000,
      0.7018980,      -0.3140142,       0.2037862,
 -17000.0000000, -113947.5000000,
      0.6989787,      -0.3380984,       0.2047593,
 -17000.0000000, -113851.5000000,
      0.6843823,      -0.3585334,       0.2041106,
 -17000.0000000, -113657.5000000,
      0.7084664,      -0.3359089,       0.2041106,
 -17000.0000000, -113526.0000000,
      0.7267120,      -0.3205826,       0.2054080,
 -17000.0000000, -113408.0000000,
      0.7077366,      -0.3322598,       0.2050837,
 -17000.0000000, -113212.5000000,
      0.6632174,      -0.3249616,       0.2037862,
 -17000.0000000, -113100.0000000,
      0.7223330,      -0.3074458,       0.2047593,
 -17000.0000000, -112889.5000000,
      0.6734350,      -0.3198528,       0.2047593,
 -17000.0000000, -112782.0000000,
      0.7099261,      -0.3103651,       0.2044350,
 -17000.0000000, -112619.5000000,
      0.7223330,      -0.3110950,       0.2028131,
 -17000.0000000, -112444.5000000,
      0.7121155,      -0.3315300,       0.2041106,
 -17000.0000000, -112286.5000000,
      0.6836525,      -0.3162037,       0.2041106,
 -17000.0000000, -112097.0000000,
      0.6931402,      -0.3169335,       0.2028131,
 -17000.0000000, -111913.5000000,
      0.6829226,      -0.3264212,       0.2034619,
 -17000.0000000, -111719.0000000,
      0.6624876,      -0.3103651,       0.2037862,
 -17000.0000000, -111570.0000000,
      0.6683262,      -0.2906599,       0.2021644,
 -17000.0000000, -111340.0000000,
      0.6960594,      -0.3154739,       0.2018400,
 -17000.0000000, -111075.0000000,
      0.6975191,      -0.2921196,       0.2018400,
 -17000.0000000, -111001.0000000,
      0.6457017,      -0.2716846,       0.2018400,
 -17000.0000000, -110843.5000000,
      0.6668666,      -0.2935792,       0.2018400,
 -17000.0000000, -110600.0000000,
      0.6719753,      -0.2913898,       0.2024888,
 -17000.0000000, -110449.0000000,
      0.6982489,      -0.3132844,       0.2011913,
 -17000.0000000, -110210.0000000,
      0.6690560,      -0.2862810,       0.2024888,
 -17000.0000000, -110011.0000000,
      0.6588385,      -0.2884705,       0.2028131,
 -17000.0000000, -109854.0000000,
      0.6646771,      -0.2892003,       0.2028131,
 -17000.0000000, -109618.0000000,
      0.6778139,      -0.2848214,       0.2018400,
 -17000.0000000, -109445.0000000,
      0.6493508,      -0.2972283,       0.2021644,
 -17000.0000000, -109204.0000000,
      0.7099261,      -0.2643863,       0.2024888,
 -17000.0000000, -108993.0000000,
      0.6763542,      -0.2497899,       0.2021644,
 -17000.0000000, -108780.0000000,
      0.6486210,      -0.2585478,       0.2031375,
 -17000.0000000, -108564.5000000,
      0.6843823,      -0.2775231,       0.2028131,
 -17000.0000000, -108394.0000000,
      0.6938700,      -0.2694951,       0.2011913,
 -17000.0000000, -108161.5000000,
      0.6559192,      -0.2366531,       0.2034619,
 -17000.0000000, -107926.5000000,
      0.7048173,      -0.2782530,       0.2041106,
 -17000.0000000, -107726.5000000,
      0.6362140,      -0.2607372,       0.2041106,
 -17000.0000000, -107448.5000000,
      0.6683262,      -0.2570881,       0.2047593,
 -17000.0000000, -107217.5000000,
      0.6654069,      -0.2490601,       0.2037862,
 -17000.0000000, -106984.0000000,
      0.6705157,      -0.2410320,       0.2050837,
 -17000.0000000, -106749.0000000,
      0.6566490,      -0.2454110,       0.2063811,
 -17000.0000000, -106514.0000000,
      0.6588385,      -0.2410320,       0.2067055,
 -17000.0000000, -106279.0000000,
      0.6464315,      -0.2257058,       0.2073542,
 -17000.0000000, -106043.5000000,
      0.7245225,      -0.2541688,       0.2044350,
 -17000.0000000, -105808.5000000,
      0.6551894,      -0.2308145,       0.2083273,
 -17000.0000000, -105624.5000000,
      0.6179685,      -0.2213268,       0.2093004,
 -17000.0000000, -105375.5000000,
      0.6734350,      -0.2213268,       0.2099492,
 -17000.0000000, -105103.0000000,
      0.6500807,      -0.2227865,       0.2115710,
 -17000.0000000, -104854.0000000,
      0.6340246,      -0.2184076,       0.2109223,
 -17000.0000000, -104633.0000000,
      0.6573789,      -0.2278952,       0.2115710,
 -17000.0000000, -104398.0000000,
      0.6500807,      -0.2527092,       0.2125441,
 -17000.0000000, -104215.0000000,
      0.6792735,      -0.1965129,       0.2109223,
 -17000.0000000, -103979.5000000,
      0.6800034,      -0.2198672,       0.2131928,
 -17000.0000000, -103730.5000000,
      0.6420526,      -0.1819165,       0.2131928,
 -17000.0000000, -103458.0000000,
      0.6573789,      -0.2060006,       0.2144903,
 -17000.0000000, -103209.5000000,
      0.6675964,      -0.2030813,       0.2154634,
 -17000.0000000, -103025.5000000,
      0.6610280,      -0.2154883,       0.2161121,
 -17000.0000000, -102739.0000000,
      0.6376737,      -0.2344636,       0.2170852,
 -17000.0000000, -102555.5000000,
      0.6573789,      -0.2220567,       0.2170852,
 -17000.0000000, -102269.0000000,
      0.6566490,      -0.1943234,       0.2170852,
 -17000.0000000, -102085.0000000,
      0.6442421,      -0.1862954,       0.2167608,
 -17000.0000000, -101798.5000000,
      0.6026422,      -0.1746182,       0.2164365,
 -17000.0000000, -101628.0000000,
      0.6668666,      -0.2235163,       0.2167608,
 -17000.0000000, -101342.0000000,
      0.6143194,      -0.2038111,       0.2164365,
 -17000.0000000, -101093.0000000,
      0.6303755,      -0.2096497,       0.2151390,
 -17000.0000000, -100909.0000000,
      0.6420526,      -0.2067304,       0.2157877,
 -17000.0000000, -100636.5000000,
      0.6186983,      -0.1928638,       0.2157877,
 -17000.0000000, -100401.5000000,
      0.6135896,      -0.2111093,       0.2154634,
 -17000.0000000, -100154.0000000,
      0.6661367,      -0.2242461,       0.2154634,
 -17000.0000000,  -99969.5000000,
      0.6384035,      -0.1855656,       0.2144903,
 -17000.0000000,  -99748.5000000,
      0.5895054,      -0.1935936,       0.2141659,
 -17000.0000000,  -99499.5000000,
      0.6442421,      -0.1957831,       0.2125441,
 -17000.0000000,  -99213.0000000,
      0.5916949,      -0.1563727,       0.2122197,
 -17000.0000000,  -99029.0000000,
      0.6150492,      -0.1914041,       0.2122197,
 -17000.0000000,  -98743.0000000,
      0.6478912,      -0.1965129,       0.2112466,
 -17000.0000000,  -98573.0000000,
      0.5909651,      -0.1600218,       0.2105979,
 -17000.0000000,  -98324.0000000,
      0.5880458,      -0.1979725,       0.2096248,
 -17000.0000000,  -98051.0000000,
      0.6405930,      -0.1680498,       0.2093004,
 -17000.0000000,  -97802.0000000,
      0.5887756,      -0.1804568,       0.2096248,
 -17000.0000000,  -97618.0000000,
      0.5858563,      -0.1687797,       0.2089761,
 -17000.0000000,  -97332.0000000,
      0.6340246,      -0.1716989,       0.2070299,
 -17000.0000000,  -97148.0000000,
      0.6077510,      -0.1848357,       0.2054080,
 -17000.0000000,  -96926.5000000,
      0.6077510,      -0.1753481,       0.2057324,
 -17000.0000000,  -96678.0000000,
      0.6362140,      -0.1906743,       0.2050837,
 -17000.0000000,  -96393.0000000,
      0.5763686,      -0.1476148,       0.2044350,
 -17000.0000000,  -96209.0000000,
      0.6471614,      -0.1644007,       0.2034619,
 -17000.0000000,  -95936.0000000,
      0.5960738,      -0.1476148,       0.2024888,
 -17000.0000000,  -95687.0000000,
      0.6070212,      -0.1760779,       0.2024888,
 -17000.0000000,  -95465.5000000,
      0.6084808,      -0.1592920,       0.2011913,
 -17000.0000000,  -95217.0000000,
      0.6099404,      -0.1395868,       0.2028131,
 -17000.0000000,  -95033.0000000,
      0.6150492,      -0.1644007,       0.2031375,
 -17000.0000000,  -94746.5000000,
      0.6318351,      -0.1264500,       0.2024888,
 -17000.0000000,  -94511.5000000,
      0.6011826,      -0.0928782,       0.2031375,
 -17000.0000000,  -94328.0000000,
      0.6048317,      -0.1322886,       0.2047593,
 -17000.0000000,  -94041.5000000,
      0.6340246,      -0.1220711,       0.2054080,
 -17000.0000000,  -93857.0000000,
      0.6165088,      -0.1264500,       0.2057324,
 -17000.0000000,  -93571.0000000,
      0.5960738,      -0.1417762,       0.2047593,
 -17000.0000000,  -93336.0000000,
      0.6245369,      -0.1417762,       0.2044350,
 -17000.0000000,  -93152.0000000,
      0.6493508,      -0.1373973,       0.2041106,
 -17000.0000000,  -92865.5000000,
      0.6070212,      -0.1461552,       0.2044350,
 -17000.0000000,  -92681.5000000,
      0.6259965,      -0.1454254,       0.2041106,
 -17000.0000000,  -92460.5000000,
      0.6413228,      -0.1242605,       0.2054080,
 -17000.0000000,  -92212.5000000,
      0.6486210,      -0.0906887,       0.2063811,
 -17000.0000000,  -91926.0000000,
      0.6595683,      -0.0943378,       0.2080030,
 -17000.0000000,  -91742.0000000,
      0.6566490,      -0.1060150,       0.2096248,
 -17000.0000000,  -91521.0000000,
      0.6332947,      -0.1016360,       0.2105979,
 -17000.0000000,  -91272.0000000,
      0.6551894,      -0.1293693,       0.2122197,
 -17000.0000000,  -90985.5000000,
      0.6048317,      -0.0899589,       0.2118954,
 -17000.0000000,  -90815.5000000,
      0.5982633,      -0.1030957,       0.2141659,
 -17000.0000000,  -90515.5000000,
      0.5982633,      -0.1169623,       0.2154634,
 -17000.0000000,  -90331.5000000,
      0.5442565,      -0.1009062,       0.2164365,
 -17000.0000000,  -90045.0000000,
      0.5814774,      -0.0972571,       0.2157877,
 -17000.0000000,  -89848.0000000,
      0.5858563,      -0.1074746,       0.2167608,
 -17000.0000000,  -89574.5000000,
      0.5719897,      -0.1293693,       0.2183827,
 -17000.0000000,  -89391.0000000,
      0.5960738,      -0.0957975,       0.2170852,
 -17000.0000000,  -89104.5000000,
      0.5734493,      -0.1235307,       0.2177339,
 -17000.0000000,  -88920.5000000,
      0.5843967,      -0.0804712,       0.2180583,
 -17000.0000000,  -88634.5000000,
      0.6019124,      -0.1213412,       0.2161121,
 -17000.0000000,  -88451.5000000,
      0.5471757,      -0.1133132,       0.2161121,
 -17000.0000000,  -88165.5000000,
      0.5347688,      -0.1118535,       0.2170852,
 -17000.0000000,  -87981.0000000,
      0.5676108,      -0.1140430,       0.2154634,
 -17000.0000000,  -87694.5000000,
      0.5384179,      -0.1330184,       0.2154634,
 -17000.0000000,  -87511.0000000,
      0.5354986,      -0.1184219,       0.2148146,
 -17000.0000000,  -87276.0000000,
      0.5318495,      -0.1023659,       0.2135172,
 -17000.0000000,  -86989.5000000,
      0.5435266,      -0.1220711,       0.2125441,
 -17000.0000000,  -86805.5000000,
      0.5384179,      -0.0972571,       0.2109223,
 -17000.0000000,  -86519.5000000,
      0.5252811,      -0.1067448,       0.2102735,
 -17000.0000000,  -86335.5000000,
      0.5449863,      -0.0936080,       0.2099492,
 -17000.0000000,  -86049.0000000,
      0.5479056,      -0.1191518,       0.2080030,
 -17000.0000000,  -85813.5000000,
      0.6041019,      -0.1293693,       0.2063811,
 -17000.0000000,  -85578.5000000,
      0.6245369,      -0.1410464,       0.2028131,
 -17000.0000000,  -85394.5000000,
      0.7033577,      -0.1446955,       0.1985964,
 -17000.0000000,  -85159.5000000,
      0.7522557,      -0.1001764,       0.1953527,
 -17000.0000000,  -84873.0000000,
      0.8208590,      -0.0914185,       0.1924334,
 -17000.0000000,  -84638.5000000,
      0.7938556,      -0.0877694,       0.1930822,
 -17000.0000000,  -84455.5000000,
      0.8004240,      -0.0549274,       0.1940553,
 -17000.0000000,  -84169.0000000,
      0.7478768,      -0.0323029,       0.1960015,
 -17000.0000000,  -83985.0000000,
      0.7143050,      -0.0520081,       0.1982720,
 -17000.0000000,  -83698.5000000,
      0.6902209,      -0.0651449,       0.2002182,
 -17000.0000000,  -83515.0000000,
      0.6821928,      -0.0826607,       0.2018400,
 -17000.0000000,  -83228.5000000,
      0.6544596,      -0.0403310,       0.2024888,
 -17000.0000000,  -83044.5000000,
      0.6559192,      -0.0206258,       0.2031375,
 -17000.0000000,  -82758.5000000,
      0.6544596,      -0.0396012,       0.2050837,
 -17000.0000000,  -82601.0000000,
      0.6559192,      -0.0520081,       0.2060568,
 -17000.0000000,  -82288.0000000,
      0.5975335,      -0.0571169,       0.2067055,
 -17000.0000000,  -82104.0000000,
      0.6157790,      -0.0636853,       0.2093004,
 -17000.0000000,  -81817.5000000,
      0.6311053,      -0.0636853,       0.2089761,
 -17000.0000000,  -81582.5000000,
      0.6318351,      -0.0724432,       0.2093004,
 -17000.0000000,  -81398.5000000,
      0.5946142,      -0.0374117,       0.2089761,
 -17000.0000000,  -81163.5000000,
      0.6121299,      -0.0381415,       0.2093004,
 -17000.0000000,  -80877.0000000,
      0.5727195,      -0.0191661,       0.2115710,
 -17000.0000000,  -80642.0000000,
      0.5427968,      -0.0118679,       0.2135172,
 -17000.0000000,  -80459.5000000,
      0.5442565,      -0.0447099,       0.2157877,
 -17000.0000000,  -80173.0000000,
      0.4953584,      -0.0454397,       0.2174096,
 -17000.0000000,  -79938.0000000,
      0.5230916,      -0.0374117,       0.2174096,
 -17000.0000000,  -79754.0000000,
      0.4895198,      -0.0468994,       0.2170852,
 -17000.0000000,  -79467.5000000,
      0.4938987,      -0.0571169,       0.2170852,
 -17000.0000000,  -79310.0000000,
      0.4756532,      -0.0293837,       0.2180583,
 -17000.0000000,  -78997.0000000,
      0.4756532,      -0.0607660,       0.2174096,
 -17000.0000000,  -78813.5000000,
      0.4632462,      -0.0936080,       0.2157877,
 -17000.0000000,  -78527.0000000,
      0.5004671,      -0.0607660,       0.2148146,
 -17000.0000000,  -78343.5000000,
      0.4734637,      -0.0709835,       0.2144903,
 -17000.0000000,  -78057.0000000,
      0.4698146,      -0.0512783,       0.2135172,
 -17000.0000000,  -77899.5000000,
      0.4931689,      -0.0315731,       0.2125441,
 -17000.0000000,  -77586.5000000,
      0.4471901,      -0.0439801,       0.2109223,
 -17000.0000000,  -77402.5000000,
      0.4552182,      -0.0432503,       0.2109223,
 -17000.0000000,  -77116.0000000,
      0.4595971,      -0.0520081,       0.2099492,
 -17000.0000000,  -76959.0000000,
      0.4377024,      -0.0315731,       0.2096248,
 -17000.0000000,  -76646.0000000,
      0.4654357,      -0.0403310,       0.2076786,
 -17000.0000000,  -76489.0000000,
      0.4559480,      -0.0264644,       0.2083273,
 -17000.0000000,  -76177.0000000,
      0.4727339,      -0.0366819,       0.2070299,
 -17000.0000000,  -75941.5000000,
      0.4406217,      -0.0198960,       0.2073542,
 -17000.0000000,  -75771.5000000,
      0.4552182,      -0.0585765,       0.2067055,
 -17000.0000000,  -75549.0000000,
      0.4544883,      -0.0359521,       0.2057324,
 -17000.0000000,  -75236.0000000,
      0.4194569,      -0.0264644,       0.2057324,
 -17000.0000000,  -75052.5000000,
      0.4595971,      -0.0279240,       0.2057324,
 -17000.0000000,  -74843.5000000,
      0.4471901,      -0.0403310,       0.2054080,
 -17000.0000000,  -74531.0000000,
      0.4289446,      -0.0228153,       0.2057324,
 -17000.0000000,  -74347.0000000,
      0.4632462,      -0.0228153,       0.2054080,
 -17000.0000000,  -74060.5000000,
      0.4391621,      -0.0038399,       0.2054080,
 -17000.0000000,  -73876.5000000,
      0.4369726,      -0.0198960,       0.2054080,
 -17000.0000000,  -73590.0000000,
      0.4362428,      -0.0096785,       0.2067055,
 -17000.0000000,  -73406.5000000,
      0.4333235,      -0.0104083,       0.2070299,
 -17000.0000000,  -73120.0000000,
      0.4479199,      -0.0045697,       0.2073542,
 -17000.0000000,  -72962.5000000,
      0.4668953,      -0.0155170,       0.2073542,
 -17000.0000000,  -72662.5000000,
      0.4683550,      -0.0228153,       0.2076786,
 -17000.0000000,  -72416.0000000,
      0.4909794,      -0.0206258,       0.2073542,
 -17000.0000000,  -72258.5000000,
      0.4362428,       0.0209741,       0.2093004,
 -17000.0000000,  -71945.5000000,
      0.4187271,      -0.0067592,       0.2099492,
 -17000.0000000,  -71710.0000000,
      0.4311340,       0.0260828,       0.2118954,
 -17000.0000000,  -71526.5000000,
      0.4041306,       0.0180548,       0.2122197,
 -17000.0000000,  -71240.0000000,
      0.3844254,       0.0370301,       0.2135172,
 -17000.0000000,  -71056.0000000,
      0.3822360,       0.0158653,       0.2151390,
 -17000.0000000,  -70770.0000000,
      0.3968324,      -0.0242749,       0.2157877,
 -17000.0000000,  -70612.5000000,
      0.4274849,      -0.0023802,       0.2167608,
 -17000.0000000,  -70312.5000000,
      0.3844254,       0.0144057,       0.2180583,
 -17000.0000000,  -70142.5000000,
      0.4311340,       0.0071074,       0.2193558,
 -17000.0000000,  -69829.0000000,
      0.3763974,       0.0136758,       0.2164365,
 -17000.0000000,  -69594.0000000,
      0.4012113,       0.0027285,       0.2203289,
 -17000.0000000,  -69436.5000000,
      0.4274849,      -0.0118679,       0.2206532,
 -17000.0000000,  -69123.5000000,
      0.4048604,       0.0195144,       0.2216263,
 -17000.0000000,  -68940.0000000,
      0.3917237,       0.0012689,       0.2213020,
 -17000.0000000,  -68705.0000000,
      0.4077797,      -0.0213556,       0.2216263,
 -17000.0000000,  -68419.5000000,
      0.3771272,       0.0268126,       0.2216263,
 -17000.0000000,  -68262.5000000,
      0.3763974,      -0.0052995,       0.2200045,
 -17000.0000000,  -67962.0000000,
      0.3888044,       0.0129460,       0.2203289,
 -17000.0000000,  -67765.5000000,
      0.3654501,       0.0370301,       0.2200045,
 -17000.0000000,  -67479.0000000,
      0.3720185,       0.0158653,       0.2190314,
 -17000.0000000,  -67295.0000000,
      0.3209309,      -0.0082188,       0.2183827,
 -17000.0000000,  -67008.5000000,
      0.3603413,      -0.0074890,       0.2177339,
 -17000.0000000,  -66825.0000000,
      0.3493940,       0.0071074,       0.2177339,
 -17000.0000000,  -66538.5000000,
      0.3581518,       0.0129460,       0.2167608,
 -17000.0000000,  -66354.5000000,
      0.3406361,       0.0173250,       0.2167608,
 -17000.0000000,  -66068.0000000,
      0.3274993,       0.0268126,       0.2109223,
 -17000.0000000,  -65911.0000000,
      0.3596115,       0.0122162,       0.2164365,
 -17000.0000000,  -65610.5000000,
      0.3501238,       0.0151355,       0.2154634,
 -17000.0000000,  -65362.5000000,
      0.3712886,       0.0180548,       0.2148146,
 -17000.0000000,  -65205.5000000,
      0.3486642,      -0.0045697,       0.2141659,
 -17000.0000000,  -64892.5000000,
      0.3202011,       0.0282723,       0.2128685,
 -17000.0000000,  -64708.5000000,
      0.3318782,       0.0311916,       0.2122197,
 -17000.0000000,  -64449.0000000,
      0.2968468,      -0.0016504,       0.2115710,
 -17000.0000000,  -64188.5000000,
      0.3209309,       0.0187846,       0.2115710,
 -17000.0000000,  -64004.5000000,
      0.3187415,       0.0501669,       0.2118954,
 -17000.0000000,  -63744.5000000,
      0.2902784,       0.0399494,       0.2118954,
 -17000.0000000,  -63482.5000000,
      0.2968468,       0.0195144,       0.2118954,
 -17000.0000000,  -63299.0000000,
      0.3318782,       0.0107566,       0.2115710,
 -17000.0000000,  -63012.5000000,
      0.3231204,       0.0165951,       0.2118954,
 -17000.0000000,  -62855.0000000,
      0.3129029,       0.0414091,       0.2118954,
 -17000.0000000,  -62542.5000000,
      0.3180116,       0.0465178,       0.2122197,
 -17000.0000000,  -62385.0000000,
      0.3114432,       0.0406793,       0.2122197,
 -17000.0000000,  -62072.0000000,
      0.2990363,       0.0421389,       0.2138415,
 -17000.0000000,  -61914.5000000,
      0.2946573,       0.0647634,       0.2148146,
 -17000.0000000,  -61601.5000000,
      0.3070643,       0.0355705,       0.2161121,
 -17000.0000000,  -61430.5000000,
      0.2851696,       0.0479775,       0.2170852,
 -17000.0000000,  -61131.5000000,
      0.2931977,       0.0187846,       0.2174096,
 -17000.0000000,  -60960.5000000,
      0.2975766,       0.0443284,       0.2187070,
 -17000.0000000,  -60725.5000000,
      0.2968468,       0.0341109,       0.2196801,
 -17000.0000000,  -60427.5000000,
      0.2705732,       0.0508968,       0.2193558,
 -17000.0000000,  -60256.5000000,
      0.3056047,       0.0348407,       0.2206532,
 -17000.0000000,  -59957.0000000,
      0.2866293,       0.0472477,       0.2209776,
 -17000.0000000,  -59773.0000000,
      0.2931977,       0.0603845,       0.2219507,
 -17000.0000000,  -59486.5000000,
      0.2588960,       0.0450582,       0.2229238,
 -17000.0000000,  -59303.0000000,
      0.2778714,       0.0530862,       0.2238969,
 -17000.0000000,  -59016.0000000,
      0.2442996,       0.0275425,       0.2245456,
 -17000.0000000,  -58859.0000000,
      0.2574364,       0.0574652,       0.2235725,
 -17000.0000000,  -58559.0000000,
      0.2537873,       0.0508968,       0.2255187,
 -17000.0000000,  -58389.0000000,
      0.2114576,       0.0669529,       0.2264918,
 -17000.0000000,  -58076.0000000,
      0.2618153,       0.0508968,       0.2268162,
 -17000.0000000,  -57853.5000000,
      0.2545171,       0.0589248,       0.2271405,
 -17000.0000000,  -57669.5000000,
      0.2224049,       0.0034583,       0.2277893,
 -17000.0000000,  -57434.5000000,
      0.2370014,       0.0443284,       0.2274649,
 -17000.0000000,  -57135.0000000,
      0.2311628,       0.0494371,       0.2271405,
 -17000.0000000,  -56951.5000000,
      0.1910226,       0.0523564,       0.2261674,
 -17000.0000000,  -56691.5000000,
      0.2333523,       0.0640336,       0.2255187,
 -17000.0000000,  -56456.5000000,
      0.1932121,       0.0479775,       0.2242212,
 -17000.0000000,  -56274.0000000,
      0.2070787,       0.0530862,       0.2225994,
 -17000.0000000,  -55960.5000000,
      0.2099980,       0.0618441,       0.2216263,
 -17000.0000000,  -55789.5000000,
      0.1873735,       0.0479775,       0.2225994,
 -17000.0000000,  -55541.5000000,
      0.1954015,       0.0428687,       0.2213020,
 -17000.0000000,  -55255.0000000,
      0.2012401,       0.0669529,       0.2203289,
 -17000.0000000,  -55084.0000000,
      0.2056190,       0.0676827,       0.2193558,
 -17000.0000000,  -54862.5000000,
      0.1771560,       0.1027141,       0.2183827,
 -17000.0000000,  -54601.5000000,
      0.1961314,       0.0603845,       0.2200045,
 -17000.0000000,  -54315.0000000,
      0.1574508,       0.0866580,       0.2203289,
 -17000.0000000,  -54130.5000000,
      0.2099980,       0.1078229,       0.2203289,
 -17000.0000000,  -53856.5000000,
      0.2092681,       0.0764405,       0.2203289,
 -17000.0000000,  -53673.0000000,
      0.1574508,       0.0676827,       0.2209776,
 -17000.0000000,  -53425.0000000,
      0.1640192,       0.0735213,       0.2196801,
 -17000.0000000,  -53165.0000000,
      0.1713174,       0.0662230,       0.2196801,
 -17000.0000000,  -52864.5000000,
      0.1713174,       0.0764405,       0.2196801,
 -17000.0000000,  -52694.0000000,
      0.1691279,       0.0903072,       0.2183827,
 -17000.0000000,  -52498.0000000,
      0.1829946,       0.0691423,       0.2177339,
 -17000.0000000,  -52249.5000000,
      0.1362859,       0.0377600,       0.2164365,
 -17000.0000000,  -51989.5000000,
      0.1691279,       0.0552757,       0.2148146,
 -17000.0000000,  -51791.5000000,
      0.1246088,       0.0640336,       0.2138415,
 -17000.0000000,  -51519.0000000,
      0.1778858,       0.0757107,       0.2115710,
 -17000.0000000,  -51284.0000000,
      0.1647490,       0.0997948,       0.2109223,
 -17000.0000000,  -51086.0000000,
      0.1370158,       0.0757107,       0.2115710,
 -17000.0000000,  -50813.5000000,
      0.1837244,       0.1122018,       0.2112466,
 -17000.0000000,  -50616.0000000,
      0.2143769,       0.0779002,       0.2105979,
 -17000.0000000,  -50316.5000000,
      0.1742367,       0.0654932,       0.2099492,
 -17000.0000000,  -50145.5000000,
      0.1939419,       0.0647634,       0.2086517,
 -17000.0000000,  -49858.5000000,
      0.2136471,       0.0581950,       0.2080030,
 -17000.0000000,  -49675.0000000,
      0.1691279,       0.0873879,       0.2073542,
 -17000.0000000,  -49402.0000000,
      0.1975910,       0.1019843,       0.2060568,
 -17000.0000000,  -49191.0000000,
      0.1778858,       0.0720616,       0.2057324,
 -17000.0000000,  -48917.5000000,
      0.1494227,       0.0851984,       0.2057324,
 -17000.0000000,  -48734.0000000,
      0.1428543,       0.0873879,       0.2044350,
 -17000.0000000,  -48448.5000000,
      0.1253386,       0.0859282,       0.2050837,
 -17000.0000000,  -48265.0000000,
      0.1370158,       0.0764405,       0.2063811,
 -17000.0000000,  -47965.0000000,
      0.1713174,       0.1209597,       0.2070299,
 -17000.0000000,  -47793.5000000,
      0.0939563,       0.1027141,       0.2070299,
 -17000.0000000,  -47507.0000000,
      0.0917668,       0.0924966,       0.2067055,
 -17000.0000000,  -47323.5000000,
      0.1581806,       0.0873879,       0.2054080,
 -17000.0000000,  -47037.0000000,
      0.0720616,       0.1107422,       0.2050837,
 -17000.0000000,  -46853.0000000,
      0.0954159,       0.1216895,       0.2041106,
 -17000.0000000,  -46567.0000000,
      0.1574508,       0.1238790,       0.2041106,
 -17000.0000000,  -46383.0000000,
      0.1304474,       0.1392052,       0.2044350,
 -17000.0000000,  -46071.0000000,
      0.1640192,       0.0669529,       0.2054080,
 -17000.0000000,  -45912.5000000,
      0.1435842,       0.0808195,       0.2060568,
 -17000.0000000,  -45677.5000000,
      0.1143913,       0.0487073,       0.2057324,
 -17000.0000000,  -45391.0000000,
      0.1195000,       0.1136615,       0.2041106,
 -17000.0000000,  -45207.0000000,
      0.1034440,       0.1019843,       0.2034619,
 -17000.0000000,  -44921.0000000,
      0.0676827,       0.1443140,       0.2041106,
 -17000.0000000,  -44737.0000000,
      0.1567210,       0.1450438,       0.2041106,
 -17000.0000000,  -44452.0000000,
      0.1370158,       0.0830089,       0.2037862,
 -17000.0000000,  -43934.5000000,
      0.0691423,       0.1253386,       0.2057324,
 -17000.0000000,  -43840.0000000,
      0.1713174,       0.1078229,       0.2060568,
 -17000.0000000,  -43745.5000000,
      0.0910370,       0.1246088,       0.2021644,
 -17000.0000000,  -43562.0000000,
      0.0545459,       0.0954159,       0.2047593,
 -17000.0000000,  -43275.5000000,
      0.1238790,       0.1435842,       0.2050837,
 -17000.0000000,  -43105.5000000,
      0.0669529,       0.1267983,       0.2060568,
 -17000.0000000,  -42805.0000000,
      0.0779002,       0.1326368,       0.2080030,
 -17000.0000000,  -42621.5000000,
      0.1333667,       0.1063632,       0.2083273,
 -17000.0000000,  -42335.0000000,
      0.0406793,       0.1209597,       0.2096248,
 -17000.0000000,  -42151.5000000,
      0.0720616,       0.1056334,       0.2102735,
 -17000.0000000,  -41929.5000000,
      0.1027141,       0.0771704,       0.2093004,
 -17000.0000000,  -41694.5000000,
      0.0151355,       0.1070931,       0.2096248,
 -17000.0000000,  -41394.5000000,
      0.0399494,       0.0954159,       0.2086517,
 -17000.0000000,  -41224.0000000,
      0.0290021,       0.1202299,       0.2080030,
 -17000.0000000,  -40975.5000000,
      0.0253530,       0.0873879,       0.2080030,
 -17000.0000000,  -40689.0000000,
      0.0822791,       0.0954159,       0.2080030,
 -17000.0000000,  -40519.0000000,
      0.0363003,       0.1450438,       0.2093004,
 -17000.0000000,  -40220.0000000,
     -0.0001908,       0.1202299,       0.2099492,
 -17000.0000000,  -40050.0000000,
      0.0450582,       0.0924966,       0.2105979,
 -17000.0000000,  -39776.0000000,
      0.0129460,       0.1187702,       0.2115710,
 -17000.0000000,  -39565.5000000,
     -0.0104083,       0.0881177,       0.2105979,
 -17000.0000000,  -39279.0000000,
      0.0457880,       0.1136615,       0.2102735,
 -17000.0000000,  -39044.0000000,
      0.0268126,       0.0976054,       0.2089761,
 -17000.0000000,  -38860.0000000,
      0.0435985,       0.1012545,       0.2083273,
 -17000.0000000,  -38574.0000000,
      0.0720616,       0.0706020,       0.2083273,
 -17000.0000000,  -38404.0000000,
      0.0071074,       0.1049036,       0.2073542,
 -17000.0000000,  -38168.5000000,
      0.0304618,       0.1034440,       0.2080030,
 -17000.0000000,  -37919.5000000,
      0.0662230,       0.1041738,       0.2083273,
 -17000.0000000,  -37660.0000000,
     -0.0483590,       0.1216895,       0.2083273,
 -17000.0000000,  -37449.5000000,
      0.0501669,       0.1056334,       0.2083273,
 -17000.0000000,  -37163.0000000,
     -0.0074890,       0.1260684,       0.2080030,
 -17000.0000000,  -36979.0000000,
     -0.0162469,       0.1246088,       0.2080030,
 -17000.0000000,  -36693.0000000,
     -0.0001908,       0.1267983,       0.2093004,
 -17000.0000000,  -36459.0000000,
     -0.0140574,       0.1355561,       0.2093004,
 -17000.0000000,  -36275.0000000,
     -0.0447099,       0.0881177,       0.2093004,
 -17000.0000000,  -35988.5000000,
      0.0012689,       0.1282579,       0.2099492,
 -17000.0000000,  -35818.5000000,
     -0.0009206,       0.1333667,       0.2096248,
 -17000.0000000,  -35569.5000000,
     -0.0169767,       0.0895773,       0.2102735,
 -17000.0000000,  -35283.0000000,
      0.0063776,       0.0983352,       0.2102735,
 -17000.0000000,  -35099.0000000,
     -0.0315731,       0.1143913,       0.2102735,
 -17000.0000000,  -34813.0000000,
     -0.0454397,       0.1056334,       0.2105979,
 -17000.0000000,  -34642.5000000,
      0.0246232,       0.1005247,       0.2118954,
 -17000.0000000,  -34394.0000000,
     -0.0651449,       0.1056334,       0.2115710,
 -17000.0000000,  -34107.5000000,
     -0.0585765,       0.1114720,       0.2105979,
 -17000.0000000,  -33923.5000000,
      0.0107566,       0.0888475,       0.2115710,
 -17000.0000000,  -33688.0000000,
     -0.0447099,       0.0954159,       0.2112466,
 -17000.0000000,  -33453.0000000,
     -0.0206258,       0.1129316,       0.2105979,
 -17000.0000000,  -33167.0000000,
     -0.0330328,       0.0961457,       0.2118954,
 -17000.0000000,  -32982.5000000,
     -0.0177065,       0.0968756,       0.2109223,
 -17000.0000000,  -32696.0000000,
     -0.0344924,       0.0851984,       0.2122197,
 -17000.0000000,  -32539.0000000,
      0.0056478,       0.1027141,       0.2118954,
 -17000.0000000,  -32241.0000000,
     -0.0768221,       0.1049036,       0.2115710,
 -17000.0000000,  -32017.5000000,
     -0.0293837,       0.1034440,       0.2112466,
 -17000.0000000,  -31820.5000000,
     -0.0680642,       0.1114720,       0.2128685,
 -17000.0000000,  -31534.0000000,
     -0.0447099,       0.1180404,       0.2135172,
 -17000.0000000,  -31286.5000000,
     -0.0578467,       0.0873879,       0.2135172,
 -17000.0000000,  -31116.0000000,
     -0.0804712,       0.0939563,       0.2135172,
 -17000.0000000,  -30816.0000000,
     -0.0950676,       0.0618441,       0.2144903,
 -17000.0000000,  -30632.5000000,
     -0.0863098,       0.0764405,       0.2131928,
 -17000.0000000,  -30359.0000000,
     -0.0483590,       0.0465178,       0.2125441,
 -17000.0000000,  -30162.0000000,
     -0.1133132,       0.0873879,       0.2125441,
 -17000.0000000,  -29875.5000000,
     -0.0556572,       0.0866580,       0.2115710,
 -17000.0000000,  -29640.5000000,
     -0.1111237,       0.0749809,       0.2125441,
 -17000.0000000,  -29456.5000000,
     -0.0819308,       0.0618441,       0.2131928,
 -17000.0000000,  -29170.0000000,
     -0.0593064,       0.0552757,       0.2122197,
 -17000.0000000,  -28986.0000000,
     -0.0833905,       0.0735213,       0.2118954,
 -17000.0000000,  -28700.0000000,
     -0.1432359,       0.0873879,       0.2118954,
 -17000.0000000,  -28517.5000000,
     -0.1118535,       0.0735213,       0.2115710,
 -17000.0000000,  -28231.0000000,
     -0.1315587,       0.0822791,       0.2115710,
 -17000.0000000,  -28047.0000000,
     -0.1264500,       0.0895773,       0.2112466,
 -17000.0000000,  -27811.5000000,
     -0.1133132,       0.0713318,       0.2112466,
 -17000.0000000,  -27525.5000000,
     -0.1271798,       0.0932264,       0.2112466,
 -17000.0000000,  -27355.0000000,
     -0.0498187,       0.0895773,       0.2096248,
 -17000.0000000,  -27055.0000000,
     -0.0957975,       0.0516266,       0.2109223,
 -17000.0000000,  -26871.0000000,
     -0.1731586,       0.0596546,       0.2115710,
 -17000.0000000,  -26585.0000000,
     -0.1111237,       0.0771704,       0.2115710,
 -17000.0000000,  -26401.0000000,
     -0.1133132,       0.0793598,       0.2096248,
 -17000.0000000,  -26114.5000000,
     -0.1388570,       0.0662230,       0.2115710,
 -17000.0000000,  -25930.5000000,
     -0.1249903,       0.0538161,       0.2122197,
 -17000.0000000,  -25709.0000000,
     -0.1147728,       0.0560055,       0.2118954,
 -17000.0000000,  -25409.0000000,
     -0.1352078,       0.0552757,       0.2128685,
 -17000.0000000,  -25239.0000000,
     -0.1176921,       0.0479775,       0.2128685,
 -17000.0000000,  -24990.0000000,
     -0.1476148,       0.0465178,       0.2135172,
 -17000.0000000,  -24755.0000000,
     -0.1432359,       0.0421389,       0.2138415,
 -17000.0000000,  -24470.0000000,
     -0.1943234,       0.0363003,       0.2151390,
 -17000.0000000,  -24286.0000000,
     -0.2052708,       0.0377600,       0.2122197,
 -17000.0000000,  -24026.0000000,
     -0.1753481,       0.0238934,       0.2138415,
 -17000.0000000,  -23829.5000000,
     -0.1600218,       0.0487073,       0.2128685,
 -17000.0000000,  -23580.5000000,
     -0.1680498,       0.0392196,       0.2135172,
 -17000.0000000,  -23320.5000000,
     -0.2060006,       0.0326512,       0.2138415,
 -17000.0000000,  -23110.0000000,
     -0.1636709,       0.0355705,       0.2138415,
 -17000.0000000,  -22824.5000000,
     -0.1965129,       0.0333810,       0.2148146,
 -17000.0000000,  -22643.5000000,
     -0.1819165,       0.0465178,       0.2144903,
 -17000.0000000,  -22364.0000000,
     -0.2023515,       0.0574652,       0.2135172,
 -17000.0000000,  -22186.5000000,
     -0.2235163,       0.0384898,       0.2141659,
 -17000.0000000,  -21913.0000000,
     -0.1592920,       0.0501669,       0.2138415,
 -17000.0000000,  -21752.0000000,
     -0.2089199,       0.0450582,       0.2128685,
 -17000.0000000,  -21472.0000000,
     -0.1848357,       0.0260828,       0.2125441,
 -17000.0000000,  -21302.5000000,
     -0.2395724,      -0.0104083,       0.2125441,
 -17000.0000000,  -21087.5000000,
     -0.2264356,       0.0727914,       0.2125441,
 -17000.0000000,  -20875.0000000,
     -0.2534390,       0.0494371,       0.2115710,
 -17000.0000000,  -20621.0000000,
     -0.2724144,      -0.0009206,       0.2044350,
 -17000.0000000,  -20459.0000000,
     -0.2950389,       0.0363003,       0.2109223,
 -17000.0000000,  -20254.5000000,
     -0.2300847,       0.0669529,       0.2105979,
 -17000.0000000,  -20052.5000000,
     -0.2534390,       0.0596546,       0.2109223,
 -17000.0000000,  -19809.5000000,
     -0.2191374,       0.0698721,       0.2105979,
 -17000.0000000,  -19667.0000000,
     -0.2724144,       0.0530862,       0.2105979,
 -17000.0000000,  -19419.5000000,
     -0.2162181,       0.0779002,       0.2099492,
 -17000.0000000,  -19269.5000000,
     -0.2227865,       0.0129460,       0.2099492,
 -17000.0000000,  -19049.0000000,
     -0.2636565,       0.0304618,       0.2096248,
 -17000.0000000,  -18852.5000000,
     -0.2220567,       0.0268126,       0.2047593,
 -17000.0000000,  -18708.5000000,
     -0.2213268,       0.0457880,       0.2096248,
 -17000.0000000,  -18487.5000000,
     -0.2344636,       0.0450582,       0.2096248,
 -17000.0000000,  -18347.5000000,
     -0.2184076,       0.0260828,       0.2093004,
 -17000.0000000,  -18132.0000000,
     -0.2541688,       0.0282723,       0.2093004,
 -17000.0000000,  -17996.0000000,
     -0.2548987,       0.0611143,       0.2096248,
 -17000.0000000,  -17833.5000000,
     -0.2008918,       0.0377600,       0.2093004,
 -17000.0000000,  -17654.0000000,
     -0.2184076,       0.0581950,       0.2086517,
 -17000.0000000,  -17451.5000000,
     -0.2417619,       0.0355705,       0.2080030,
 -17000.0000000,  -17323.0000000,
     -0.2446812,       0.0275425,       0.2076786,
 -17000.0000000,  -17179.5000000,
     -0.2811723,       0.0479775,       0.2099492,
 -17000.0000000,  -16984.5000000,
     -0.2833617,       0.0859282,       0.2089761,
 -17000.0000000,  -16844.5000000,
     -0.2497899,       0.0603845,       0.2054080,
 -17000.0000000,  -16656.5000000,
     -0.2461408,       0.0019987,       0.2073542,
 -17000.0000000,  -16538.0000000,
     -0.2928494,       0.0698721,       0.2089761,
 -17000.0000000,  -16356.5000000,
     -0.2797126,       0.0465178,       0.2093004,
 -17000.0000000,  -16241.5000000,
     -0.3052564,       0.0428687,       0.2093004,
 -17000.0000000,  -16066.0000000,
     -0.3023371,       0.0581950,       0.2093004,
 -17000.0000000,  -15955.0000000,
     -0.2651162,       0.0654932,       0.2096248,
 -17000.0000000,  -15793.0000000,
     -0.3059862,       0.0494371,       0.2102735,
 -17000.0000000,  -15678.5000000,
     -0.3016073,       0.0246232,       0.2109223,
 -17000.0000000,  -15515.5000000,
     -0.3110950,       0.0625739,       0.2118954,
 -17000.0000000,  -15412.5000000,
     -0.2972283,       0.0837388,       0.2138415,
 -17000.0000000,  -15255.0000000,
     -0.3052564,       0.0954159,       0.2183827,
 -17000.0000000,  -15156.0000000,
     -0.3081757,       0.1406649,       0.2232481,
 -17000.0000000,  -15005.5000000,
     -0.3016073,       0.1793454,       0.2300598,
 -17000.0000000,  -14917.5000000,
     -0.2877406,       0.1946717,       0.2384933,
 -17000.0000000,  -14791.0000000,
     -0.3169335,       0.1844542,       0.2466024,
 -17000.0000000,  -14649.0000000,
     -0.3242318,       0.2019699,       0.2556847,
 -17000.0000000,  -14572.5000000,
     -0.3380984,       0.1822647,       0.2654156,
 -17000.0000000,  -14448.0000000,
     -0.3519650,       0.1632894,       0.2715786,
 -17000.0000000,  -14315.0000000,
     -0.3023371,       0.1180404,       0.2748222,
 -17000.0000000,  -14231.5000000,
     -0.3147441,       0.0647634,       0.2744979,
 -17000.0000000,  -14104.5000000,
     -0.3716702,       0.0217039,       0.2735248,
 -17000.0000000,  -14025.0000000,
     -0.3191230,       0.0012689,       0.2702811,
 -17000.0000000,  -13904.5000000,
     -0.3183932,      -0.0228153,       0.2663887,
 -17000.0000000,  -13834.5000000,
     -0.3140142,      -0.0140574,       0.2611989,
 -17000.0000000,  -13734.0000000,
     -0.3067160,      -0.0162469,       0.2530898,
 -17000.0000000,  -13622.5000000,
     -0.3293405,      -0.0315731,       0.2453050,
 -17000.0000000,  -13563.0000000,
     -0.3037967,      -0.0220854,       0.2407639,
 -17000.0000000,  -13466.0000000,
     -0.3037967,      -0.0198960,       0.2368715,
 -17000.0000000,  -13363.5000000,
     -0.3132844,      -0.0104083,       0.2333035,
 -17000.0000000,  -13300.0000000,
     -0.3439369,       0.0311916,       0.2310329,
 -17000.0000000,  -13204.0000000,
     -0.3096353,       0.0421389,       0.2297354,
 -17000.0000000,  -13144.0000000,
     -0.3213125,       0.0443284,       0.2290867,
 -17000.0000000,  -13053.5000000,
     -0.3059862,       0.0421389,       0.2284380,
 -17000.0000000,  -12997.5000000,
     -0.3468562,       0.0603845,       0.2287624,
 -17000.0000000,  -12913.5000000,
     -0.3446668,       0.0370301,       0.2281136,
 -17000.0000000,  -12847.0000000,
     -0.3643720,       0.0414091,       0.2277893,
 -17000.0000000,  -12797.0000000,
     -0.3410177,       0.0319214,       0.2284380,
 -17000.0000000,  -12735.0000000,
     -0.3782386,       0.0516266,       0.2284380,
 -17000.0000000,  -12663.5000000,
     -0.3578036,       0.0085671,       0.2284380,
 -17000.0000000,  -12619.0000000,
     -0.3410177,       0.0275425,       0.2281136,
 -17000.0000000,  -12556.0000000,
     -0.3526948,       0.0202442,       0.2281136,
 -17000.0000000,  -12513.0000000,
     -0.3227721,       0.0341109,       0.2281136,
 -17000.0000000,  -12458.5000000,
     -0.3782386,       0.0253530,       0.2281136,
 -17000.0000000,  -12416.5000000,
     -0.3855368,       0.0830089,       0.2281136,
 -17000.0000000,  -12363.0000000,
     -0.3519650,       0.0508968,       0.2281136,
 -17000.0000000,  -12330.5000000,
     -0.3789684,       0.0472477,       0.2284380,
 -17000.0000000,  -12285.0000000,
     -0.3563439,       0.0246232,       0.2281136,
 -17000.0000000,  -12254.5000000,
     -0.3402878,       0.0311916,       0.2284380,
 -17000.0000000,  -12213.0000000,
     -0.3424773,       0.0136758,       0.2281136,
 -17000.0000000,  -12189.5000000,
     -0.3512352,       0.0297319,       0.2277893,
 -17000.0000000,  -12162.0000000,
     -0.3760491,       0.0479775,       0.2281136,
 -17000.0000000,  -12129.5000000,
     -0.3629123,       0.0487073,       0.2281136,
 -17000.0000000,  -12102.5000000,
     -0.3599930,       0.0406793,       0.2277893,
 -17000.0000000,  -12085.5000000,
     -0.3643720,       0.0392196,       0.2277893,
 -17000.0000000,  -12064.5000000,
     -0.3782386,       0.0487073,       0.2277893,
 -17000.0000000,  -12047.0000000,
     -0.3373685,       0.0406793,       0.2271405,
 -17000.0000000,  -12036.5000000,
     -0.3337194,       0.0355705,       0.2271405,
 -17000.0000000,  -12021.0000000,
     -0.3709404,       0.0209741,       0.2274649,
 -17000.0000000,  -12014.5000000,
     -0.3548843,       0.0319214,       0.2281136,
 -17000.0000000,  -12006.0000000,
     -0.3833473,       0.0180548,       0.2277893,
 -17000.0000000,  -12003.0000000,
     -0.3490457,       0.0508968,       0.2284380,
 -17000.0000000,  -12000.5000000,
     -0.3672912,       0.0107566,       0.2277893,
 -17000.0000000,  -12000.5000000,
     -0.3789684,       0.0231635,       0.2274649,
 -17000.0000000,  -12000.5000000,
     -0.3351791,       0.0333810,       0.2281136,
 -17000.0000000,  -12000.5000000,
     -0.3694807,       0.0355705,       0.2277893,
 -17000.0000000,  -12000.5000000,
     -0.3738596,       0.0720616,       0.2277893,
 -17000.0000000,  -12000.5000000,
     -0.3694807,       0.0326512,       0.2274649,
 -17000.0000000,  -12000.5000000,
     -0.3344493,       0.0538161,       0.2281136,
 -17000.0000000,  -12000.5000000,
     -0.3665614,      -0.0111381,       0.2281136,
 -17000.0000000,  -12000.5000000,
     -0.4096209,       0.0698721,       0.2274649,
 -17000.0000000,  -12000.5000000,
     -0.3417475,       0.0450582,       0.2277893,
 -17000.0000000,  -12000.5000000,
     -0.3680211,       0.0253530,       0.2277893,
 -17000.0000000,  -12000.0000000,
     -0.3468562,       0.0676827,       0.2277893,
 -17000.0000000,  -12000.0000000,
     -0.3468562,       0.0005390,       0.2281136,
 -17000.0000000,  -12000.0000000,
     -0.3614527,       0.0567353,       0.2274649,
 -17000.0000000,  -12000.0000000,
     -0.3505053,       0.0523564,       0.2277893,
 -17000.0000000,  -12000.0000000,
     -0.3293405,       0.0063776,       0.2281136,
 -17000.0000000,  -12000.0000000,
     -0.3702105,       0.0341109,       0.2281136,
 -17000.0000000,  -12000.0000000,
     -0.3767789,       0.0421389,       0.2281136,
 -17000.0000000,  -12000.0000000,
     -0.3833473,       0.0129460,       0.2277893,
 -17000.0000000,  -12000.0000000,
     -0.3541545,       0.0217039,       0.2281136,
 -17000.0000000,  -12000.0000000,
     -0.3497755,       0.0508968,       0.2277893,
 -17000.0000000,  -12000.0000000,
     -0.3614527,       0.0392196,       0.2277893,
 -17000.0000000,  -12000.0000000,
     -0.3818877,       0.0173250,       0.2281136,
 -17000.0000000,  -12000.0000000,
     -0.3753193,       0.0406793,       0.2277893,
 -17000.0000000,  -12000.0000000,
     -0.3833473,       0.0268126,       0.2271405,
 -17000.0000000,  -12000.0000000,
     -0.3585334,       0.0421389,       0.2277893,
 -17000.0000000,  -12000.0000000,
     -0.3672912,       0.0501669,       0.2277893,
 -17000.0000000,  -12000.0000000,
     -0.3672912,       0.0348407,       0.2281136,
 -17000.0000000,  -12000.0000000,
     -0.3512352,       0.0304618,       0.2274649,
 -17000.0000000,  -12000.0000000,
     -0.3461264,       0.0238934,       0.2281136,
 -17000.0000000,  -12000.0000000,
     -0.3957543,       0.0384898,       0.2274649,
 -17000.0000000,  -12000.0000000,
     -0.3702105,       0.0071074,       0.2277893,
 -17000.0000000,  -12000.0000000,
     -0.3417475,       0.0421389,       0.2281136,
 -17000.0000000,  -12000.0000000,
     -0.3862666,       0.0669529,       0.2274649,
 -17000.0000000,  -12000.0000000,
     -0.3585334,       0.0341109,       0.2277893,
 -17000.0000000,  -12000.0000000,
     -0.3826175,       0.0516266,       0.2274649,
 -17000.0000000,  -12000.0000000,
     -0.3665614,       0.0326512,       0.2281136,
 -17000.0000000,  -12000.0000000,
     -0.3767789,       0.0450582,       0.2277893,
 -17000.0000000,  -12000.0000000,
     -0.3607229,       0.0195144,       0.2277893,
 -17000.0000000,  -12000.0000000,
     -0.3811579,       0.0063776,       0.2274649,
 -17000.0000000,  -12000.0000000,
     -0.3548843,       0.0034583,       0.2277893,
 -17000.0000000,  -12000.0000000,
     -0.3680211,       0.0428687,       0.2281136,
 -17000.0000000,  -12000.0000000,
     -0.3395580,       0.0253530,       0.2281136,
 -17000.0000000,  -12000.0000000,
     -0.3483159,       0.0122162,       0.2277893,
 -17000.0000000,  -12000.0000000,
     -0.3760491,       0.0640336,       0.2271405,
 -17000.0000000,  -12000.0000000,
     -0.3804280,       0.0465178,       0.2274649,
 -17000.0000000,  -12000.0000000,
     -0.3570737,       0.0392196,       0.2277893,
 -17000.0000000,  -12000.0000000,
     -0.3570737,       0.0290021,       0.2277893,
 -17000.0000000,  -12000.0000000,
     -0.3556141,       0.0085671,       0.2281136,
 -17000.0000000,  -12000.0000000,
     -0.3826175,       0.0421389,       0.2281136,
 -17000.0000000,  -12000.0000000,
     -0.3724000,       0.0311916,       0.2277893,
 -17000.0000000,  -12000.0000000,
     -0.3694807,       0.0494371,       0.2281136,
 -17000.0000000,  -12000.0000000,
     -0.3607229,       0.0421389,       0.2281136,
 -17000.0000000,  -12000.0000000,
     -0.3855368,       0.0297319,       0.2281136,
 -17000.0000000,  -12000.0000000,
     -0.3614527,       0.0253530,       0.2277893,
 -17000.0000000,  -12000.0000000,
     -0.3760491,       0.0326512,       0.2271405,
 -17000.0000000,  -12000.0000000,
     -0.3388282,       0.0472477,       0.2274649,
 -17000.0000000,  -12000.0000000,
     -0.3585334,       0.0209741,       0.2277893,
 -17000.0000000,  -12000.0000000,
     -0.3621825,       0.0114864,       0.2277893,
 -17000.0000000,  -12000.0000000,
     -0.3585334,       0.0406793,       0.2277893,
 -17000.0000000,  -12000.0000000,
     -0.3497755,       0.0238934,       0.2277893,
 -17000.0000000,  -12000.0000000,
     -0.3680211,       0.0173250,       0.2281136,
 -17000.0000000,  -12000.0000000,
     -0.3373685,       0.0056478,       0.2277893,
 -17000.0000000,  -12000.0000000,
     -0.3585334,       0.0319214,       0.2277893,
 -17000.0000000,  -12000.0000000,
     -0.3950245,       0.0450582,       0.2274649,
 -17000.0000000,  -12000.0000000,
     -0.3643720,       0.0377600,       0.2274649,
 -17000.0000000,  -12000.0000000,
     -0.3636421,       0.0457880,       0.2277893,
 -17000.0000000,  -12000.0000000,
     -0.3738596,       0.0603845,       0.2277893,
 -17000.0000000,  -12000.0000000,
     -0.4110806,       0.0435985,       0.2274649,
 -17000.0000000,  -12000.0000000,
     -0.3585334,       0.0180548,       0.2277893,
 -17000.0000000,  -12000.0000000,
     -0.3950245,       0.0348407,       0.2274649,
 -17000.0000000,  -12000.0000000,
     -0.3512352,       0.0290021,       0.2277893,
 -17000.0000000,  -12000.0000000,
     -0.3541545,       0.0122162,       0.2281136,
 -17000.0000000,  -12000.0000000,
     -0.3607229,       0.0275425,       0.2284380,
 -17000.0000000,  -12000.0000000,
     -0.3519650,       0.0552757,       0.2277893,
 -17000.0000000,  -12000.0000000,
     -0.3767789,       0.0421389,       0.2277893,
 -17000.0000000,  -12000.0000000,
     -0.3548843,       0.0319214,       0.2277893,
 -17000.0000000,  -12000.0000000,
     -0.3651018,       0.0581950,       0.2277893,
 -17000.0000000,  -12000.0000000,
     -0.3694807,       0.0530862,       0.2274649,
 -17000.0000000,  -12000.0000000,
     -0.3607229,       0.0253530,       0.2277893,
 -17000.0000000,  -12000.0000000,
     -0.3592632,       0.0399494,       0.2274649,
 -17000.0000000,  -12000.0000000,
     -0.3753193,       0.0246232,       0.2281136,
 -17000.0000000,  -12000.0000000,
     -0.3388282,       0.0012689,       0.2284380,
 -17000.0000000,  -12000.0000000,
     -0.3731298,       0.0326512,       0.2277893,
 -17000.0000000,  -12000.0000000,
     -0.3592632,       0.0187846,       0.2277893,
 -17000.0000000,  -12000.0000000,
     -0.3578036,       0.0472477,       0.2274649,
 -17000.0000000,  -12000.0000000,
     -0.3599930,       0.0450582,       0.2277893,
 -17000.0000000,  -12000.0000000,
     -0.3541545,       0.0406793,       0.2274649,
 -17000.0000000,  -12000.0000000,
     -0.3570737,       0.0319214,       0.2277893,
 -17000.0000000,  -12000.0000000,
     -0.3439369,       0.0399494,       0.2277893,
 -17000.0000000,  -12000.0000000,
     -0.3570737,       0.0180548,       0.2277893,
 -17000.0000000,  -12000.0000000,
