     -0.8891140,       0.9463884,       0.2563334,
 -22000.0000000,  -12000.0000000,
     -0.9088192,       0.9193850,       0.2563334,
 -22000.0000000,  -12000.0000000,
     -0.9124683,       0.9230341,       0.2563334,
 -22000.0000000,  -12000.0000000,
     -0.9124683,       0.9339814,       0.2563334,
 -22000.0000000,  -12000.0000000,
     -0.8978719,       0.9230341,       0.2566578,
 -22000.0000000,  -12001.0000000,
     -0.8781667,       0.9055184,       0.2569821,
 -22000.0000000,  -12005.0000000,
     -0.9095490,       0.9142762,       0.2556847,
 -22000.0000000,  -12013.5000000,
     -0.8942227,       0.9215744,       0.2566578,
 -22000.0000000,  -12022.0000000,
     -0.9372822,       0.9062482,       0.2553603,
 -22000.0000000,  -12032.0000000,
     -0.8621106,       0.9471182,       0.2582796,
 -22000.0000000,  -12052.0000000,
     -0.9139279,       0.9244937,       0.2543872,
 -22000.0000000,  -12063.0000000,
     -0.8796263,       0.9223043,       0.2573065,
 -22000.0000000,  -12088.5000000,
     -0.9029806,       0.9084377,       0.2553603,
 -22000.0000000,  -12103.5000000,
     -0.8891140,       0.9390902,       0.2569821,
 -22000.0000000,  -12127.5000000,
     -0.9256051,       0.9113569,       0.2579552,
 -22000.0000000,  -12154.5000000,
     -0.8759772,       0.9310621,       0.2569821,
 -22000.0000000,  -12181.0000000,
     -0.8548124,       0.8770553,       0.2592527,
 -22000.0000000,  -12223.5000000,
     -0.8861947,       0.9025991,       0.2566578,
 -22000.0000000,  -12249.0000000,
     -0.8570018,       0.9106271,       0.2592527,
 -22000.0000000,  -12285.5000000,
     -0.8548124,       0.8894623,       0.2592527,
 -22000.0000000,  -12322.5000000,
     -0.8628404,       0.9317920,       0.2582796,
 -22000.0000000,  -12375.5000000,
     -0.8650299,       0.9230341,       0.2586040,
 -22000.0000000,  -12415.5000000,
     -0.8643000,       0.9171955,       0.2586040,
 -22000.0000000,  -12467.5000000,
     -0.8715983,       0.9201148,       0.2589283,
 -22000.0000000,  -12511.5000000,
     -0.8730579,       0.8872728,       0.2602258,
 -22000.0000000,  -12569.5000000,
     -0.8686790,       0.9186552,       0.2592527,
 -22000.0000000,  -12618.0000000,
     -0.8818158,       0.9055184,       0.2595771,
 -22000.0000000,  -12687.5000000,
     -0.8715983,       0.8909219,       0.2605502,
 -22000.0000000,  -12734.0000000,
     -0.8708684,       0.8931114,       0.2608745,
 -22000.0000000,  -12802.5000000,
     -0.8774368,       0.9069780,       0.2608745,
 -22000.0000000,  -12853.0000000,
     -0.8869245,       0.9471182,       0.2611989,
 -22000.0000000,  -12934.5000000,
     -0.8475141,       0.9150060,       0.2615233,
 -22000.0000000,  -12988.5000000,
     -0.8679492,       0.9427393,       0.2621720,
 -22000.0000000,  -13060.5000000,
     -0.8767070,       0.9230341,       0.2634694,
 -22000.0000000,  -13134.5000000,
     -0.8467843,       0.9376305,       0.2637938,
 -22000.0000000,  -13228.0000000,
     -0.8329177,       0.9193850,       0.2631451,
 -22000.0000000,  -13299.0000000,
     -0.8256195,       0.9230341,       0.2634694,
 -22000.0000000,  -13394.5000000,
     -0.8000757,       0.9507673,       0.2628207,
 -22000.0000000,  -13456.0000000,
     -0.8263493,       0.9317920,       0.2631451,
 -22000.0000000,  -13552.0000000,
     -0.7935073,       0.9602550,       0.2615233,
 -22000.0000000,  -13632.0000000,
     -0.7789109,       0.9595252,       0.2599014,
 -22000.0000000,  -13744.0000000,
     -0.7694232,       0.9974759,       0.2589283,
 -22000.0000000,  -13838.5000000,
     -0.7920477,       0.9777707,       0.2573065,
 -22000.0000000,  -13914.5000000,
     -0.8110230,       0.9733918,       0.2521167,
 -22000.0000000,  -14024.0000000,
     -0.7876687,       0.9967461,       0.2488730,
 -22000.0000000,  -14115.5000000,
     -0.8241598,       1.0091531,       0.2443319,
 -22000.0000000,  -14242.0000000,
     -0.8584615,       1.0164513,       0.2394664,
 -22000.0000000,  -14326.0000000,
     -0.9037104,       0.9748515,       0.2329791,
 -22000.0000000,  -14459.0000000,
     -0.9569874,       0.9726620,       0.2274649,
 -22000.0000000,  -14546.5000000,
     -1.0131837,       0.9668234,       0.2219507,
 -22000.0000000,  -14686.0000000,
     -1.0182925,       0.9463884,       0.2170852,
 -22000.0000000,  -14770.5000000,
     -1.0562432,       0.9157359,       0.2128685,
 -22000.0000000,  -14896.5000000,
     -1.0722993,       0.9033289,       0.2099492,
 -22000.0000000,  -15045.0000000,
     -1.1328745,       0.8770553,       0.2080030,
 -22000.0000000,  -15142.5000000,
     -1.1000325,       0.8682974,       0.2073542,
 -22000.0000000,  -15311.0000000,
     -1.1978287,       0.8332660,       0.2054080,
 -22000.0000000,  -15398.0000000,
     -1.1912603,       0.8427537,       0.2044350,
 -22000.0000000,  -15530.0000000,
     -1.1248465,       0.8755957,       0.2047593,
 -22000.0000000,  -15693.5000000,
     -1.1606078,       0.8391046,       0.2041106,
 -22000.0000000,  -15800.5000000,
     -1.1022220,       0.8690273,       0.2044350,
 -22000.0000000,  -15986.0000000,
     -1.1241167,       0.8697571,       0.2024888,
 -22000.0000000,  -16081.5000000,
     -1.1087904,       0.8763255,       0.2018400,
 -22000.0000000,  -16226.0000000,
     -1.0993027,       0.8639185,       0.2015157,
 -22000.0000000,  -16372.0000000,
     -1.0993027,       0.8734062,       0.1998938,
 -22000.0000000,  -16521.0000000,
     -1.0883554,       0.8522414,       0.1972989,
 -22000.0000000,  -16723.0000000,
     -1.0518643,       0.8872728,       0.1950284,
 -22000.0000000,  -16827.0000000,
     -1.0598923,       0.8858132,       0.1963258,
 -22000.0000000,  -17035.0000000,
     -1.0715695,       0.8872728,       0.1966502,
 -22000.0000000,  -17177.5000000,
     -1.0452959,       0.8485922,       0.1963258,
 -22000.0000000,  -17304.0000000,
     -1.0299696,       0.8478624,       0.1956771,
 -22000.0000000,  -17468.0000000,
     -1.0146434,       0.8449431,       0.1969746,
 -22000.0000000,  -17671.5000000,
     -0.9949382,       0.8208590,       0.1972989,
 -22000.0000000,  -17803.5000000,
     -1.0343486,       0.8405642,       0.1979476,
 -22000.0000000,  -18013.0000000,
     -1.0007768,       0.8347256,       0.1979476,
 -22000.0000000,  -18149.5000000,
     -0.9715839,       0.8361853,       0.2002182,
 -22000.0000000,  -18385.0000000,
     -1.0153732,       0.8332660,       0.1998938,
 -22000.0000000,  -18505.5000000,
     -0.9672049,       0.8383747,       0.2011913,
 -22000.0000000,  -18747.0000000,
     -1.0234012,       0.8121011,       0.1956771,
 -22000.0000000,  -18871.5000000,
     -1.0241311,       0.8113713,       0.2028131,
 -22000.0000000,  -19098.5000000,
     -0.9774225,       0.8449431,       0.2037862,
 -22000.0000000,  -19403.5000000,
     -1.0379977,       0.8230485,       0.2031375,
 -22000.0000000,  -19532.5000000,
     -1.0204820,       0.8332660,       0.2050837,
 -22000.0000000,  -19654.0000000,
     -1.0139136,       0.8048029,       0.2057324,
 -22000.0000000,  -19872.5000000,
     -0.9927487,       0.8551606,       0.2060568,
 -22000.0000000,  -20029.0000000,
     -0.9766926,       0.8515115,       0.2070299,
 -22000.0000000,  -20253.0000000,
     -1.0007768,       0.8580799,       0.2073542,
 -22000.0000000,  -20468.5000000,
     -1.0693800,       0.7982345,       0.1989207,
 -22000.0000000,  -20663.0000000,
     -1.0000469,       0.8719465,       0.2076786,
 -22000.0000000,  -20883.5000000,
     -0.9942084,       0.8303467,       0.2093004,
 -22000.0000000,  -21107.5000000,
     -0.9883698,       0.8485922,       0.2099492,
 -22000.0000000,  -21275.5000000,
     -0.9898294,       0.8675676,       0.2102735,
 -22000.0000000,  -21539.0000000,
     -1.0102644,       0.8544308,       0.2102735,
 -22000.0000000,  -21758.5000000,
     -1.0088048,       0.8500519,       0.2109223,
 -22000.0000000,  -21932.0000000,
     -1.0015066,       0.8646483,       0.2115710,
 -22000.0000000,  -22156.5000000,
     -0.9766926,       0.9025991,       0.2112466,
 -22000.0000000,  -22432.5000000,
     -0.9839908,       0.8748658,       0.2115710,
 -22000.0000000,  -22662.0000000,
     -0.9467699,       0.8471326,       0.2115710,
 -22000.0000000,  -22842.0000000,
     -0.9810716,       0.8456730,       0.2115710,
 -22000.0000000,  -23114.5000000,
     -0.9584471,       0.8704869,       0.2118954,
 -22000.0000000,  -23362.5000000,
     -0.9905592,       0.8493221,       0.2125441,
 -22000.0000000,  -23546.5000000,
     -0.9599067,       0.8573501,       0.2128685,
 -22000.0000000,  -23833.0000000,
     -0.9956680,       0.8434835,       0.2128685,
 -22000.0000000,  -24017.0000000,
     -0.9474997,       0.8828939,       0.2112466,
 -22000.0000000,  -24303.5000000,
     -0.9460401,       0.8843535,       0.2138415,
 -22000.0000000,  -24487.5000000,
     -0.9635558,       0.8704869,       0.2118954,
 -22000.0000000,  -24696.0000000,
     -0.9438506,       0.8661080,       0.2131928,
 -22000.0000000,  -25008.5000000,
     -0.9358226,       0.8807044,       0.2131928,
 -22000.0000000,  -25192.5000000,
     -0.9635558,       0.8734062,       0.2135172,
 -22000.0000000,  -25479.0000000,
     -0.9299840,       0.8580799,       0.2125441,
 -22000.0000000,  -25636.0000000,
     -0.9642857,       0.8770553,       0.2131928,
 -22000.0000000,  -25949.5000000,
     -0.9241454,       0.8690273,       0.2115710,
 -22000.0000000,  -26106.5000000,
     -0.9256051,       0.8909219,       0.2080030,
 -22000.0000000,  -26419.5000000,
     -0.9256051,       0.8850833,       0.2076786,
 -22000.0000000,  -26577.0000000,
     -0.8825456,       0.8580799,       0.2070299,
 -22000.0000000,  -26837.5000000,
     -0.8934929,       0.8150204,       0.2093004,
 -22000.0000000,  -27123.5000000,
     -0.9321735,       0.8303467,       0.2105979,
 -22000.0000000,  -27281.0000000,
     -0.9241454,       0.8318063,       0.2157877,
 -22000.0000000,  -27567.5000000,
     -0.9409314,       0.8507817,       0.2196801,
 -22000.0000000,  -27751.5000000,
     -0.9234156,       0.8412940,       0.2225994,
 -22000.0000000,  -28064.5000000,
     -0.9190367,       0.8580799,       0.2235725,
 -22000.0000000,  -28222.0000000,
     -0.9387419,       0.8537010,       0.2235725,
 -22000.0000000,  -28535.0000000,
     -0.8803561,       0.8704869,       0.2238969,
 -22000.0000000,  -28692.0000000,
     -0.9336331,       0.8661080,       0.2248700,
 -22000.0000000,  -29005.5000000,
     -0.8781667,       0.8602694,       0.2242212,
 -22000.0000000,  -29162.5000000,
     -0.8781667,       0.8617290,       0.2245456,
 -22000.0000000,  -29463.0000000,
     -0.8883842,       0.8887325,       0.2251943,
 -22000.0000000,  -29684.5000000,
     -0.9124683,       0.8690273,       0.2232481,
 -22000.0000000,  -29868.0000000,
     -0.9088192,       0.8704869,       0.2245456,
 -22000.0000000,  -30155.0000000,
     -0.9029806,       0.8639185,       0.2248700,
 -22000.0000000,  -30338.5000000,
     -0.8752474,       0.8894623,       0.2242212,
 -22000.0000000,  -30625.0000000,
     -0.9044403,       0.9018693,       0.2251943,
 -22000.0000000,  -30821.5000000,
     -0.8643000,       0.8865430,       0.2251943,
 -22000.0000000,  -31042.5000000,
     -0.8788965,       0.8675676,       0.2261674,
 -22000.0000000,  -31356.5000000,
     -0.9051701,       0.8858132,       0.2255187,
 -22000.0000000,  -31527.5000000,
     -0.8321879,       0.8923816,       0.2258431,
 -22000.0000000,  -31748.5000000,
     -0.8621106,       0.8807044,       0.2251943,
 -22000.0000000,  -32062.5000000,
     -0.8927631,       0.9055184,       0.2248700,
 -22000.0000000,  -32246.5000000,
     -0.8453247,       0.9025991,       0.2255187,
 -22000.0000000,  -32533.0000000,
     -0.8431352,       0.8836237,       0.2255187,
 -22000.0000000,  -32703.5000000,
     -0.8445948,       0.8909219,       0.2232481,
 -22000.0000000,  -32938.5000000,
     -0.8562720,       0.8828939,       0.2248700,
 -22000.0000000,  -33226.0000000,
     -0.8358370,       0.8923816,       0.2242212,
 -22000.0000000,  -33447.0000000,
     -0.8205107,       0.9004096,       0.2245456,
 -22000.0000000,  -33696.0000000,
     -0.8314580,       0.8770553,       0.2242212,
 -22000.0000000,  -33917.5000000,
     -0.8365668,       0.9011394,       0.2232481,
 -22000.0000000,  -34153.0000000,
     -0.8307282,       0.8989500,       0.2238969,
 -22000.0000000,  -34350.5000000,
     -0.8205107,       0.8785149,       0.2238969,
 -22000.0000000,  -34585.5000000,
     -0.8000757,       0.8792448,       0.2238969,
 -22000.0000000,  -34819.5000000,
     -0.7978862,       0.8646483,       0.2238969,
 -22000.0000000,  -35054.5000000,
     -0.8088336,       0.8726764,       0.2232481,
 -22000.0000000,  -35289.5000000,
     -0.7540969,       0.8887325,       0.2222750,
 -22000.0000000,  -35562.5000000,
     -0.7606653,       0.8770553,       0.2209776,
 -22000.0000000,  -35797.5000000,
     -0.7446092,       0.8814342,       0.2216263,
 -22000.0000000,  -36032.5000000,
     -0.7584758,       0.8712167,       0.2213020,
 -22000.0000000,  -36268.0000000,
     -0.7949669,       0.8916517,       0.2219507,
 -22000.0000000,  -36517.0000000,
     -0.7219847,       0.8901921,       0.2222750,
 -22000.0000000,  -36700.5000000,
     -0.8066441,       0.9033289,       0.2219507,
 -22000.0000000,  -36999.5000000,
     -0.7555566,       0.8931114,       0.2209776,
 -22000.0000000,  -37170.5000000,
     -0.7234444,       0.9077078,       0.2209776,
 -22000.0000000,  -37406.0000000,
     -0.7584758,       0.8624589,       0.2190314,
 -22000.0000000,  -37692.5000000,
     -0.7000901,       0.8661080,       0.2193558,
 -22000.0000000,  -37862.5000000,
     -0.7285531,       0.8807044,       0.2203289,
 -22000.0000000,  -38163.5000000,
     -0.7322023,       0.8602694,       0.2196801,
 -22000.0000000,  -38347.0000000,
     -0.7081181,       0.8675676,       0.2213020,
 -22000.0000000,  -38607.0000000,
     -0.7365812,       0.9025991,       0.2229238,
 -22000.0000000,  -38816.0000000,
     -0.6979006,       0.8865430,       0.2235725,
 -22000.0000000,  -39116.0000000,
     -0.6577604,       0.8916517,       0.2235725,
 -22000.0000000,  -39338.5000000,
     -0.7081181,       0.9004096,       0.2232481,
 -22000.0000000,  -39522.0000000,
     -0.7146865,       0.8843535,       0.2232481,
 -22000.0000000,  -39782.0000000,
     -0.6833042,       0.9011394,       0.2235725,
 -22000.0000000,  -39992.5000000,
     -0.6906024,       0.8354554,       0.2225994,
 -22000.0000000,  -40279.0000000,
     -0.6971708,       0.8653782,       0.2229238,
 -22000.0000000,  -40463.0000000,
     -0.6548411,       0.9018693,       0.2235725,
 -22000.0000000,  -40698.0000000,
     -0.7044690,       0.8763255,       0.2219507,
 -22000.0000000,  -40932.5000000,
     -0.6672481,       0.8755957,       0.2219507,
 -22000.0000000,  -41219.5000000,
     -0.7059287,       0.8668378,       0.2232481,
 -22000.0000000,  -41403.0000000,
     -0.6526517,       0.8515115,       0.2235725,
 -22000.0000000,  -41689.5000000,
     -0.6862235,       0.8734062,       0.2238969,
 -22000.0000000,  -41873.5000000,
     -0.6906024,       0.9055184,       0.2248700,
 -22000.0000000,  -42160.0000000,
     -0.6570306,       0.8478624,       0.2245456,
 -22000.0000000,  -42344.0000000,
     -0.6066729,       0.8734062,       0.2248700,
 -22000.0000000,  -42579.0000000,
     -0.6365956,       0.9128166,       0.2258431,
 -22000.0000000,  -42864.0000000,
     -0.6132413,       0.8807044,       0.2251943,
 -22000.0000000,  -43048.0000000,
     -0.6249184,       0.8690273,       0.2242212,
 -22000.0000000,  -43283.0000000,
     -0.6482727,       0.8865430,       0.2242212,
 -22000.0000000,  -43518.0000000,
     -0.6183500,       0.8953009,       0.2206532,
 -22000.0000000,  -43804.5000000,
     -0.6132413,       0.9098973,       0.2235725,
 -22000.0000000,  -43988.5000000,
     -0.6074027,       0.8858132,       0.2229238,
 -22000.0000000,  -44275.0000000,
     -0.5935361,       0.8938412,       0.2219507,
 -22000.0000000,  -44459.0000000,
     -0.5891571,       0.8741360,       0.2235725,
 -22000.0000000,  -44694.0000000,
     -0.6307570,       0.8500519,       0.2235725,
 -22000.0000000,  -44980.5000000,
     -0.5855080,       0.8507817,       0.2245456,
 -22000.0000000,  -45215.5000000,
     -0.6139711,       0.8288870,       0.2245456,
 -22000.0000000,  -45399.5000000,
     -0.6066729,       0.8967605,       0.2245456,
 -22000.0000000,  -45685.5000000,
     -0.5592344,       0.8836237,       0.2238969,
 -22000.0000000,  -45869.5000000,
     -0.5738309,       0.8807044,       0.2242212,
 -22000.0000000,  -46156.5000000,
     -0.5709116,       0.8850833,       0.2238969,
 -22000.0000000,  -46391.5000000,
     -0.5592344,       0.8785149,       0.2245456,
 -22000.0000000,  -46575.0000000,
     -0.5519362,       0.8690273,       0.2238969,
 -22000.0000000,  -46860.5000000,
     -0.5621537,       0.8646483,       0.2238969,
 -22000.0000000,  -47044.0000000,
     -0.5490169,       0.8537010,       0.2235725,
 -22000.0000000,  -47330.5000000,
     -0.5884273,       0.8544308,       0.2242212,
 -22000.0000000,  -47514.5000000,
     -0.5315012,       0.8588098,       0.2238969,
 -22000.0000000,  -47801.0000000,
     -0.5227433,       0.8471326,       0.2232481,
 -22000.0000000,  -47984.5000000,
     -0.5132557,       0.8675676,       0.2232481,
 -22000.0000000,  -48271.5000000,
     -0.4957399,       0.8193994,       0.2225994,
 -22000.0000000,  -48455.0000000,
     -0.5300416,       0.8697571,       0.2229238,
 -22000.0000000,  -48690.0000000,
     -0.4760347,       0.8646483,       0.2225994,
 -22000.0000000,  -48976.5000000,
     -0.4628979,       0.8537010,       0.2232481,
 -22000.0000000,  -49160.5000000,
     -0.5052276,       0.8456730,       0.2225994,
 -22000.0000000,  -49447.0000000,
     -0.4826031,       0.8763255,       0.2219507,
 -22000.0000000,  -49630.5000000,
     -0.4555997,       0.8544308,       0.2219507,
 -22000.0000000,  -49917.0000000,
     -0.4607085,       0.8266976,       0.2209776,
 -22000.0000000,  -50101.0000000,
     -0.4672769,       0.8471326,       0.2216263,
 -22000.0000000,  -50336.5000000,
     -0.4395436,       0.8179397,       0.2206532,
 -22000.0000000,  -50622.5000000,
     -0.4424629,       0.8434835,       0.2209776,
 -22000.0000000,  -50805.0000000,
     -0.4191086,       0.8617290,       0.2209776,
 -22000.0000000,  -51091.5000000,
     -0.3862666,       0.8456730,       0.2203289,
 -22000.0000000,  -51275.5000000,
     -0.4504910,       0.8347256,       0.2206532,
 -22000.0000000,  -51562.0000000,
     -0.4264068,       0.8558905,       0.2206532,
 -22000.0000000,  -51797.0000000,
     -0.4417331,       0.8208590,       0.2200045,
 -22000.0000000,  -51981.0000000,
     -0.3964841,       0.8288870,       0.2200045,
 -22000.0000000,  -52216.0000000,
     -0.4030525,       0.8164801,       0.2203289,
 -22000.0000000,  -52502.5000000,
     -0.4030525,       0.8004240,       0.2190314,
 -22000.0000000,  -52686.5000000,
     -0.3680211,       0.8128310,       0.2196801,
 -22000.0000000,  -52921.5000000,
     -0.3249616,       0.8230485,       0.2190314,
 -22000.0000000,  -53208.0000000,
     -0.3636421,       0.8325362,       0.2187070,
 -22000.0000000,  -53391.5000000,
     -0.3724000,       0.8150204,       0.2196801,
 -22000.0000000,  -53678.0000000,
     -0.3585334,       0.8223187,       0.2200045,
 -22000.0000000,  -53835.5000000,
     -0.3906456,       0.8682974,       0.2200045,
 -22000.0000000,  -54148.5000000,
     -0.3738596,       0.8150204,       0.2200045,
 -22000.0000000,  -54332.5000000,
     -0.3599930,       0.7975047,       0.2203289,
 -22000.0000000,  -54619.0000000,
     -0.3651018,       0.8040731,       0.2187070,
 -22000.0000000,  -54801.5000000,
     -0.3359089,       0.7792592,       0.2196801,
 -22000.0000000,  -55088.0000000,
     -0.3366387,       0.7880170,       0.2196801,
 -22000.0000000,  -55271.5000000,
     -0.3680211,       0.8106415,       0.2193558,
 -22000.0000000,  -55558.0000000,
     -0.3519650,       0.7938556,       0.2190314,
 -22000.0000000,  -55742.0000000,
     -0.3424773,       0.8040731,       0.2170852,
 -22000.0000000,  -56028.5000000,
     -0.3220423,       0.8288870,       0.2180583,
 -22000.0000000,  -56212.5000000,
     -0.3556141,       0.8069924,       0.2180583,
 -22000.0000000,  -56499.0000000,
     -0.3300703,       0.7756100,       0.2174096,
 -22000.0000000,  -56682.5000000,
     -0.3089055,       0.7967749,       0.2154634,
 -22000.0000000,  -56969.0000000,
     -0.3242318,       0.8142906,       0.2128685,
 -22000.0000000,  -57126.0000000,
     -0.3505053,       0.8376449,       0.2080030,
 -22000.0000000,  -57439.0000000,
     -0.3804280,       0.8135608,       0.2054080,
 -22000.0000000,  -57596.5000000,
     -0.4191086,       0.8172099,       0.2028131,
 -22000.0000000,  -57909.5000000,
     -0.3979438,       0.7850977,       0.1989207,
 -22000.0000000,  -58067.0000000,
     -0.4074315,       0.7486066,       0.1995695,
 -22000.0000000,  -58380.0000000,
     -0.3775088,       0.7434979,       0.1995695,
 -22000.0000000,  -58564.0000000,
     -0.3242318,       0.6865718,       0.2031375,
 -22000.0000000,  -58849.0000000,
     -0.3118248,       0.6953296,       0.2080030,
 -22000.0000000,  -59032.5000000,
     -0.2950389,       0.7172243,       0.2115710,
 -22000.0000000,  -59319.0000000,
     -0.2359233,       0.7310909,       0.2144903,
 -22000.0000000,  -59476.5000000,
     -0.2038111,       0.7464172,       0.2154634,
 -22000.0000000,  -59789.5000000,
     -0.2184076,       0.7500663,       0.2157877,
 -22000.0000000,  -59947.0000000,
     -0.2023515,       0.7551750,       0.2164365,
 -22000.0000000,  -60247.0000000,
     -0.2366531,       0.7398488,       0.2157877,
 -22000.0000000,  -60444.0000000,
     -0.2300847,       0.7544452,       0.2154634,
 -22000.0000000,  -60730.0000000,
     -0.1512639,       0.7858275,       0.2164365,
 -22000.0000000,  -60887.0000000,
     -0.2125690,       0.7515259,       0.2161121,
 -22000.0000000,  -61200.0000000,
     -0.1527236,       0.7705013,       0.2157877,
 -22000.0000000,  -61357.5000000,
     -0.1483446,       0.7559048,       0.2157877,
 -22000.0000000,  -61670.5000000,
     -0.1622113,       0.7544452,       0.2148146,
 -22000.0000000,  -61828.0000000,
     -0.1476148,       0.7420382,       0.2148146,
 -22000.0000000,  -62089.5000000,
     -0.1461552,       0.7464172,       0.2141659,
 -22000.0000000,  -62376.0000000,
     -0.1381271,       0.7332804,       0.2135172,
 -22000.0000000,  -62533.5000000,
     -0.0899589,       0.7274418,       0.2128685,
 -22000.0000000,  -62819.5000000,
     -0.1286394,       0.7310909,       0.2135172,
 -22000.0000000,  -63029.0000000,
     -0.1381271,       0.7486066,       0.2131928,
 -22000.0000000,  -63315.5000000,
     -0.1162325,       0.7420382,       0.2138415,
 -22000.0000000,  -63550.5000000,
     -0.1476148,       0.7566347,       0.2135172,
 -22000.0000000,  -63708.0000000,
     -0.1446955,       0.7259821,       0.2131928,
 -22000.0000000,  -64021.0000000,
     -0.0921483,       0.7070068,       0.2141659,
 -22000.0000000,  -64178.0000000,
     -0.1279096,       0.7150348,       0.2135172,
 -22000.0000000,  -64491.0000000,
     -0.1352078,       0.7128453,       0.2141659,
 -22000.0000000,  -64648.5000000,
     -0.0658748,       0.7150348,       0.2154634,
 -22000.0000000,  -64961.0000000,
     -0.0950676,       0.7413084,       0.2148146,
 -22000.0000000,  -65118.5000000,
     -0.0578467,       0.7245225,       0.2151390,
 -22000.0000000,  -65418.5000000,
     -0.0381415,       0.7354698,       0.2154634,
 -22000.0000000,  -65589.0000000,
     -0.1009062,       0.6953296,       0.2151390,
 -22000.0000000,  -65902.0000000,
     -0.0454397,       0.7128453,       0.2086517,
 -22000.0000000,  -66112.0000000,
     -0.0177065,       0.7245225,       0.2154634,
 -22000.0000000,  -66373.0000000,
     -0.0403310,       0.7223330,       0.2148146,
 -22000.0000000,  -66557.0000000,
     -0.0118679,       0.7026278,       0.2148146,
 -22000.0000000,  -66816.5000000,
      0.0290021,       0.7201436,       0.2141659,
 -22000.0000000,  -67025.5000000,
     -0.0213556,       0.7157646,       0.2141659,
 -22000.0000000,  -67312.0000000,
      0.0224337,       0.6712455,       0.2148146,
 -22000.0000000,  -67496.0000000,
     -0.0293837,       0.6945998,       0.2164365,
 -22000.0000000,  -67782.5000000,
     -0.0352222,       0.6975191,       0.2167608,
 -22000.0000000,  -67966.5000000,
      0.0348407,       0.7033577,       0.2177339,
 -22000.0000000,  -68253.5000000,
     -0.0104083,       0.6909507,       0.2177339,
 -22000.0000000,  -68411.0000000,
     -0.0228153,       0.6945998,       0.2183827,
 -22000.0000000,  -68723.5000000,
      0.0377600,       0.7391189,       0.2183827,
 -22000.0000000,  -68907.5000000,
     -0.0191661,       0.6836525,       0.2187070,
 -22000.0000000,  -69181.0000000,
      0.0129460,       0.6873016,       0.2187070,
 -22000.0000000,  -69377.5000000,
      0.0246232,       0.6873016,       0.2187070,
 -22000.0000000,  -69664.0000000,
     -0.0140574,       0.6836525,       0.2151390,
 -22000.0000000,  -69848.0000000,
      0.0231635,       0.6778139,       0.2196801,
 -22000.0000000,  -70134.5000000,
      0.0443284,       0.6756244,       0.2206532,
 -22000.0000000,  -70319.0000000,
      0.0027285,       0.6982489,       0.2209776,
 -22000.0000000,  -70605.5000000,
      0.0574652,       0.6778139,       0.2206532,
 -22000.0000000,  -70788.0000000,
      0.0581950,       0.6858419,       0.2213020,
 -22000.0000000,  -71074.0000000,
      0.0071074,       0.6931402,       0.2219507,
 -22000.0000000,  -71258.0000000,
      0.0574652,       0.6442421,       0.2219507,
 -22000.0000000,  -71531.5000000,
      0.0574652,       0.6756244,       0.2219507,
 -22000.0000000,  -71779.5000000,
      0.0530862,       0.6581087,       0.2219507,
 -22000.0000000,  -71937.0000000,
      0.0779002,       0.6734350,       0.2222750,
 -22000.0000000,  -72251.0000000,
      0.0435985,       0.6800034,       0.2219507,
 -22000.0000000,  -72459.5000000,
      0.0560055,       0.6792735,       0.2229238,
 -22000.0000000,  -72643.0000000,
      0.0662230,       0.6748946,       0.2235725,
 -22000.0000000,  -72956.0000000,
      0.0640336,       0.6916805,       0.2232481,
 -22000.0000000,  -73113.0000000,
      0.0698721,       0.6748946,       0.2232481,
 -22000.0000000,  -73439.0000000,
      0.0976054,       0.7208734,       0.2232481,
 -22000.0000000,  -73610.0000000,
      0.0538161,       0.6588385,       0.2225994,
 -22000.0000000,  -73883.5000000,
      0.0822791,       0.6873016,       0.2213020,
 -22000.0000000,  -74054.0000000,
      0.0939563,       0.7033577,       0.2213020,
 -22000.0000000,  -74340.5000000,
      0.0625739,       0.6354842,       0.2206532,
 -22000.0000000,  -74563.5000000,
      0.0545459,       0.6785437,       0.2203289,
 -22000.0000000,  -74810.5000000,
      0.0771704,       0.6778139,       0.2209776,
 -22000.0000000,  -75019.0000000,
      0.0457880,       0.6413228,       0.2209776,
 -22000.0000000,  -75306.0000000,
      0.0873879,       0.6727051,       0.2196801,
 -22000.0000000,  -75490.0000000,
      0.0917668,       0.6376737,       0.2200045,
 -22000.0000000,  -75698.5000000,
      0.0749809,       0.6201579,       0.2203289,
 -22000.0000000,  -75985.0000000,
      0.1107422,       0.6522701,       0.2187070,
 -22000.0000000,  -76208.5000000,
      0.0954159,       0.6259965,       0.2200045,
 -22000.0000000,  -76455.5000000,
      0.0574652,       0.6442421,       0.2196801,
 -22000.0000000,  -76679.0000000,
      0.0910370,       0.6471614,       0.2193558,
 -22000.0000000,  -76952.0000000,
      0.1005247,       0.6529999,       0.2200045,
 -22000.0000000,  -77109.5000000,
      0.1304474,       0.6442421,       0.2213020,
 -22000.0000000,  -77396.0000000,
      0.1581806,       0.6544596,       0.2196801,
 -22000.0000000,  -77631.0000000,
      0.1304474,       0.6457017,       0.2206532,
 -22000.0000000,  -77815.0000000,
      0.1158509,       0.6252667,       0.2206532,
 -22000.0000000,  -78064.0000000,
      0.1326368,       0.6435123,       0.2200045,
 -22000.0000000,  -78285.5000000,
      0.1267983,       0.6427824,       0.2187070,
 -22000.0000000,  -78585.5000000,
      0.1370158,       0.6369439,       0.2183827,
 -22000.0000000,  -78755.5000000,
      0.1640192,       0.6281860,       0.2180583,
 -22000.0000000,  -78989.5000000,
      0.0946861,       0.6223474,       0.2177339,
 -22000.0000000,  -79224.5000000,
      0.1399351,       0.6391333,       0.2164365,
 -22000.0000000,  -79537.5000000,
      0.1713174,       0.6340246,       0.2161121,
 -22000.0000000,  -79695.0000000,
      0.1435842,       0.6332947,       0.2151390,
 -22000.0000000,  -80008.0000000,
      0.1669385,       0.6230772,       0.2144903,
 -22000.0000000,  -80269.0000000,
      0.1735069,       0.6238071,       0.2141659,
 -22000.0000000,  -80400.5000000,
      0.1494227,       0.6186983,       0.2135172,
 -22000.0000000,  -80687.0000000,
      0.1786156,       0.6019124,       0.2125441,
 -22000.0000000,  -80870.5000000,
      0.2260541,       0.5909651,       0.2128685,
 -22000.0000000,  -81196.0000000,
      0.1786156,       0.5858563,       0.2128685,
 -22000.0000000,  -81340.5000000,
      0.2406505,       0.5975335,       0.2118954,
 -22000.0000000,  -81653.0000000,
      0.2457592,       0.6055615,       0.2118954,
 -22000.0000000,  -81862.5000000,
      0.2143769,       0.6004528,       0.2118954,
 -22000.0000000,  -82060.0000000,
      0.2559768,       0.6084808,       0.2109223,
 -22000.0000000,  -82295.5000000,
      0.2187558,       0.6048317,       0.2112466,
 -22000.0000000,  -82581.5000000,
      0.2640048,       0.5661511,       0.2115710,
 -22000.0000000,  -82764.0000000,
      0.2683837,       0.5887756,       0.2118954,
 -22000.0000000,  -83037.0000000,
      0.2384610,       0.6165088,       0.2112466,
 -22000.0000000,  -83285.5000000,
      0.2435698,       0.5909651,       0.2118954,
 -22000.0000000,  -83456.0000000,
      0.2778714,       0.5851265,       0.2122197,
 -22000.0000000,  -83742.0000000,
      0.2588960,       0.5931545,       0.2125441,
 -22000.0000000,  -83926.0000000,
      0.2501382,       0.6165088,       0.2125441,
 -22000.0000000,  -84252.0000000,
      0.3041450,       0.5953440,       0.2131928,
 -22000.0000000,  -84396.5000000,
      0.2880889,       0.5953440,       0.2138415,
 -22000.0000000,  -84722.0000000,
      0.2953871,       0.5698002,       0.2141659,
 -22000.0000000,  -84880.5000000,
      0.2829802,       0.5347688,       0.2151390,
 -22000.0000000,  -85101.5000000,
      0.3070643,       0.5646915,       0.2151390,
 -22000.0000000,  -85388.5000000,
      0.3493940,       0.5719897,       0.2154634,
 -22000.0000000,  -85637.0000000,
      0.3274993,       0.5858563,       0.2170852,
 -22000.0000000,  -85821.0000000,
      0.2975766,       0.5500950,       0.2174096,
 -22000.0000000,  -86094.0000000,
      0.3501238,       0.5887756,       0.2170852,
 -22000.0000000,  -86277.5000000,
      0.3150923,       0.5690704,       0.2170852,
 -22000.0000000,  -86564.0000000,
      0.2946573,       0.5603125,       0.2174096,
 -22000.0000000,  -86760.5000000,
      0.3479343,       0.5960738,       0.2177339,
 -22000.0000000,  -86995.5000000,
      0.3034152,       0.5719897,       0.2187070,
 -22000.0000000,  -87307.5000000,
      0.3406361,       0.5537441,       0.2190314,
 -22000.0000000,  -87466.0000000,
      0.3632606,       0.5508249,       0.2196801,
 -22000.0000000,  -87701.0000000,
      0.3216607,       0.5712599,       0.2203289,
 -22000.0000000,  -87987.5000000,
      0.3399063,       0.5333091,       0.2219507,
 -22000.0000000,  -88171.5000000,
      0.3377168,       0.5479056,       0.2213020,
 -22000.0000000,  -88406.5000000,
      0.3238502,       0.5398775,       0.2219507,
 -22000.0000000,  -88705.5000000,
      0.3508536,       0.5340389,       0.2219507,
 -22000.0000000,  -88876.5000000,
      0.3508536,       0.5347688,       0.2216263,
 -22000.0000000,  -89111.5000000,
      0.3180116,       0.5245513,       0.2213020,
 -22000.0000000,  -89398.0000000,
      0.3946429,       0.5829370,       0.2213020,
 -22000.0000000,  -89568.0000000,
      0.3676395,       0.5800177,       0.2213020,
 -22000.0000000,  -89894.0000000,
      0.3012257,       0.5121443,       0.2209776,
 -22000.0000000,  -90038.5000000,
      0.4106990,       0.5464459,       0.2209776,
 -22000.0000000,  -90312.5000000,
      0.4004815,       0.5099548,       0.2209776,
 -22000.0000000,  -90523.0000000,
      0.3530431,       0.5413372,       0.2209776,
 -22000.0000000,  -90808.0000000,
      0.3909938,       0.5165232,       0.2187070,
 -22000.0000000,  -90991.5000000,
      0.3464747,       0.5136039,       0.2196801,
 -22000.0000000,  -91264.5000000,
      0.3888044,       0.5252811,       0.2190314,
 -22000.0000000,  -91462.0000000,
      0.3851553,       0.5055759,       0.2170852,
 -22000.0000000,  -91774.0000000,
      0.3712886,       0.5347688,       0.2170852,
 -22000.0000000,  -91932.5000000,
      0.3844254,       0.5041162,       0.2157877,
 -22000.0000000,  -92167.5000000,
      0.4143481,       0.5230916,       0.2148146,
 -22000.0000000,  -92403.0000000,
      0.3771272,       0.5033864,       0.2141659,
 -22000.0000000,  -92638.0000000,
      0.4391621,       0.4749234,       0.2131928,
 -22000.0000000,  -92924.0000000,
      0.4296744,       0.4917093,       0.2118954,
 -22000.0000000,  -93094.0000000,
      0.3946429,       0.5311197,       0.2105979,
 -22000.0000000,  -93406.0000000,
      0.4727339,       0.4880602,       0.2096248,
 -22000.0000000,  -93629.5000000,
      0.4223762,       0.4851409,       0.2099492,
 -22000.0000000,  -93813.5000000,
      0.3975622,       0.4938987,       0.2089761,
 -22000.0000000,  -94048.5000000,
      0.4690848,       0.5136039,       0.2076786,
 -22000.0000000,  -94335.0000000,
      0.4355130,       0.4778427,       0.2070299,
 -22000.0000000,  -94519.0000000,
      0.4705444,       0.4931689,       0.2073542,
 -22000.0000000,  -94804.0000000,
      0.4990075,       0.4771128,       0.2067055,
 -22000.0000000,  -95012.5000000,
      0.4384323,       0.4647059,       0.2063811,
 -22000.0000000,  -95223.0000000,
      0.4522989,       0.4632462,       0.2044350,
 -22000.0000000,  -95509.5000000,
      0.4990075,       0.4836812,       0.2050837,
 -22000.0000000,  -95693.0000000,
      0.4785725,       0.4223762,       0.2054080,
 -22000.0000000,  -96005.5000000,
      0.4975478,       0.4676251,       0.2060568,
 -22000.0000000,  -96163.5000000,
      0.5376881,       0.4289446,       0.2047593,
 -22000.0000000,  -96476.0000000,
      0.4946286,       0.4325937,       0.2063811,
 -22000.0000000,  -96634.0000000,
      0.5136039,       0.4158078,       0.2067055,
 -22000.0000000,  -96856.0000000,
      0.5369582,       0.4034008,       0.2073542,
 -22000.0000000,  -97104.0000000,
      0.4785725,       0.4048604,       0.2089761,
 -22000.0000000,  -97364.0000000,
      0.5150636,       0.4019412,       0.2099492,
 -22000.0000000,  -97600.0000000,
      0.5333091,       0.3917237,       0.2115710,
 -22000.0000000,  -97860.5000000,
      0.4982777,       0.3968324,       0.2131928,
 -22000.0000000,  -98044.5000000,
      0.6092106,       0.3917237,       0.2138415,
 -22000.0000000,  -98331.5000000,
      0.5457161,       0.3836956,       0.2151390,
 -22000.0000000,  -98515.0000000,
      0.4800321,       0.4063201,       0.2154634,
 -22000.0000000,  -98825.5000000,
      0.5851265,       0.3953728,       0.2157877,
 -22000.0000000,  -98984.0000000,
      0.5530143,       0.3807763,       0.2177339,
 -22000.0000000,  -99270.5000000,
      0.5486354,       0.4019412,       0.2187070,
 -22000.0000000,  -99454.0000000,
      0.6245369,       0.3953728,       0.2170852,
 -22000.0000000,  -99714.0000000,
      0.5770984,       0.3982921,       0.2190314,
 -22000.0000000,  -99950.5000000,
      0.5646915,       0.4063201,       0.2203289,
 -22000.0000000, -100211.0000000,
      0.6223474,       0.3742079,       0.2193558,
 -22000.0000000, -100395.0000000,
      0.5508249,       0.3793167,       0.2203289,
 -22000.0000000, -100681.5000000,
      0.5435266,       0.3873447,       0.2200045,
 -22000.0000000, -100865.0000000,
      0.6457017,       0.3647202,       0.2183827,
 -22000.0000000, -101151.5000000,
      0.5698002,       0.3559624,       0.2203289,
 -22000.0000000, -101321.5000000,
      0.6114001,       0.3712886,       0.2203289,
 -22000.0000000, -101570.5000000,
      0.5931545,       0.3661799,       0.2200045,
 -22000.0000000, -101857.0000000,
      0.5479056,       0.3472045,       0.2203289,
 -22000.0000000, -102041.0000000,
      0.6303755,       0.3537729,       0.2196801,
 -22000.0000000, -102353.0000000,
      0.6186983,       0.3793167,       0.2190314,
 -22000.0000000, -102511.0000000,
      0.5822072,       0.3340677,       0.2203289,
 -22000.0000000, -102822.0000000,
      0.6033720,       0.3231204,       0.2187070,
 -22000.0000000, -103031.5000000,
      0.5851265,       0.3457449,       0.2180583,
 -22000.0000000, -103215.0000000,
      0.5741792,       0.3858851,       0.2177339,
 -22000.0000000, -103450.5000000,
      0.6581087,       0.3530431,       0.2144903,
 -22000.0000000, -103737.0000000,
      0.5800177,       0.3450150,       0.2148146,
 -22000.0000000, -103920.5000000,
      0.5770984,       0.3158222,       0.2138415,
 -22000.0000000, -104207.5000000,
      0.6493508,       0.3720185,       0.2131928,
 -22000.0000000, -104391.0000000,
      0.5960738,       0.3355274,       0.2128685,
 -22000.0000000, -104626.0000000,
      0.5880458,       0.3114432,       0.2118954,
 -22000.0000000, -104912.5000000,
      0.6194281,       0.3464747,       0.2105979,
 -22000.0000000, -105096.5000000,
      0.5865861,       0.3092538,       0.2105979,
 -22000.0000000, -105408.5000000,
      0.6559192,       0.2953871,       0.2093004,
 -22000.0000000, -105566.5000000,
      0.6865718,       0.2983064,       0.2083273,
 -22000.0000000, -105878.5000000,
      0.6303755,       0.2807907,       0.2054080,
 -22000.0000000, -106037.0000000,
      0.6384035,       0.2778714,       0.2070299,
 -22000.0000000, -106323.5000000,
      0.6683262,       0.3026854,       0.2067055,
 -22000.0000000, -106507.5000000,
      0.6340246,       0.2880889,       0.2067055,
 -22000.0000000, -106767.0000000,
      0.6829226,       0.2771416,       0.2060568,
 -22000.0000000, -106975.5000000,
      0.6610280,       0.2844398,       0.2060568,
 -22000.0000000, -107261.0000000,
      0.6529999,       0.2362716,       0.2054080,
 -22000.0000000, -107441.5000000,
      0.7391189,       0.2588960,       0.2037862,
 -22000.0000000, -107720.0000000,
      0.7084664,       0.2552469,       0.2063811,
 -22000.0000000, -107896.5000000,
      0.6646771,       0.2603557,       0.2067055,
 -22000.0000000, -108169.0000000,
      0.7376593,       0.2559768,       0.2037862,
 -22000.0000000, -108342.0000000,
      0.6865718,       0.2567066,       0.2067055,
 -22000.0000000, -108608.0000000,
      0.7369295,       0.2107278,       0.2067055,
 -22000.0000000, -108800.5000000,
      0.7741504,       0.2545171,       0.2067055,
 -22000.0000000, -109037.0000000,
      0.7179541,       0.2362716,       0.2080030,
 -22000.0000000, -109202.5000000,
      0.7434979,       0.2537873,       0.2076786,
 -22000.0000000, -109456.5000000,
      0.7610136,       0.2545171,       0.2067055,
 -22000.0000000, -109618.0000000,
      0.7493364,       0.2391909,       0.2083273,
 -22000.0000000, -109821.5000000,
      0.7632031,       0.1968612,       0.2086517,
 -22000.0000000, -110066.0000000,
      0.7632031,       0.2151067,       0.2093004,
 -22000.0000000, -110221.0000000,
      0.7507961,       0.1873735,       0.2096248,
 -22000.0000000, -110459.0000000,
      0.7252523,       0.2297032,       0.2096248,
 -22000.0000000, -110609.5000000,
      0.7595540,       0.2107278,       0.2099492,
 -22000.0000000, -110842.0000000,
      0.7777995,       0.2318926,       0.2105979,
 -22000.0000000, -110999.5000000,
      0.8237783,       0.2406505,       0.2109223,
 -22000.0000000, -111215.5000000,
      0.7741504,       0.2056190,       0.2122197,
 -22000.0000000, -111368.5000000,
      0.7836381,       0.2245944,       0.2122197,
 -22000.0000000, -111568.5000000,
      0.7989643,       0.2574364,       0.2118954,
 -22000.0000000, -111756.0000000,
      0.7756100,       0.2151067,       0.2128685,
 -22000.0000000, -111894.5000000,
      0.7843679,       0.2333523,       0.2128685,
 -22000.0000000, -112124.5000000,
      0.8376449,       0.2267839,       0.2135172,
 -22000.0000000, -112239.5000000,
      0.7289014,       0.1939419,       0.2138415,
 -22000.0000000, -112445.0000000,
      0.8113713,       0.1829946,       0.2115710,
 -22000.0000000, -112574.5000000,
      0.8186695,       0.2070787,       0.2122197,
 -22000.0000000, -112764.5000000,
      0.7741504,       0.1968612,       0.2141659,
 -22000.0000000, -112899.5000000,
      0.8157503,       0.2202155,       0.2135172,
 -22000.0000000, -113092.5000000,
      0.8164801,       0.2282435,       0.2131928,
 -22000.0000000, -113214.5000000,
      0.7923959,       0.2180260,       0.2128685,
 -22000.0000000, -113400.5000000,
      0.8471326,       0.2304330,       0.2125441,
 -22000.0000000, -113518.0000000,
      0.7982345,       0.1822647,       0.2128685,
 -22000.0000000, -113699.0000000,
      0.7836381,       0.1968612,       0.2131928,
 -22000.0000000, -113797.0000000,
      0.8106415,       0.2158365,       0.2125441,
 -22000.0000000, -113987.5000000,
      0.7770697,       0.2231348,       0.2122197,
 -22000.0000000, -114098.0000000,
      0.7595540,       0.2019699,       0.2115710,
 -22000.0000000, -114236.5000000,
      0.8091819,       0.2041594,       0.2099492,
 -22000.0000000, -114401.5000000,
      0.8018836,       0.2180260,       0.2099492,
 -22000.0000000, -114506.0000000,
      0.7982345,       0.1924822,       0.2093004,
 -22000.0000000, -114665.5000000,
      0.8252379,       0.2377312,       0.2076786,
 -22000.0000000, -114765.5000000,
      0.7705013,       0.2275137,       0.2080030,
 -22000.0000000, -114918.5000000,
      0.7617434,       0.2151067,       0.2076786,
 -22000.0000000, -115001.0000000,
      0.7902065,       0.2143769,       0.2070299,
 -22000.0000000, -115162.0000000,
      0.7777995,       0.1895630,       0.2073542,
 -22000.0000000, -115248.0000000,
      0.8077222,       0.1997805,       0.2060568,
 -22000.0000000, -115382.5000000,
      0.7967749,       0.1895630,       0.2057324,
 -22000.0000000, -115465.0000000,
      0.7967749,       0.1618297,       0.2050837,
 -22000.0000000, -115612.5000000,
      0.8223187,       0.1917524,       0.2047593,
 -22000.0000000, -115690.5000000,
      0.8310765,       0.1968612,       0.2037862,
 -22000.0000000, -115826.0000000,
      0.8142906,       0.1786156,       0.2031375,
 -22000.0000000, -115901.0000000,
      0.8544308,       0.1676683,       0.2034619,
 -22000.0000000, -116029.5000000,
      0.8537010,       0.1786156,       0.2024888,
 -22000.0000000, -116101.0000000,
      0.8288870,       0.2085383,       0.2028131,
 -22000.0000000, -116223.5000000,
      0.8412940,       0.1610999,       0.2037862,
 -22000.0000000, -116296.5000000,
      0.8580799,       0.1829946,       0.1972989,
 -22000.0000000, -116407.0000000,
      0.8478624,       0.1793454,       0.1911360,
 -22000.0000000, -116476.0000000,
      0.8318063,       0.1610999,       0.1972989,
 -22000.0000000, -116580.5000000,
      0.8748658,       0.1902928,       0.2018400,
 -22000.0000000, -116658.5000000,
      0.8624589,       0.1443140,       0.2024888,
 -22000.0000000, -116744.0000000,
      0.8770553,       0.1691279,       0.2024888,
 -22000.0000000, -116800.5000000,
      0.8398344,       0.1494227,       0.2024888,
 -22000.0000000, -116893.0000000,
      0.8288870,       0.1567210,       0.2021644,
 -22000.0000000, -116966.0000000,
      0.8675676,       0.1370158,       0.2018400,
 -22000.0000000, -117021.5000000,
      0.8288870,       0.1319070,       0.2024888,
 -22000.0000000, -117090.0000000,
      0.8420238,       0.1589104,       0.2024888,
 -22000.0000000, -117170.5000000,
      0.8434835,       0.1494227,       0.2021644,
 -22000.0000000, -117227.0000000,
      0.8507817,       0.1538017,       0.2018400,
 -22000.0000000, -117294.0000000,
      0.8318063,       0.1333667,       0.2015157,
 -22000.0000000, -117340.0000000,
      0.8682974,       0.1589104,       0.2008669,
 -22000.0000000, -117414.0000000,
      0.8347256,       0.1647490,       0.2008669,
 -22000.0000000, -117449.5000000,
      0.8639185,       0.1413947,       0.2011913,
 -22000.0000000, -117517.5000000,
      0.8741360,       0.1399351,       0.2011913,
 -22000.0000000, -117552.5000000,
      0.8755957,       0.1435842,       0.2008669,
 -22000.0000000, -117605.5000000,
      0.8274274,       0.1304474,       0.2011913,
 -22000.0000000, -117649.0000000,
      0.8339958,       0.1275281,       0.2011913,
 -22000.0000000, -117683.0000000,
      0.8544308,       0.1049036,       0.2011913,
 -22000.0000000, -117721.5000000,
      0.8493221,       0.1421245,       0.1998938,
 -22000.0000000, -117757.5000000,
      0.8464028,       0.1056334,       0.2002182,
 -22000.0000000, -117791.0000000,
      0.8515115,       0.1705876,       0.2002182,
 -22000.0000000, -117825.5000000,
      0.8332660,       0.1654788,       0.2005426,
 -22000.0000000, -117855.0000000,
      0.8507817,       0.1479631,       0.2005426,
 -22000.0000000, -117876.5000000,
      0.8682974,       0.1348263,       0.2005426,
 -22000.0000000, -117906.0000000,
      0.8573501,       0.1435842,       0.1995695,
 -22000.0000000, -117923.5000000,
      0.7909363,       0.1333667,       0.2008669,
 -22000.0000000, -117936.5000000,
      0.8361853,       0.0851984,       0.1995695,
 -22000.0000000, -117956.5000000,
      0.8069924,       0.1143913,       0.2008669,
 -22000.0000000, -117968.5000000,
      0.8588098,       0.1173106,       0.1995695,
 -22000.0000000, -117982.0000000,
      0.8376449,       0.1508824,       0.1995695,
 -22000.0000000, -117988.5000000,
      0.8493221,       0.1180404,       0.1995695,
 -22000.0000000, -117995.5000000,
      0.8785149,       0.1224193,       0.1992451,
 -22000.0000000, -117998.5000000,
      0.8186695,       0.1523420,       0.1995695,
 -22000.0000000, -117999.5000000,
      0.8507817,       0.0939563,       0.1995695,
 -22000.0000000, -117999.5000000,
      0.8682974,       0.1676683,       0.1982720,
 -22000.0000000, -117999.5000000,
      0.8186695,       0.1136615,       0.1992451,
 -22000.0000000, -117999.5000000,
      0.8529712,       0.0691423,       0.1998938,
 -22000.0000000, -117999.5000000,
      0.8288870,       0.1246088,       0.1998938,
 -22000.0000000, -117999.5000000,
      0.8515115,       0.1501526,       0.1992451,
 -22000.0000000, -117999.5000000,
      0.8485922,       0.1246088,       0.1995695,
 -22000.0000000, -117999.5000000,
      0.8602694,       0.1216895,       0.1989207,
 -22000.0000000, -117999.5000000,
      0.8412940,       0.1136615,       0.1989207,
 -22000.0000000, -117999.5000000,
      0.8522414,       0.1238790,       0.1995695,
 -22000.0000000, -117999.5000000,
      0.8237783,       0.1545315,       0.1989207,
 -22000.0000000, -118000.0000000,
      0.8704869,       0.1282579,       0.1982720,
 -22000.0000000, -118000.0000000,
      0.8398344,       0.1392052,       0.1985964,
 -22000.0000000, -118000.0000000,
      0.8704869,       0.1647490,       0.1995695,
 -22000.0000000, -118000.0000000,
      0.8361853,       0.1151211,       0.1995695,
 -22000.0000000, -118000.0000000,
      0.8288870,       0.1173106,       0.1992451,
 -22000.0000000, -118000.0000000,
      0.8310765,       0.1282579,       0.1992451,
 -22000.0000000, -118000.0000000,
      0.8281572,       0.1246088,       0.1985964,
 -22000.0000000, -118000.0000000,
      0.8069924,       0.1311772,       0.1992451,
 -22000.0000000, -118000.0000000,
      0.8405642,       0.1472333,       0.1992451,
 -22000.0000000, -118000.0000000,
      0.8296169,       0.1399351,       0.1989207,
 -22000.0000000, -118000.0000000,
      0.8026135,       0.1326368,       0.1989207,
 -22000.0000000, -118000.0000000,
      0.8573501,       0.1428543,       0.1989207,
 -22000.0000000, -118000.0000000,
      0.8449431,       0.1413947,       0.1992451,
 -22000.0000000, -118000.0000000,
      0.7996942,       0.1282579,       0.1995695,
 -22000.0000000, -118000.0000000,
      0.8164801,       0.0764405,       0.1992451,
 -22000.0000000, -118000.0000000,
      0.8456730,       0.1027141,       0.1989207,
 -22000.0000000, -118000.0000000,
      0.8303467,       0.0997948,       0.1989207,
 -22000.0000000, -118000.0000000,
      0.8172099,       0.0990650,       0.1992451,
 -22000.0000000, -118000.0000000,
      0.8478624,       0.1216895,       0.1992451,
 -22000.0000000, -118000.0000000,
      0.8734062,       0.1413947,       0.1989207,
 -22000.0000000, -118000.0000000,
      0.8062626,       0.1355561,       0.1989207,
 -22000.0000000, -118000.0000000,
      0.8558905,       0.1559911,       0.1989207,
 -22000.0000000, -118000.0000000,
      0.8500519,       0.1465035,       0.1989207,
 -22000.0000000, -118000.0000000,
      0.8288870,       0.1129316,       0.1995695,
 -22000.0000000, -118000.0000000,
      0.8361853,       0.1465035,       0.1989207,
 -22000.0000000, -118000.0000000,
      0.8347256,       0.1173106,       0.1992451,
 -22000.0000000, -118000.0000000,
      0.8347256,       0.1253386,       0.1989207,
 -22000.0000000, -118000.0000000,
      0.8325362,       0.1209597,       0.1992451,
 -22000.0000000, -118000.0000000,
      0.8631887,       0.1282579,       0.1992451,
 -22000.0000000, -118000.0000000,
      0.8712167,       0.1216895,       0.1985964,
 -22000.0000000, -118000.0000000,
      0.8412940,       0.1413947,       0.1985964,
 -22000.0000000, -118000.0000000,
      0.8245081,       0.1348263,       0.1985964,
 -22000.0000000, -118000.0000000,
      0.8296169,       0.1012545,       0.1985964,
 -22000.0000000, -118000.0000000,
      0.8318063,       0.1216895,       0.1992451,
 -22000.0000000, -118000.0000000,
      0.8580799,       0.1238790,       0.1992451,
 -22000.0000000, -118000.0000000,
      0.8631887,       0.0924966,       0.1989207,
 -22000.0000000, -118000.0000000,
      0.8376449,       0.0946861,       0.1989207,
 -22000.0000000, -118000.0000000,
      0.8537010,       0.1399351,       0.1995695,
 -22000.0000000, -118000.0000000,
      0.8398344,       0.1370158,       0.1998938,
 -22000.0000000, -118000.0000000,
      0.8318063,       0.1340965,       0.1989207,
 -22000.0000000, -118000.0000000,
      0.8361853,       0.1340965,       0.1982720,
 -22000.0000000, -118000.0000000,
      0.8252379,       0.1238790,       0.1989207,
 -22000.0000000, -118000.0000000,
      0.8449431,       0.1465035,       0.1985964,
 -22000.0000000, -118000.0000000,
      0.8347256,       0.1085527,       0.1989207,
 -22000.0000000, -118000.0000000,
      0.8515115,       0.1399351,       0.1989207,
 -22000.0000000, -118000.0000000,
      0.8485922,       0.1114720,       0.1989207,
 -22000.0000000, -118000.0000000,
      0.8347256,       0.0924966,       0.1985964,
 -22000.0000000, -118000.0000000,
      0.8405642,       0.1238790,       0.1992451,
 -22000.0000000, -118000.0000000,
      0.8529712,       0.1362859,       0.1995695,
 -22000.0000000, -118000.0000000,
      0.8427537,       0.1282579,       0.1989207,
 -22000.0000000, -118000.0000000,
      0.8763255,       0.1267983,       0.1985964,
 -22000.0000000, -118000.0000000,
      0.7880170,       0.1596402,       0.1985964,
 -22000.0000000, -118000.0000000,
      0.8033433,       0.1304474,       0.1989207,
 -22000.0000000, -118000.0000000,
      0.8588098,       0.1450438,       0.1992451,
 -22000.0000000, -118000.0000000,
      0.8661080,       0.1202299,       0.1992451,
 -22000.0000000, -118000.0000000,
      0.8427537,       0.1195000,       0.1992451,
 -22000.0000000, -118000.0000000,
      0.8223187,       0.1114720,       0.1989207,
 -22000.0000000, -118000.0000000,
      0.8259678,       0.1143913,       0.1992451,
 -22000.0000000, -118000.0000000,
      0.8361853,       0.1187702,       0.1992451,
 -22000.0000000, -118000.0000000,
      0.8617290,       0.1158509,       0.1992451,
 -22000.0000000, -118000.0000000,
      0.8157503,       0.1348263,       0.1985964,
 -22000.0000000, -118000.0000000,
      0.8347256,       0.1523420,       0.1989207,
 -22000.0000000, -118000.0000000,
      0.8682974,       0.1742367,       0.1989207,
 -22000.0000000, -118000.0000000,
      0.8785149,       0.1479631,       0.1992451,
 -22000.0000000, -118000.0000000,
      0.8427537,       0.1319070,       0.1989207,
 -22000.0000000, -118000.0000000,
      0.8186695,       0.1202299,       0.1992451,
 -22000.0000000, -118000.0000000,
      0.8420238,       0.1304474,       0.1989207,
 -22000.0000000, -118000.0000000,
      0.8471326,       0.1282579,       0.1992451,
 -22000.0000000, -118000.0000000,
      0.8588098,       0.1282579,       0.1992451,
 -22000.0000000, -118000.0000000,
      0.8318063,       0.1486929,       0.1992451,
 -22000.0000000, -118000.0000000,
      0.8332660,       0.1319070,       0.1992451,
 -22000.0000000, -118000.0000000,
      0.8325362,       0.1508824,       0.1989207,
 -22000.0000000, -118000.0000000,
      0.8179397,       0.1326368,       0.1989207,
 -22000.0000000, -118000.0000000,
      0.8186695,       0.1377456,       0.1989207,
 -22000.0000000, -118000.0000000,
      0.8318063,       0.1720472,       0.1989207,
 -22000.0000000, -118000.0000000,
      0.8668378,       0.1355561,       0.1989207,
 -22000.0000000, -118000.0000000,
      0.8493221,       0.1413947,       0.1989207,
 -22000.0000000, -118000.0000000,
      0.8704869,       0.1187702,       0.1992451,
 -22000.0000000, -118000.0000000,
      0.8237783,       0.1034440,       0.1995695,
 -22000.0000000, -118000.0000000,
      0.8478624,       0.1173106,       0.1992451,
 -22000.0000000, -118000.0000000,
      0.8493221,       0.1406649,       0.1982720,
 -22000.0000000, -118000.0000000,
